Hour,P_PV_to_Load,P_PV_to_BESS,P_PV_curtailment,P_PV_to_Grid,P_BESS_to_Load,P_BESS_to_Grid,P_Grid_to_Load,P_Grid_to_BESS,SoC,sum_power_flows
0,0.0,0.0,0.0,0.0,0.0,0.0,1020.0,0.0,60000.0,1020.0
1,0.0,0.0,0.0,0.0,0.0,0.0,1008.0,0.0,60000.0,1008.0
2,0.0,0.0,0.0,0.0,0.0,0.0,1086.0,0.0,60000.0,1086.0
3,0.0,0.0,0.0,0.0,0.0,0.0,1128.0,0.0,60000.0,1128.0
4,0.0,0.0,0.0,0.0,0.0,0.0,1032.0,0.0,60000.0,1032.0
5,0.0,0.0,0.0,0.0,0.0,0.0,1014.0,0.0,60000.0,1014.0
6,0.0,0.0,0.0,0.0,1154.63917525773,0.0,1.02365035119649e-14,0.0,58677.3892608732,1154.63917525773
7,0.0,0.0,0.0,0.0,1195.87628865979,0.0,3.8958838446241e-14,0.0,57307.5424239204,1195.87628865979
8,0.0,0.0,0.0,0.0,1264.60481099656,0.0,-4.55020824379265e-14,0.0,55858.9687572576,1264.60481099656
9,0.0,0.0,0.0,0.0,1209.62199312715,0.0,-1.7632789462980802e-14,0.0,54473.3765543629,1209.62199312715
10,60.97143,0.0,0.0,0.0,1135.00310756014,0.0,-5.5509369354282704e-14,0.0,53173.258447192,1195.97453756014
11,0.0,0.0,0.0,0.0,1202.74914089347,0.0,-8.85855848393407e-14,0.0,51795.5389272682,1202.74914089347
12,84.38937,0.0,0.0,0.0,1163.96599209622,0.0,5.2544574899286904e-14,0.0,50462.2445491511,1248.35536209622
13,142.80513,0.0,0.0,0.0,1112.80529656357,0.0,4.88157164407773e-14,0.0,49187.5534877954,1255.61042656357
14,46.51998,0.0,0.0,0.0,1140.21298900345,0.0,57.4696799999903,0.0,47881.4675897387,1244.2026490034405
15,0.0,0.0,0.0,0.0,1292.09621993127,0.0,3.98118804055714e-14,0.0,46401.403191192,1292.09621993127
16,0.0,0.0,0.0,0.0,1367.69759450172,0.0,2.6303754897763802e-14,0.0,44834.7392799644,1367.69759450172
17,0.0,0.0,0.0,0.0,1326.46048109966,0.0,-2.41858003651235e-15,0.0,43315.3114665627,1326.46048109966
18,0.0,0.0,0.0,0.0,1567.01030927835,0.0,9.89626341927845e-14,0.0,41520.3397491763,1567.01030927835
19,0.0,0.0,0.0,0.0,1656.35738831615,0.0,2.8862880775755e-14,0.0,39623.023153167,1656.35738831615
20,0.0,0.0,0.0,0.0,0.0,0.0,1446.0,0.0,39623.023153167,1446.0
21,0.0,0.0,0.0,0.0,0.0,0.0,1464.0,0.0,39623.023153167,1464.0
22,0.0,0.0,0.0,0.0,0.0,0.0,1524.0,0.0,39623.023153167,1524.0
23,0.0,0.0,0.0,0.0,0.0,0.0,1488.0,0.0,39623.023153167,1488.0
24,0.0,0.0,0.0,0.0,0.0,0.0,1536.0,0.0,39623.023153167,1536.0
25,0.0,0.0,0.0,0.0,0.0,0.0,1548.0,0.0,39623.023153167,1548.0
26,0.0,0.0,0.0,0.0,0.0,0.0,1518.0,0.0,39623.023153167,1518.0
27,0.0,0.0,0.0,0.0,0.0,0.0,1584.0,0.0,39623.023153167,1584.0
28,0.0,0.0,0.0,0.0,0.0,0.0,1578.0,0.0,39623.023153167,1578.0
29,0.0,0.0,0.0,0.0,1800.68728522337,0.0,-6.910616561622021e-14,0.0,37560.3802147668,1800.68728522337
30,0.0,0.0,0.0,0.0,1938.14432989691,0.0,-3.9530788722613704e-14,0.0,35340.2836169467,1938.14432989691
31,0.0,0.0,0.0,0.0,2068.72852233677,0.0,-8.090820720536699e-14,0.0,32970.6060426778,2068.72852233677
32,0.0,0.0,0.0,0.0,2027.49140893471,0.0,8.88666765222984e-14,0.0,30648.1645662348,2027.49140893471
33,84.93147,0.0,0.0,0.0,1933.12310893471,0.0,-2.6124661351661302e-14,0.0,28433.8196533658,2018.05457893471
34,233.59947,0.0,0.0,0.0,1740.44503333333,0.0,-1.87362214039884e-14,0.0,26440.1827308763,1974.0445033333297
35,847.1892,0.0,0.0,0.0,1031.18725773196,0.0,3.22998290473676e-14,0.0,25258.9831229359,1878.37645773196
36,615.4941,0.0,0.0,0.0,1302.37196219931,0.0,7.93931533177515e-14,0.0,23767.1481146892,1917.86606219931
37,131.32353,0.0,0.0,0.0,1785.3564443299,0.0,9.7531505439594e-14,0.0,21722.0662769689,1916.6799743299
38,135.83232,0.0,0.0,0.0,1849.0752,0.0,5.71721784581314e-14,0.0,19603.9961738761,1984.90752
39,0.0,0.0,0.0,0.0,1972.50859106529,0.0,-8.17612491646974e-14,0.0,17344.5361612011,1972.50859106529
40,0.0,0.0,0.0,0.0,2048.10996563574,0.0,1.0322784398943599e-13,0.0,14998.4766358451,2048.10996563574
41,0.0,0.0,0.0,0.0,2048.10996563574,0.0,1.0322784398943599e-13,0.0,12652.4171104892,2048.10996563574
42,0.0,0.0,0.0,0.0,1951.89003436426,0.0,-9.612241663183551e-14,0.0,10416.5751467271,1951.89003436426
43,0.0,0.0,0.0,0.0,1896.90721649485,0.0,-6.82531236568898e-14,0.0,8243.71464673303,1896.90721649485
44,0.0,0.0,0.0,0.0,1958.76288659794,0.0,-2.5169621255475602e-14,0.0,6000.0,1958.76288659794
45,0.0,0.0,0.0,0.0,0.0,0.0,1674.0,0.0,6000.0,1674.0
46,0.0,0.0,0.0,0.0,0.0,0.0,1626.0,0.0,6000.0,1626.0
47,0.0,0.0,0.0,0.0,0.0,0.0,1620.0,0.0,6000.0,1620.0
48,0.0,0.0,0.0,0.0,0.0,0.0,1590.0,0.0,12000.0,1590.0
49,0.0,0.0,0.0,0.0,0.0,0.0,1578.0,0.0,12000.0,1578.0
50,0.0,0.0,0.0,0.0,0.0,0.0,1578.0,0.0,12000.0,1578.0
51,0.0,0.0,0.0,0.0,0.0,0.0,1596.0,0.0,12000.0,1596.0
52,0.0,0.0,0.0,0.0,0.0,0.0,1578.0,0.0,12000.0,1578.0
53,0.0,0.0,0.0,0.0,0.0,0.0,1602.0,0.0,12000.0,1602.0
54,0.0,0.0,0.0,0.0,0.0,0.0,1542.0,0.0,12000.0,1542.0
55,0.0,0.0,0.0,0.0,0.0,0.0,1644.0,0.0,12000.0,1644.0
56,0.0,0.0,0.0,0.0,0.0,0.0,1842.0,0.0,12000.0,1842.0
57,12.941019,0.0,0.0,0.0,0.0,0.0,1781.44721157,0.0,12000.0,1794.38823057
58,295.84269,0.0,0.0,0.0,0.0,0.0,1507.0325907,0.0,12000.0,1802.8752807
59,923.7696,0.0,0.0,0.0,0.0,0.0,963.943488,0.0,12000.0,1887.713088
60,766.9233,0.0,0.0,0.0,0.0,0.0,1086.084399,0.0,12000.0,1853.007699
61,172.18149,0.0,0.0,0.0,0.0,0.0,1662.9839547,0.0,12000.0,1835.1654447
62,77.19387,0.0,0.0,0.0,0.0,0.0,1815.1219461,0.0,12000.0,1892.3158161
63,0.0,0.0,0.0,0.0,0.0,0.0,1830.0,0.0,12000.0,1830.0
64,0.0,0.0,0.0,0.0,0.0,0.0,1878.0,0.0,12000.0,1878.0
65,0.0,0.0,0.0,0.0,0.0,0.0,1878.0,0.0,12000.0,1878.0
66,0.0,0.0,0.0,0.0,0.0,0.0,1944.0,0.0,12000.0,1944.0
67,0.0,0.0,0.0,0.0,0.0,0.0,1878.0,0.0,12000.0,1878.0
68,0.0,0.0,0.0,0.0,0.0,0.0,1992.0,0.0,12000.0,1992.0
69,0.0,0.0,0.0,0.0,0.0,0.0,2034.0,0.0,12000.0,2034.0
70,0.0,0.0,0.0,0.0,0.0,0.0,2016.0,0.0,12000.0,2016.0
71,0.0,0.0,0.0,0.0,0.0,0.0,2058.0,0.0,12000.0,2058.0
72,0.0,0.0,0.0,0.0,0.0,0.0,2040.0,0.0,12000.0,2040.0
73,0.0,0.0,0.0,0.0,0.0,0.0,2016.0,0.0,12000.0,2016.0
74,0.0,0.0,0.0,0.0,0.0,0.0,2064.0,0.0,12000.0,2064.0
75,0.0,0.0,0.0,0.0,0.0,0.0,2046.0,0.0,12000.0,2046.0
76,0.0,0.0,0.0,0.0,0.0,0.0,2112.0,0.0,12000.0,2112.0
77,0.0,0.0,0.0,0.0,0.0,0.0,1986.0,0.0,12000.0,1986.0
78,0.0,0.0,0.0,0.0,0.0,0.0,2166.0,0.0,12000.0,2166.0
79,0.0,0.0,0.0,0.0,0.0,0.0,2160.0,0.0,12000.0,2160.0
80,0.0,0.0,0.0,0.0,0.0,0.0,2136.0,0.0,12000.0,2136.0
81,28.100124,0.0,0.0,0.0,0.0,0.0,2270.74287972,0.0,12000.0,2298.84300372
82,176.06043,0.0,0.0,0.0,0.0,0.0,2001.2213829,0.0,12000.0,2177.2818129
83,75.67365,0.0,0.0,0.0,0.0,0.0,1984.5965595,0.0,12000.0,2060.2702095
84,138.52488,0.0,0.0,0.0,0.0,0.0,2025.6308664,0.0,12000.0,2164.1557464
85,115.41816,0.0,0.0,0.0,0.0,0.0,2108.0443848,0.0,12000.0,2223.4625448
86,488.5335,0.0,0.0,0.0,0.0,0.0,1794.122505,0.0,12000.0,2282.656005
87,0.0,0.0,0.0,0.0,76.4879725085919,0.0,2285.226,0.0,11912.3849112158,2361.713972508592
88,0.0,0.0,0.0,0.0,0.0,0.0,2322.0,0.0,11912.3849112158,2322.0
89,0.0,0.0,0.0,0.0,2618.55670103093,0.0,3.73933003690591e-14,0.0,8912.89269926745,2618.55670103093
90,0.0,0.0,0.0,0.0,2542.95532646048,0.0,5.09014258768667e-14,0.0,6000.0,2542.95532646048
91,0.0,0.0,0.0,0.0,0.0,0.0,2394.0,0.0,6000.0,2394.0
92,0.0,0.0,0.0,0.0,0.0,0.0,2358.0,0.0,6000.0,2358.0
93,0.0,0.0,0.0,0.0,0.0,0.0,2274.0,0.0,6000.0,2274.0
94,0.0,0.0,0.0,0.0,0.0,0.0,2322.0,0.0,6000.0,2322.0
95,0.0,0.0,0.0,0.0,0.0,0.0,2436.0,0.0,6000.0,2436.0
96,0.0,0.0,0.0,0.0,0.0,0.0,2508.0,0.0,12000.0,2508.0
97,0.0,0.0,0.0,0.0,0.0,0.0,2400.0,0.0,12000.0,2400.0
98,0.0,0.0,0.0,0.0,0.0,0.0,2406.0,0.0,12000.0,2406.0
99,0.0,0.0,0.0,0.0,0.0,0.0,2364.0,0.0,12000.0,2364.0
100,0.0,0.0,0.0,0.0,0.0,0.0,2412.0,0.0,12000.0,2412.0
101,0.0,0.0,0.0,0.0,0.0,0.0,2268.0,0.0,12000.0,2268.0
102,0.0,0.0,0.0,0.0,0.0,0.0,2442.0,0.0,12000.0,2442.0
103,0.0,0.0,0.0,0.0,0.0,0.0,2586.0,0.0,12000.0,2586.0
104,0.0,0.0,0.0,0.0,391.74572886598,0.0,2184.0059787,0.0,11551.2649153883,2575.75170756598
105,369.49029,0.0,0.0,0.0,2503.54458041237,0.0,9.81251428207706e-14,0.0,8683.51625512216,2873.0348704123703
106,681.252,0.0,0.0,0.0,2342.70969072165,0.0,7.3447198380479e-15,0.0,6000.0,3023.96169072165
107,1075.8228,0.0,0.0,0.0,0.0,0.0,1638.451884,0.0,6000.0,2714.274684
108,1537.1304,0.0,0.0,0.0,0.0,0.0,1190.983512,0.0,6000.0,2728.113912
109,2696.90721649485,1203.71678350515,0.0,0.0,0.0,0.0,2.1283172246353199e-13,0.0,6992.464488,2696.90721649485
110,415.6386,0.0,0.0,0.0,0.0,0.0,2248.830558,0.0,6992.464488,2664.469158
111,0.0,0.0,0.0,0.0,0.0,0.0,2766.0,0.0,6992.464488,2766.0
112,0.0,0.0,0.0,0.0,0.0,0.0,2502.0,0.0,6992.464488,2502.0
113,0.0,0.0,0.0,0.0,866.421498024,0.0,1811.61403222505,0.0,6000.0,2678.03553024905
114,0.0,0.0,0.0,0.0,0.0,0.0,2562.0,0.0,6000.0,2562.0
115,0.0,0.0,0.0,0.0,0.0,0.0,2532.0,0.0,6000.0,2532.0
116,0.0,0.0,0.0,0.0,0.0,0.0,2598.0,0.0,6000.0,2598.0
117,0.0,0.0,0.0,0.0,0.0,0.0,2532.0,0.0,6000.0,2532.0
118,0.0,0.0,0.0,0.0,0.0,0.0,2442.0,0.0,6000.0,2442.0
119,0.0,0.0,0.0,0.0,0.0,0.0,2418.0,0.0,6000.0,2418.0
120,0.0,0.0,0.0,0.0,0.0,0.0,2388.0,0.0,6000.0,2388.0
121,0.0,0.0,0.0,0.0,0.0,0.0,2238.0,0.0,6000.0,2238.0
122,0.0,0.0,0.0,0.0,0.0,0.0,2346.0,0.0,6000.0,2346.0
123,0.0,0.0,0.0,0.0,0.0,0.0,2316.0,0.0,6000.0,2316.0
124,0.0,0.0,0.0,0.0,0.0,0.0,2262.0,0.0,6000.0,2262.0
125,0.0,0.0,0.0,0.0,0.0,0.0,2088.0,0.0,6000.0,2088.0
126,0.0,0.0,0.0,0.0,0.0,0.0,2094.0,0.0,6000.0,2094.0
127,0.0,0.0,0.0,0.0,0.0,0.0,1992.0,0.0,6000.0,1992.0
128,0.0,0.0,0.0,0.0,0.0,0.0,2076.0,0.0,6000.0,2076.0
129,221.96967,0.0,0.0,0.0,0.0,0.0,1746.6894201,0.0,6000.0,1968.6590901
130,1729.1937,0.0,0.0,0.0,0.0,0.0,302.682111,0.0,6000.0,2031.875811
131,1630.5159,0.0,0.0,0.0,0.0,0.0,464.399577,0.0,6000.0,2094.915477
132,1693.3371,0.0,0.0,0.0,0.0,0.0,361.463013,0.0,6000.0,2054.800113
133,1026.7218,0.0,0.0,0.0,0.0,0.0,1020.079854,0.0,6000.0,2046.801654
134,857.6763,0.0,0.0,0.0,0.0,0.0,1196.053989,0.0,6000.0,2053.730289
135,0.0,0.0,0.0,0.0,0.0,0.0,1944.0,0.0,6000.0,1944.0
136,0.0,0.0,0.0,0.0,0.0,0.0,1890.0,0.0,6000.0,1890.0
137,0.0,0.0,0.0,0.0,0.0,0.0,1884.0,0.0,6000.0,1884.0
138,0.0,0.0,0.0,0.0,0.0,0.0,1938.0,0.0,6000.0,1938.0
139,0.0,0.0,0.0,0.0,0.0,0.0,1920.0,0.0,6000.0,1920.0
140,0.0,0.0,0.0,0.0,0.0,0.0,1836.0,0.0,6000.0,1836.0
141,0.0,0.0,0.0,0.0,0.0,0.0,1980.0,0.0,6000.0,1980.0
142,0.0,0.0,0.0,0.0,0.0,0.0,2010.0,0.0,6000.0,2010.0
143,0.0,0.0,0.0,0.0,0.0,0.0,2310.0,0.0,6000.0,2310.0
144,0.0,0.0,0.0,0.0,0.0,0.0,2310.0,0.0,12000.0,2310.0
145,0.0,0.0,0.0,0.0,0.0,0.0,2238.0,0.0,12000.0,2238.0
146,0.0,0.0,0.0,0.0,0.0,0.0,2352.0,0.0,12000.0,2352.0
147,0.0,0.0,0.0,0.0,0.0,0.0,2382.0,0.0,12000.0,2382.0
148,0.0,0.0,0.0,0.0,0.0,0.0,2358.0,0.0,12000.0,2358.0
149,0.0,0.0,0.0,0.0,0.0,0.0,2364.0,0.0,12000.0,2364.0
150,0.0,0.0,0.0,0.0,0.0,0.0,2424.0,0.0,12000.0,2424.0
151,0.0,0.0,0.0,0.0,0.0,0.0,2622.0,0.0,12000.0,2622.0
152,0.0,0.0,0.0,0.0,0.0,0.0,2676.0,0.0,12000.0,2676.0
153,20.071428,0.0,0.0,0.0,0.0,0.0,2674.53071484,0.0,12000.0,2694.6021428400004
154,495.7368,0.0,0.0,0.0,0.0,0.0,2321.135304,0.0,12000.0,2816.872104
155,140.27754,0.0,0.0,0.0,0.0,0.0,2539.9307862,0.0,12000.0,2680.2083262
156,140.13051,0.0,0.0,0.0,0.0,0.0,2390.0734053,0.0,12000.0,2530.2039153
157,116.9142,0.0,0.0,0.0,0.0,0.0,2406.593226,0.0,12000.0,2523.507426
158,107.29758,0.0,0.0,0.0,0.0,0.0,2505.9213474,0.0,12000.0,2613.2189274
159,0.0,0.0,0.0,0.0,0.0,0.0,2676.0,0.0,12000.0,2676.0
160,0.0,0.0,0.0,0.0,0.0,0.0,2574.0,0.0,12000.0,2574.0
161,0.0,0.0,0.0,0.0,0.0,0.0,2676.0,0.0,12000.0,2676.0
162,0.0,0.0,0.0,0.0,0.0,0.0,2532.0,0.0,12000.0,2532.0
163,0.0,0.0,0.0,0.0,0.0,0.0,2598.0,0.0,12000.0,2598.0
164,0.0,0.0,0.0,0.0,0.0,0.0,2544.0,0.0,12000.0,2544.0
165,0.0,0.0,0.0,0.0,0.0,0.0,2562.0,0.0,12000.0,2562.0
166,0.0,0.0,0.0,0.0,0.0,0.0,2502.0,0.0,12000.0,2502.0
167,0.0,0.0,0.0,0.0,2893.47079037801,0.0,9.654405415627211e-14,0.0,8685.60046921191,2893.47079037801
168,0.0,0.0,0.0,0.0,2344.52920962199,0.0,473.225999999999,0.0,6000.0,2817.755209621989
169,0.0,0.0,0.0,0.0,0.0,0.0,2436.0,0.0,6000.0,2436.0
170,0.0,0.0,0.0,0.0,0.0,0.0,2550.0,0.0,6000.0,2550.0
171,0.0,0.0,0.0,0.0,0.0,0.0,2454.0,0.0,6000.0,2454.0
172,0.0,0.0,0.0,0.0,0.0,0.0,2466.0,0.0,6000.0,2466.0
173,0.0,0.0,0.0,0.0,0.0,0.0,2328.0,0.0,6000.0,2328.0
174,0.0,0.0,0.0,0.0,0.0,0.0,2478.0,0.0,6000.0,2478.0
175,0.0,0.0,0.0,0.0,0.0,0.0,2550.0,0.0,6000.0,2550.0
176,0.0,0.0,0.0,0.0,0.0,0.0,2580.0,0.0,6000.0,2580.0
177,20.75541,0.0,0.0,0.0,0.0,0.0,2505.8672523,0.0,6000.0,2526.6226623
178,54.42801,0.0,0.0,0.0,0.0,0.0,2473.2048303,0.0,6000.0,2527.6328403
179,76.37799,0.0,0.0,0.0,0.0,0.0,2463.9133497,0.0,6000.0,2540.2913397
180,55.19553,0.0,0.0,0.0,0.0,0.0,2562.4603359,0.0,6000.0,2617.6558659
181,53.61369,0.0,0.0,0.0,0.0,0.0,2605.9947207,0.0,6000.0,2659.6084107
182,39.07215,0.0,0.0,0.0,0.0,0.0,2524.1000145,0.0,6000.0,2563.1721645
183,0.0,0.0,0.0,0.0,0.0,0.0,2586.0,0.0,6000.0,2586.0
184,0.0,0.0,0.0,0.0,0.0,0.0,2616.0,0.0,6000.0,2616.0
185,0.0,0.0,0.0,0.0,0.0,0.0,2460.0,0.0,6000.0,2460.0
186,0.0,0.0,0.0,0.0,0.0,0.0,2346.0,0.0,6000.0,2346.0
187,0.0,0.0,0.0,0.0,0.0,0.0,2328.0,0.0,6000.0,2328.0
188,0.0,0.0,0.0,0.0,0.0,0.0,2316.0,0.0,6000.0,2316.0
189,0.0,0.0,0.0,0.0,0.0,0.0,2346.0,0.0,6000.0,2346.0
190,0.0,0.0,0.0,0.0,0.0,0.0,2316.0,0.0,6000.0,2316.0
191,0.0,0.0,0.0,0.0,0.0,0.0,2124.0,0.0,6000.0,2124.0
192,0.0,0.0,0.0,0.0,0.0,0.0,2238.0,0.0,12000.0,2238.0
193,0.0,0.0,0.0,0.0,0.0,0.0,2232.0,0.0,12000.0,2232.0
194,0.0,0.0,0.0,0.0,0.0,0.0,2286.0,0.0,12000.0,2286.0
195,0.0,0.0,0.0,0.0,0.0,0.0,2196.0,0.0,12000.0,2196.0
196,0.0,0.0,0.0,0.0,0.0,0.0,2064.0,0.0,12000.0,2064.0
197,0.0,0.0,0.0,0.0,0.0,0.0,1944.0,0.0,12000.0,1944.0
198,0.0,0.0,0.0,0.0,0.0,0.0,2196.0,0.0,12000.0,2196.0
199,0.0,0.0,0.0,0.0,0.0,0.0,2274.0,0.0,12000.0,2274.0
200,0.0,0.0,0.0,0.0,0.0,0.0,2328.0,0.0,12000.0,2328.0
201,36.034323,0.0,0.0,0.0,0.0,0.0,2293.04670669,0.0,12000.0,2329.08102969
202,237.13755,0.0,0.0,0.0,2403.1805,0.0,-1.46707214376818e-13,0.0,9247.21592210767,2640.31805
203,115.54218,0.0,0.0,0.0,0.0,0.0,2233.9240854,0.0,9247.21592210767,2349.4662654
204,115.45365,0.0,0.0,0.0,209.176129896907,0.0,2063.3991981,0.0,9007.60981684203,2388.028977996907
205,92.59107,0.0,0.0,0.0,2625.64337010309,0.0,-1.06294274057989e-13,0.0,6000.0,2718.23444010309
206,129.44646,0.0,0.0,0.0,0.0,0.0,2328.4369338,0.0,6000.0,2457.8833938
207,0.0,0.0,0.0,0.0,0.0,0.0,2496.0,0.0,6000.0,2496.0
208,0.0,0.0,0.0,0.0,0.0,0.0,2454.0,0.0,6000.0,2454.0
209,0.0,0.0,0.0,0.0,0.0,0.0,2364.0,0.0,6000.0,2364.0
210,0.0,0.0,0.0,0.0,0.0,0.0,2250.0,0.0,6000.0,2250.0
211,0.0,0.0,0.0,0.0,0.0,0.0,2304.0,0.0,6000.0,2304.0
212,0.0,0.0,0.0,0.0,0.0,0.0,2274.0,0.0,6000.0,2274.0
213,0.0,0.0,0.0,0.0,0.0,0.0,2274.0,0.0,6000.0,2274.0
214,0.0,0.0,0.0,0.0,0.0,0.0,2220.0,0.0,6000.0,2220.0
215,0.0,0.0,0.0,0.0,0.0,0.0,2178.0,0.0,6000.0,2178.0
216,0.0,0.0,0.0,0.0,0.0,0.0,2268.0,0.0,6000.0,2268.0
217,0.0,0.0,0.0,0.0,0.0,0.0,2208.0,0.0,6000.0,2208.0
218,0.0,0.0,0.0,0.0,0.0,0.0,2136.0,0.0,6000.0,2136.0
219,0.0,0.0,0.0,0.0,0.0,0.0,2166.0,0.0,6000.0,2166.0
220,0.0,0.0,0.0,0.0,0.0,0.0,2118.0,0.0,6000.0,2118.0
221,0.0,0.0,0.0,0.0,0.0,0.0,2052.0,0.0,6000.0,2052.0
222,0.0,0.0,0.0,0.0,0.0,0.0,2022.0,0.0,6000.0,2022.0
223,0.0,0.0,0.0,0.0,0.0,0.0,2052.0,0.0,6000.0,2052.0
224,0.0,0.0,0.0,0.0,0.0,0.0,2244.0,0.0,6000.0,2244.0
225,20.735325,0.0,0.0,0.0,0.0,0.0,2259.88673475,0.0,6000.0,2280.62205975
226,73.22718,0.0,0.0,0.0,0.0,0.0,2220.9696354,0.0,6000.0,2294.1968154
227,116.46414,0.0,0.0,0.0,0.0,0.0,2245.0297842,0.0,6000.0,2361.4939242
228,116.39511,0.0,0.0,0.0,0.0,0.0,2311.0967433,0.0,6000.0,2427.4918533
229,93.86247,0.0,0.0,0.0,0.0,0.0,2344.9534041,0.0,6000.0,2438.8158741
230,41.71128,0.0,0.0,0.0,0.0,0.0,2431.5400584,0.0,6000.0,2473.2513384
231,0.0,0.0,0.0,0.0,0.0,0.0,2412.0,0.0,6000.0,2412.0
232,0.0,0.0,0.0,0.0,0.0,0.0,2478.0,0.0,6000.0,2478.0
233,0.0,0.0,0.0,0.0,0.0,0.0,2448.0,0.0,6000.0,2448.0
234,0.0,0.0,0.0,0.0,0.0,0.0,2514.0,0.0,6000.0,2514.0
235,0.0,0.0,0.0,0.0,0.0,0.0,2448.0,0.0,6000.0,2448.0
236,0.0,0.0,0.0,0.0,0.0,0.0,2466.0,0.0,6000.0,2466.0
237,0.0,0.0,0.0,0.0,0.0,0.0,2472.0,0.0,6000.0,2472.0
238,0.0,0.0,0.0,0.0,0.0,0.0,2394.0,0.0,6000.0,2394.0
239,0.0,0.0,0.0,0.0,0.0,0.0,2454.0,0.0,6000.0,2454.0
240,0.0,0.0,0.0,0.0,0.0,0.0,2472.0,0.0,12000.0,2472.0
241,0.0,0.0,0.0,0.0,0.0,0.0,2496.0,0.0,12000.0,2496.0
242,0.0,0.0,0.0,0.0,0.0,0.0,2496.0,0.0,12000.0,2496.0
243,0.0,0.0,0.0,0.0,0.0,0.0,2442.0,0.0,12000.0,2442.0
244,0.0,0.0,0.0,0.0,0.0,0.0,2508.0,0.0,12000.0,2508.0
245,0.0,0.0,0.0,0.0,0.0,0.0,2442.0,0.0,12000.0,2442.0
246,0.0,0.0,0.0,0.0,0.0,0.0,2568.0,0.0,12000.0,2568.0
247,0.0,0.0,0.0,0.0,0.0,0.0,2664.0,0.0,12000.0,2664.0
248,0.0,0.0,0.0,0.0,0.0,0.0,2670.0,0.0,12000.0,2670.0
249,202.98057,0.0,0.0,0.0,0.0,0.0,2455.1088471,0.0,12000.0,2658.0894171
250,52.845,0.0,0.0,0.0,0.0,0.0,2600.74035,0.0,12000.0,2653.58535
251,74.74584,0.0,0.0,0.0,0.0,0.0,2399.4965352,0.0,12000.0,2474.2423752
252,74.79576,0.0,0.0,0.0,0.0,0.0,2357.4481128,0.0,12000.0,2432.2438728
253,52.6773,0.0,0.0,0.0,0.0,0.0,2378.903019,0.0,12000.0,2431.580319
254,43.3134,0.0,0.0,0.0,0.0,0.0,2417.986002,0.0,12000.0,2461.299402
255,0.0,0.0,0.0,0.0,0.0,0.0,2610.0,0.0,12000.0,2610.0
256,0.0,0.0,0.0,0.0,0.0,0.0,2460.0,0.0,12000.0,2460.0
257,0.0,0.0,0.0,0.0,0.0,0.0,2502.0,0.0,12000.0,2502.0
258,0.0,0.0,0.0,0.0,0.0,0.0,2550.0,0.0,12000.0,2550.0
259,0.0,0.0,0.0,0.0,0.0,0.0,2574.0,0.0,12000.0,2574.0
260,0.0,0.0,0.0,0.0,0.0,0.0,2508.0,0.0,12000.0,2508.0
261,0.0,0.0,0.0,0.0,0.0,0.0,2550.0,0.0,12000.0,2550.0
262,0.0,0.0,0.0,0.0,0.0,0.0,2418.0,0.0,12000.0,2418.0
263,0.0,0.0,0.0,0.0,0.0,0.0,2478.0,0.0,12000.0,2478.0
264,0.0,0.0,0.0,0.0,0.0,0.0,2604.0,0.0,12000.0,2604.0
265,0.0,0.0,0.0,0.0,0.0,0.0,2448.0,0.0,12000.0,2448.0
266,0.0,0.0,0.0,0.0,0.0,0.0,2538.0,0.0,12000.0,2538.0
267,0.0,0.0,0.0,0.0,0.0,0.0,2532.0,0.0,12000.0,2532.0
268,0.0,0.0,0.0,0.0,0.0,0.0,2526.0,0.0,12000.0,2526.0
269,0.0,0.0,0.0,0.0,0.0,0.0,2412.0,0.0,12000.0,2412.0
270,0.0,0.0,0.0,0.0,0.0,0.0,2244.0,0.0,12000.0,2244.0
271,0.0,0.0,0.0,0.0,0.0,0.0,2274.0,0.0,12000.0,2274.0
272,0.0,0.0,0.0,0.0,0.0,0.0,2244.0,0.0,12000.0,2244.0
273,223.7625,0.0,0.0,0.0,0.0,0.0,2026.950375,0.0,12000.0,2250.712875
274,681.0648,0.0,0.0,0.0,0.0,0.0,1601.367144,0.0,12000.0,2282.431944
275,1389.1098,0.0,0.0,0.0,0.0,0.0,926.563494,0.0,12000.0,2315.673294
276,841.5849,0.0,0.0,0.0,0.0,0.0,1487.662647,0.0,12000.0,2329.247547
277,112.97949,0.0,0.0,0.0,0.0,0.0,2152.4098947,0.0,12000.0,2265.3893847000004
278,429.2847,0.0,0.0,0.0,0.0,0.0,1989.593841,0.0,12000.0,2418.878541
279,0.0,0.0,0.0,0.0,0.0,0.0,2616.0,0.0,12000.0,2616.0
280,0.0,0.0,0.0,0.0,0.0,0.0,2496.0,0.0,12000.0,2496.0
281,0.0,0.0,0.0,0.0,0.0,0.0,2508.0,0.0,12000.0,2508.0
282,0.0,0.0,0.0,0.0,2934.70790378007,0.0,1.25266389090548e-13,0.0,8638.36437138595,2934.70790378007
283,0.0,0.0,0.0,0.0,2303.29209621993,0.0,485.225999999999,0.0,6000.0,2788.518096219929
284,0.0,0.0,0.0,0.0,0.0,0.0,2556.0,0.0,6000.0,2556.0
285,0.0,0.0,0.0,0.0,0.0,0.0,2544.0,0.0,6000.0,2544.0
286,0.0,0.0,0.0,0.0,0.0,0.0,2460.0,0.0,6000.0,2460.0
287,0.0,0.0,0.0,0.0,0.0,0.0,2496.0,0.0,6000.0,2496.0
288,0.0,0.0,0.0,0.0,0.0,0.0,2442.0,0.0,12000.0,2442.0
289,0.0,0.0,0.0,0.0,0.0,0.0,2400.0,0.0,12000.0,2400.0
290,0.0,0.0,0.0,0.0,0.0,0.0,2508.0,0.0,12000.0,2508.0
291,0.0,0.0,0.0,0.0,0.0,0.0,2466.0,0.0,12000.0,2466.0
292,0.0,0.0,0.0,0.0,0.0,0.0,2508.0,0.0,12000.0,2508.0
293,0.0,0.0,0.0,0.0,0.0,0.0,2472.0,0.0,12000.0,2472.0
294,0.0,0.0,0.0,0.0,0.0,0.0,2568.0,0.0,12000.0,2568.0
295,0.0,0.0,0.0,0.0,0.0,0.0,2562.0,0.0,12000.0,2562.0
296,0.0,0.0,0.0,0.0,0.0,0.0,2676.0,0.0,12000.0,2676.0
297,24.281751,0.0,0.0,0.0,0.0,0.0,2664.44670153,0.0,12000.0,2688.72845253
298,53.03454,0.0,0.0,0.0,0.0,0.0,2582.5564962,0.0,12000.0,2635.5910362
299,1471.9029,0.0,0.0,0.0,0.0,0.0,1200.254187,0.0,12000.0,2672.157087
300,2290.6767,0.0,0.0,0.0,0.0,0.0,430.043601,0.0,12000.0,2720.720301
301,1925.2467,0.0,0.0,0.0,0.0,0.0,640.510701,0.0,12000.0,2565.757401
302,181.51146,0.0,0.0,0.0,0.0,0.0,2247.9338838,0.0,12000.0,2429.4453438
303,0.0,0.0,0.0,0.0,0.0,0.0,2574.0,0.0,12000.0,2574.0
304,0.0,0.0,0.0,0.0,0.0,0.0,2496.0,0.0,12000.0,2496.0
305,0.0,0.0,0.0,0.0,0.0,0.0,2490.0,0.0,12000.0,2490.0
306,0.0,0.0,0.0,0.0,0.0,0.0,2472.0,0.0,12000.0,2472.0
307,0.0,0.0,0.0,0.0,0.0,0.0,2436.0,0.0,12000.0,2436.0
308,0.0,0.0,0.0,0.0,0.0,0.0,2574.0,0.0,12000.0,2574.0
309,0.0,0.0,0.0,0.0,0.0,0.0,2556.0,0.0,12000.0,2556.0
310,0.0,0.0,0.0,0.0,0.0,0.0,2526.0,0.0,12000.0,2526.0
311,0.0,0.0,0.0,0.0,0.0,0.0,2622.0,0.0,12000.0,2622.0
312,0.0,0.0,0.0,0.0,0.0,0.0,2628.0,0.0,12000.0,2628.0
313,0.0,0.0,0.0,0.0,0.0,0.0,2436.0,0.0,12000.0,2436.0
314,0.0,0.0,0.0,0.0,0.0,0.0,2304.0,0.0,12000.0,2304.0
315,0.0,0.0,0.0,0.0,0.0,0.0,2250.0,0.0,12000.0,2250.0
316,0.0,0.0,0.0,0.0,0.0,0.0,2346.0,0.0,12000.0,2346.0
317,0.0,0.0,0.0,0.0,0.0,0.0,2412.0,0.0,12000.0,2412.0
318,0.0,0.0,0.0,0.0,0.0,0.0,2562.0,0.0,12000.0,2562.0
319,0.0,0.0,0.0,0.0,0.0,0.0,2628.0,0.0,12000.0,2628.0
320,0.0,0.0,0.0,0.0,0.0,0.0,2550.0,0.0,12000.0,2550.0
321,64.20999,0.0,0.0,0.0,0.0,0.0,2445.7163097,0.0,12000.0,2509.9262997
322,95.5383,0.0,0.0,0.0,2876.66420274914,0.0,-5.0369194676937305e-14,0.0,8704.85200143283,2972.20250274914
323,1188.291,0.0,0.0,0.0,1717.47735395189,0.0,8.33137600756684e-14,0.0,6737.52399003318,2905.7683539518903
324,628.4811,0.0,0.0,0.0,0.0,0.0,1970.373333,0.0,6737.52399003318,2598.854433
325,1194.6051,0.0,0.0,0.0,0.0,0.0,1409.233053,0.0,6737.52399003318,2603.838153
326,1468.3656,0.0,0.0,0.0,0.0,0.0,1125.685368,0.0,6737.52399003318,2594.050968
327,0.0,0.0,0.0,0.0,0.0,0.0,2640.0,0.0,6737.52399003318,2640.0
328,0.0,0.0,0.0,0.0,643.85844329897,0.0,2011.911579,0.0,6000.0,2655.77002229897
329,0.0,0.0,0.0,0.0,0.0,0.0,2580.0,0.0,6000.0,2580.0
330,0.0,0.0,0.0,0.0,0.0,0.0,2532.0,0.0,6000.0,2532.0
331,0.0,0.0,0.0,0.0,0.0,0.0,2586.0,0.0,6000.0,2586.0
332,0.0,0.0,0.0,0.0,0.0,0.0,2634.0,0.0,6000.0,2634.0
333,0.0,0.0,0.0,0.0,0.0,0.0,2598.0,0.0,6000.0,2598.0
334,0.0,0.0,0.0,0.0,0.0,0.0,2448.0,0.0,6000.0,2448.0
335,0.0,0.0,0.0,0.0,0.0,0.0,2538.0,0.0,6000.0,2538.0
336,0.0,0.0,0.0,0.0,0.0,0.0,2616.0,0.0,12000.0,2616.0
337,0.0,0.0,0.0,0.0,0.0,0.0,2580.0,0.0,12000.0,2580.0
338,0.0,0.0,0.0,0.0,0.0,0.0,2664.0,0.0,12000.0,2664.0
339,0.0,0.0,0.0,0.0,0.0,0.0,2616.0,0.0,12000.0,2616.0
340,0.0,0.0,0.0,0.0,0.0,0.0,2568.0,0.0,12000.0,2568.0
341,0.0,0.0,0.0,0.0,0.0,0.0,2436.0,0.0,12000.0,2436.0
342,0.0,0.0,0.0,0.0,0.0,0.0,2346.0,0.0,12000.0,2346.0
343,0.0,0.0,0.0,0.0,0.0,0.0,2376.0,0.0,12000.0,2376.0
344,0.0,0.0,0.0,0.0,0.0,0.0,2400.0,0.0,12000.0,2400.0
345,67.50237,0.0,0.0,0.0,0.0,0.0,2280.5227011,0.0,12000.0,2348.0250711000003
346,56.37606,0.0,0.0,0.0,0.0,0.0,2357.3152218,0.0,12000.0,2413.6912818
347,2418.55670103093,553.410998969072,0.0,0.0,0.0,0.0,1.00823084131221e-13,0.0,12456.28736865,2418.55670103093
348,2331.9587628866,95.0190371134022,0.0,0.0,0.0,0.0,7.57782839913883e-14,0.0,12534.63056475,2331.9587628866
349,1575.9159,0.0,0.0,0.0,0.0,0.0,709.361577,0.0,12534.63056475,2285.277477
350,1378.8372,0.0,0.0,0.0,0.0,0.0,840.527916,0.0,12534.63056475,2219.365116
351,0.0,0.0,0.0,0.0,0.0,0.0,2250.0,0.0,12534.63056475,2250.0
352,0.0,0.0,0.0,0.0,0.0,0.0,2226.0,0.0,12534.63056475,2226.0
353,0.0,0.0,0.0,0.0,0.0,0.0,2172.0,0.0,12534.63056475,2172.0
354,0.0,0.0,0.0,0.0,0.0,0.0,2274.0,0.0,12534.63056475,2274.0
355,0.0,0.0,0.0,0.0,0.0,0.0,2286.0,0.0,12534.63056475,2286.0
356,0.0,0.0,0.0,0.0,0.0,0.0,2238.0,0.0,12534.63056475,2238.0
357,0.0,0.0,0.0,0.0,0.0,0.0,2154.0,0.0,12534.63056475,2154.0
358,0.0,0.0,0.0,0.0,0.0,0.0,2268.0,0.0,12534.63056475,2268.0
359,0.0,0.0,0.0,0.0,0.0,0.0,2232.0,0.0,12534.63056475,2232.0
360,0.0,0.0,0.0,0.0,0.0,0.0,2202.0,0.0,12534.63056475,2202.0
361,0.0,0.0,0.0,0.0,0.0,0.0,2202.0,0.0,12534.63056475,2202.0
362,0.0,0.0,0.0,0.0,0.0,0.0,2262.0,0.0,12534.63056475,2262.0
363,0.0,0.0,0.0,0.0,0.0,0.0,2244.0,0.0,12534.63056475,2244.0
364,0.0,0.0,0.0,0.0,0.0,0.0,2190.0,0.0,12534.63056475,2190.0
365,0.0,0.0,0.0,0.0,0.0,0.0,2160.0,0.0,12534.63056475,2160.0
366,0.0,0.0,0.0,0.0,0.0,0.0,2358.0,0.0,12534.63056475,2358.0
367,0.0,0.0,0.0,0.0,0.0,0.0,2364.0,0.0,12534.63056475,2364.0
368,0.0,0.0,0.0,0.0,0.0,0.0,2250.0,0.0,12534.63056475,2250.0
369,303.29325,0.0,0.0,0.0,0.0,0.0,2033.8055475,0.0,12534.63056475,2337.0987975000003
370,308.51223,0.0,0.0,0.0,0.0,0.0,1980.7431369,0.0,12534.63056475,2289.2553669
371,2362.88659793814,240.745602061856,0.0,0.0,0.0,0.0,-9.79962960721507e-15,0.0,12733.12531365,2362.88659793814
372,1479.816,0.0,0.0,0.0,0.0,0.0,862.57848,0.0,12733.12531365,2342.39448
373,160.45965,0.0,0.0,0.0,0.0,0.0,2100.3541395,0.0,12733.12531365,2260.8137895
374,970.7529,0.0,0.0,0.0,0.0,0.0,1140.369687,0.0,12733.12531365,2111.122587
375,0.0,0.0,0.0,0.0,0.0,0.0,2148.0,0.0,12733.12531365,2148.0
376,0.0,0.0,0.0,0.0,0.0,0.0,2250.0,0.0,12733.12531365,2250.0
377,0.0,0.0,0.0,0.0,613.413587819888,0.0,1894.48993783324,0.0,12030.4751557807,2507.903525653128
378,0.0,0.0,0.0,0.0,2632.30240549828,0.0,1.79298891121779e-13,0.0,9015.23757789036,2632.30240549828
379,0.0,0.0,0.0,0.0,2632.30240549828,0.0,1.79298891121779e-13,0.0,6000.0,2632.30240549828
380,0.0,0.0,0.0,0.0,0.0,0.0,2262.0,0.0,6000.0,2262.0
381,0.0,0.0,0.0,0.0,0.0,0.0,2388.0,0.0,6000.0,2388.0
382,0.0,0.0,0.0,0.0,0.0,0.0,2388.0,0.0,6000.0,2388.0
383,0.0,0.0,0.0,0.0,0.0,0.0,2334.0,0.0,6000.0,2334.0
384,0.0,0.0,0.0,0.0,0.0,0.0,2436.0,0.0,12000.0,2436.0
385,0.0,0.0,0.0,0.0,0.0,0.0,2436.0,0.0,12000.0,2436.0
386,0.0,0.0,0.0,0.0,0.0,0.0,2310.0,0.0,12000.0,2310.0
387,0.0,0.0,0.0,0.0,0.0,0.0,2352.0,0.0,12000.0,2352.0
388,0.0,0.0,0.0,0.0,0.0,0.0,2304.0,0.0,12000.0,2304.0
389,0.0,0.0,0.0,0.0,0.0,0.0,2292.0,0.0,12000.0,2292.0
390,0.0,0.0,0.0,0.0,0.0,0.0,2280.0,0.0,12000.0,2280.0
391,0.0,0.0,0.0,0.0,0.0,0.0,2340.0,0.0,12000.0,2340.0
392,0.0,0.0,0.0,0.0,0.0,0.0,2358.0,0.0,12000.0,2358.0
393,324.98466,0.0,0.0,0.0,0.0,0.0,2078.7648798,0.0,12000.0,2403.7495398
394,894.5118,0.0,0.0,0.0,0.0,0.0,1526.323554,0.0,12000.0,2420.835354
395,78.36504,0.0,0.0,0.0,0.0,0.0,2245.9859112,0.0,12000.0,2324.3509512
396,396.7158,0.0,0.0,0.0,0.0,0.0,1913.185674,0.0,12000.0,2309.901474
397,785.5029,0.0,0.0,0.0,0.0,0.0,1602.062187,0.0,12000.0,2387.565087
398,415.6815,0.0,0.0,0.0,0.0,0.0,1954.788945,0.0,12000.0,2370.470445
399,0.0,0.0,0.0,0.0,0.0,0.0,2310.0,0.0,12000.0,2310.0
400,0.0,0.0,0.0,0.0,0.0,0.0,2400.0,0.0,12000.0,2400.0
401,0.0,0.0,0.0,0.0,0.0,0.0,2448.0,0.0,12000.0,2448.0
402,0.0,0.0,0.0,0.0,0.0,0.0,2490.0,0.0,12000.0,2490.0
403,0.0,0.0,0.0,0.0,0.0,0.0,2496.0,0.0,12000.0,2496.0
404,0.0,0.0,0.0,0.0,0.0,0.0,2544.0,0.0,12000.0,2544.0
405,0.0,0.0,0.0,0.0,0.0,0.0,2622.0,0.0,12000.0,2622.0
406,0.0,0.0,0.0,0.0,0.0,0.0,2496.0,0.0,12000.0,2496.0
407,0.0,0.0,0.0,0.0,0.0,0.0,2562.0,0.0,12000.0,2562.0
408,0.0,0.0,0.0,0.0,0.0,0.0,2442.0,0.0,12000.0,2442.0
409,0.0,0.0,0.0,0.0,0.0,0.0,2538.0,0.0,12000.0,2538.0
410,0.0,0.0,0.0,0.0,0.0,0.0,2520.0,0.0,12000.0,2520.0
411,0.0,0.0,0.0,0.0,0.0,0.0,2466.0,0.0,12000.0,2466.0
412,0.0,0.0,0.0,0.0,0.0,0.0,2412.0,0.0,12000.0,2412.0
413,0.0,0.0,0.0,0.0,0.0,0.0,2340.0,0.0,12000.0,2340.0
414,0.0,0.0,0.0,0.0,0.0,0.0,2448.0,0.0,12000.0,2448.0
415,0.0,0.0,0.0,0.0,0.0,0.0,2496.0,0.0,12000.0,2496.0
416,0.0,0.0,0.0,0.0,0.0,0.0,2544.0,0.0,12000.0,2544.0
417,85.90218,0.0,0.0,0.0,0.0,0.0,2520.6748854,0.0,12000.0,2606.5770654000003
418,240.01965,0.0,0.0,0.0,0.0,0.0,2413.1809395,0.0,12000.0,2653.2005895
419,137.52765,0.0,0.0,0.0,0.0,0.0,2548.5981795,0.0,12000.0,2686.1258295
420,158.56269,0.0,0.0,0.0,2882.23847731959,0.0,1.93665257576396e-15,0.0,8698.46680719406,3040.80116731959
421,115.02114,0.0,0.0,0.0,2355.76152268041,0.0,519.8496849,0.0,6000.0,2990.63234758041
422,390.9906,0.0,0.0,0.0,0.0,0.0,2272.739118,0.0,6000.0,2663.729718
423,0.0,0.0,0.0,0.0,0.0,0.0,2676.0,0.0,6000.0,2676.0
424,0.0,0.0,0.0,0.0,0.0,0.0,2664.0,0.0,6000.0,2664.0
425,0.0,0.0,0.0,0.0,0.0,0.0,2670.0,0.0,6000.0,2670.0
426,0.0,0.0,0.0,0.0,0.0,0.0,2628.0,0.0,6000.0,2628.0
427,0.0,0.0,0.0,0.0,0.0,0.0,2658.0,0.0,6000.0,2658.0
428,0.0,0.0,0.0,0.0,0.0,0.0,2622.0,0.0,6000.0,2622.0
429,0.0,0.0,0.0,0.0,0.0,0.0,2622.0,0.0,6000.0,2622.0
430,0.0,0.0,0.0,0.0,0.0,0.0,2658.0,0.0,6000.0,2658.0
431,0.0,0.0,0.0,0.0,0.0,0.0,2676.0,0.0,6000.0,2676.0
432,0.0,0.0,0.0,0.0,0.0,0.0,2610.0,0.0,12000.0,2610.0
433,0.0,0.0,0.0,0.0,0.0,0.0,2574.0,0.0,12000.0,2574.0
434,0.0,0.0,0.0,0.0,0.0,0.0,2730.0,0.0,12000.0,2730.0
435,0.0,0.0,0.0,0.0,2213.94501718213,0.0,737.226,0.0,9463.98050723696,2951.17101718213
436,0.0,0.0,0.0,0.0,3024.05498281787,0.0,-1.43330582988423e-13,0.0,6000.0,3024.05498281787
437,0.0,0.0,0.0,0.0,0.0,0.0,2646.0,0.0,6000.0,2646.0
438,0.0,0.0,0.0,0.0,0.0,0.0,2562.0,0.0,6000.0,2562.0
439,0.0,0.0,0.0,0.0,0.0,0.0,2562.0,0.0,6000.0,2562.0
440,0.0,0.0,0.0,0.0,0.0,0.0,2370.0,0.0,6000.0,2370.0
441,141.297,0.0,0.0,0.0,0.0,0.0,2238.94191,0.0,6000.0,2380.23891
442,275.84505,0.0,0.0,0.0,0.0,0.0,2186.4303015,0.0,6000.0,2462.2753515
443,1547.2236,0.0,0.0,0.0,0.0,0.0,911.193108,0.0,6000.0,2458.416708
444,1825.9254,0.0,0.0,0.0,0.0,0.0,556.852362,0.0,6000.0,2382.777762
445,1802.2563,0.0,0.0,0.0,0.0,0.0,615.811389,0.0,6000.0,2418.067689
446,344.42187,0.0,0.0,0.0,0.0,0.0,2107.9107861,0.0,6000.0,2452.3326561000003
447,0.0,0.0,0.0,0.0,0.0,0.0,2562.0,0.0,6000.0,2562.0
448,0.0,0.0,0.0,0.0,0.0,0.0,2460.0,0.0,6000.0,2460.0
449,0.0,0.0,0.0,0.0,0.0,0.0,2550.0,0.0,6000.0,2550.0
450,0.0,0.0,0.0,0.0,0.0,0.0,2586.0,0.0,6000.0,2586.0
451,0.0,0.0,0.0,0.0,0.0,0.0,2664.0,0.0,6000.0,2664.0
452,0.0,0.0,0.0,0.0,0.0,0.0,2652.0,0.0,6000.0,2652.0
453,0.0,0.0,0.0,0.0,0.0,0.0,2634.0,0.0,6000.0,2634.0
454,0.0,0.0,0.0,0.0,0.0,0.0,2520.0,0.0,6000.0,2520.0
455,0.0,0.0,0.0,0.0,0.0,0.0,2730.0,0.0,6000.0,2730.0
456,0.0,0.0,0.0,0.0,0.0,0.0,2736.0,0.0,6000.0,2736.0
457,0.0,0.0,0.0,0.0,0.0,0.0,2574.0,0.0,6000.0,2574.0
458,0.0,0.0,0.0,0.0,0.0,0.0,2736.0,0.0,6000.0,2736.0
459,0.0,0.0,0.0,0.0,0.0,0.0,2664.0,0.0,6000.0,2664.0
460,0.0,0.0,0.0,0.0,0.0,0.0,2736.0,0.0,6000.0,2736.0
461,0.0,0.0,0.0,0.0,0.0,0.0,2646.0,0.0,6000.0,2646.0
462,0.0,0.0,0.0,0.0,0.0,0.0,2856.0,0.0,6000.0,2856.0
463,0.0,0.0,0.0,0.0,0.0,0.0,2826.0,0.0,6000.0,2826.0
464,0.0,0.0,0.0,0.0,0.0,0.0,2826.0,0.0,6000.0,2826.0
465,182.79807,0.0,0.0,0.0,0.0,0.0,2582.6858721,0.0,6000.0,2765.4839421
466,401.3646,0.0,0.0,0.0,0.0,0.0,2460.676338,0.0,6000.0,2862.040938
467,2554.812,0.0,0.0,0.0,0.0,0.0,275.83236,0.0,6000.0,2830.64436
468,2107.5522,0.0,0.0,0.0,0.0,0.0,613.674366,0.0,6000.0,2721.2265660000003
469,2033.0427,0.0,0.0,0.0,0.0,0.0,745.948581,0.0,6000.0,2778.991281
470,125.73834,0.0,0.0,0.0,0.0,0.0,2626.0338102,0.0,6000.0,2751.7721502
471,66.69351,0.0,0.0,0.0,0.0,0.0,2743.3072953,0.0,6000.0,2810.0008053
472,0.0,0.0,0.0,0.0,0.0,0.0,2694.0,0.0,6000.0,2694.0
473,0.0,0.0,0.0,0.0,0.0,0.0,2640.0,0.0,6000.0,2640.0
474,0.0,0.0,0.0,0.0,0.0,0.0,2724.0,0.0,6000.0,2724.0
475,0.0,0.0,0.0,0.0,0.0,0.0,2700.0,0.0,6000.0,2700.0
476,0.0,0.0,0.0,0.0,0.0,0.0,2802.0,0.0,6000.0,2802.0
477,0.0,0.0,0.0,0.0,0.0,0.0,2796.0,0.0,6000.0,2796.0
478,0.0,0.0,0.0,0.0,0.0,0.0,2724.0,0.0,6000.0,2724.0
479,0.0,0.0,0.0,0.0,0.0,0.0,2844.0,0.0,6000.0,2844.0
480,0.0,0.0,0.0,0.0,0.0,0.0,2814.0,0.0,12000.0,2814.0
481,0.0,0.0,0.0,0.0,0.0,0.0,2622.0,0.0,12000.0,2622.0
482,0.0,0.0,0.0,0.0,0.0,0.0,2502.0,0.0,12000.0,2502.0
483,0.0,0.0,0.0,0.0,0.0,0.0,2484.0,0.0,12000.0,2484.0
484,0.0,0.0,0.0,0.0,0.0,0.0,2472.0,0.0,12000.0,2472.0
485,0.0,0.0,0.0,0.0,0.0,0.0,2382.0,0.0,12000.0,2382.0
486,0.0,0.0,0.0,0.0,0.0,0.0,2574.0,0.0,12000.0,2574.0
487,0.0,0.0,0.0,0.0,0.0,0.0,2634.0,0.0,12000.0,2634.0
488,0.0,0.0,0.0,0.0,0.0,0.0,2646.0,0.0,12000.0,2646.0
489,125.71494,0.0,0.0,0.0,0.0,0.0,2392.0565082,0.0,12000.0,2517.7714482
490,655.2,0.0,0.0,0.0,0.0,0.0,1854.456,0.0,12000.0,2509.656
491,2777.31958762887,206.324712371134,0.0,0.0,0.0,0.0,7.85501331791369e-14,0.0,12170.11472535,2777.31958762887
492,2526.7086,0.0,0.0,0.0,0.0,0.0,219.092658,0.0,12170.11472535,2745.801258
493,2113.2111,0.0,0.0,0.0,0.0,0.0,746.185233,0.0,12170.11472535,2859.396333
494,106.68138,0.0,0.0,0.0,0.0,0.0,2650.5190614,0.0,12170.11472535,2757.2004414
495,41.69724,0.0,0.0,0.0,0.0,0.0,2629.5536772,0.0,12170.11472535,2671.2509172
496,0.0,0.0,0.0,0.0,0.0,0.0,2622.0,0.0,12170.11472535,2622.0
497,0.0,0.0,0.0,0.0,0.0,0.0,2664.0,0.0,12170.11472535,2664.0
498,0.0,0.0,0.0,0.0,0.0,0.0,2598.0,0.0,12170.11472535,2598.0
499,0.0,0.0,0.0,0.0,0.0,0.0,2508.0,0.0,12170.11472535,2508.0
500,0.0,0.0,0.0,0.0,0.0,0.0,2568.0,0.0,12170.11472535,2568.0
501,0.0,0.0,0.0,0.0,0.0,0.0,2580.0,0.0,12170.11472535,2580.0
502,0.0,0.0,0.0,0.0,0.0,0.0,2514.0,0.0,12170.11472535,2514.0
503,0.0,0.0,0.0,0.0,0.0,0.0,2652.0,0.0,12170.11472535,2652.0
504,0.0,0.0,0.0,0.0,0.0,0.0,2640.0,0.0,12170.11472535,2640.0
505,0.0,0.0,0.0,0.0,0.0,0.0,2592.0,0.0,12170.11472535,2592.0
506,0.0,0.0,0.0,0.0,0.0,0.0,2598.0,0.0,12170.11472535,2598.0
507,0.0,0.0,0.0,0.0,0.0,0.0,2532.0,0.0,12170.11472535,2532.0
508,0.0,0.0,0.0,0.0,0.0,0.0,2544.0,0.0,12170.11472535,2544.0
509,0.0,0.0,0.0,0.0,0.0,0.0,2376.0,0.0,12170.11472535,2376.0
510,0.0,0.0,0.0,0.0,0.0,0.0,2562.0,0.0,12170.11472535,2562.0
511,0.0,0.0,0.0,0.0,0.0,0.0,2544.0,0.0,12170.11472535,2544.0
512,0.0,0.0,0.0,0.0,0.0,0.0,2538.0,0.0,12170.11472535,2538.0
513,226.8591,0.0,0.0,0.0,0.0,0.0,2347.946673,0.0,12170.11472535,2574.805773
514,320.49693,0.0,0.0,0.0,0.0,0.0,2215.1179779,0.0,12170.11472535,2535.6149079
515,406.8207,0.0,0.0,0.0,0.0,0.0,2179.383921,0.0,12170.11472535,2586.204621
516,92.92881,0.0,0.0,0.0,0.0,0.0,2411.8590543,0.0,12170.11472535,2504.7878643
517,71.01003,0.0,0.0,0.0,2910.79068831615,0.0,-1.72180863898468e-13,0.0,8835.87567802337,2981.80071831615
518,27.342627,0.0,0.0,0.0,2475.7194669144,0.0,404.174557193729,0.0,6000.0,2907.236651108129
519,38.76756,0.0,0.0,0.0,0.0,0.0,2554.3954668,0.0,6000.0,2593.1630268
520,0.0,0.0,0.0,0.0,0.0,0.0,2538.0,0.0,6000.0,2538.0
521,0.0,0.0,0.0,0.0,0.0,0.0,2418.0,0.0,6000.0,2418.0
522,0.0,0.0,0.0,0.0,0.0,0.0,2322.0,0.0,6000.0,2322.0
523,0.0,0.0,0.0,0.0,0.0,0.0,2358.0,0.0,6000.0,2358.0
524,0.0,0.0,0.0,0.0,0.0,0.0,2226.0,0.0,6000.0,2226.0
525,0.0,0.0,0.0,0.0,0.0,0.0,2214.0,0.0,6000.0,2214.0
526,0.0,0.0,0.0,0.0,0.0,0.0,2274.0,0.0,6000.0,2274.0
527,0.0,0.0,0.0,0.0,0.0,0.0,2256.0,0.0,6000.0,2256.0
528,0.0,0.0,0.0,0.0,0.0,0.0,2280.0,0.0,12000.0,2280.0
529,0.0,0.0,0.0,0.0,0.0,0.0,2238.0,0.0,12000.0,2238.0
530,0.0,0.0,0.0,0.0,0.0,0.0,2232.0,0.0,12000.0,2232.0
531,0.0,0.0,0.0,0.0,0.0,0.0,2178.0,0.0,12000.0,2178.0
532,0.0,0.0,0.0,0.0,0.0,0.0,2100.0,0.0,12000.0,2100.0
533,0.0,0.0,0.0,0.0,0.0,0.0,2154.0,0.0,12000.0,2154.0
534,0.0,0.0,0.0,0.0,0.0,0.0,2298.0,0.0,12000.0,2298.0
535,0.0,0.0,0.0,0.0,0.0,0.0,2382.0,0.0,12000.0,2382.0
536,0.0,0.0,0.0,0.0,0.0,0.0,2280.0,0.0,12000.0,2280.0
537,107.78586,0.0,0.0,0.0,0.0,0.0,2175.4477158,0.0,12000.0,2283.2335758
538,51.42579,0.0,0.0,0.0,0.0,0.0,2236.1169837,0.0,12000.0,2287.5427737
539,72.53805,0.0,0.0,0.0,0.0,0.0,2245.6380915,0.0,12000.0,2318.1761415
540,93.18699,0.0,0.0,0.0,0.0,0.0,2297.6086197,0.0,12000.0,2390.7956097
541,71.4597,0.0,0.0,0.0,0.0,0.0,2300.684091,0.0,12000.0,2372.143791
542,28.056951,0.0,0.0,0.0,0.0,0.0,2360.78475753,0.0,12000.0,2388.84170853
543,91.84695,0.0,0.0,0.0,0.0,0.0,2184.9084585,0.0,12000.0,2276.7554085
544,0.0,0.0,0.0,0.0,0.0,0.0,2340.0,0.0,12000.0,2340.0
545,0.0,0.0,0.0,0.0,0.0,0.0,2322.0,0.0,12000.0,2322.0
546,0.0,0.0,0.0,0.0,0.0,0.0,2256.0,0.0,12000.0,2256.0
547,0.0,0.0,0.0,0.0,0.0,0.0,2256.0,0.0,12000.0,2256.0
548,0.0,0.0,0.0,0.0,0.0,0.0,2220.0,0.0,12000.0,2220.0
549,0.0,0.0,0.0,0.0,0.0,0.0,2202.0,0.0,12000.0,2202.0
550,0.0,0.0,0.0,0.0,0.0,0.0,2250.0,0.0,12000.0,2250.0
551,0.0,0.0,0.0,0.0,0.0,0.0,2226.0,0.0,12000.0,2226.0
552,0.0,0.0,0.0,0.0,0.0,0.0,2184.0,0.0,12000.0,2184.0
553,0.0,0.0,0.0,0.0,0.0,0.0,2154.0,0.0,12000.0,2154.0
554,0.0,0.0,0.0,0.0,0.0,0.0,2082.0,0.0,12000.0,2082.0
555,0.0,0.0,0.0,0.0,0.0,0.0,2100.0,0.0,12000.0,2100.0
556,0.0,0.0,0.0,0.0,0.0,0.0,2040.0,0.0,12000.0,2040.0
557,0.0,0.0,0.0,0.0,0.0,0.0,2076.0,0.0,12000.0,2076.0
558,0.0,0.0,0.0,0.0,0.0,0.0,2004.0,0.0,12000.0,2004.0
559,0.0,0.0,0.0,0.0,0.0,0.0,1992.0,0.0,12000.0,1992.0
560,0.0,0.0,0.0,0.0,0.0,0.0,2100.0,0.0,12000.0,2100.0
561,150.13323,0.0,0.0,0.0,0.0,0.0,2032.3707669,0.0,12000.0,2182.5039969
562,1493.7663,0.0,0.0,0.0,0.0,0.0,873.046689,0.0,12000.0,2366.812989
563,2270.10309278351,404.817207216494,0.0,0.0,0.0,0.0,-1.9417081917127499e-13,0.0,12333.77178735,2270.10309278351
564,2288.65979381443,2721.74820618557,0.0,0.0,0.0,0.0,-1.57296581258463e-13,0.0,14577.85318335,2288.65979381443
565,2362.88659793814,31.5028020618556,0.0,0.0,0.0,0.0,-9.79962960721507e-15,0.0,14603.82724365,2362.88659793814
566,2418.55670103093,375.278498969072,0.0,0.0,0.0,0.0,1.00823084131221e-13,0.0,14913.24436605,2418.55670103093
567,107.84358,0.0,0.0,0.0,0.0,0.0,2241.3917274,0.0,14913.24436605,2349.2353074
568,0.0,0.0,0.0,0.0,2707.90378006873,0.0,1.65790765613971e-13,0.0,11811.4072754787,2707.90378006873
569,0.0,0.0,0.0,0.0,2707.90378006873,0.0,1.65790765613971e-13,0.0,8709.57018490744,2707.90378006873
570,0.0,0.0,0.0,0.0,0.0,0.0,2358.0,0.0,8709.57018490744,2358.0
571,0.0,0.0,0.0,0.0,2365.45477142419,0.0,214.957984546679,0.0,6000.0,2580.412755970869
572,0.0,0.0,0.0,0.0,0.0,0.0,2358.0,0.0,6000.0,2358.0
573,0.0,0.0,0.0,0.0,0.0,0.0,2466.0,0.0,6000.0,2466.0
574,0.0,0.0,0.0,0.0,0.0,0.0,2472.0,0.0,6000.0,2472.0
575,0.0,0.0,0.0,0.0,0.0,0.0,2436.0,0.0,6000.0,2436.0
576,0.0,0.0,0.0,0.0,0.0,0.0,2556.0,0.0,12000.0,2556.0
577,0.0,0.0,0.0,0.0,0.0,0.0,2502.0,0.0,12000.0,2502.0
578,0.0,0.0,0.0,0.0,0.0,0.0,2526.0,0.0,12000.0,2526.0
579,0.0,0.0,0.0,0.0,0.0,0.0,2472.0,0.0,12000.0,2472.0
580,0.0,0.0,0.0,0.0,0.0,0.0,2370.0,0.0,12000.0,2370.0
581,0.0,0.0,0.0,0.0,0.0,0.0,2280.0,0.0,12000.0,2280.0
582,0.0,0.0,0.0,0.0,0.0,0.0,2436.0,0.0,12000.0,2436.0
583,0.0,0.0,0.0,0.0,0.0,0.0,2328.0,0.0,12000.0,2328.0
584,0.0,0.0,0.0,0.0,0.0,0.0,2184.0,0.0,12000.0,2184.0
585,210.1164,0.0,0.0,0.0,0.0,0.0,2082.187092,0.0,12000.0,2292.303492
586,468.8736,0.0,0.0,0.0,0.0,0.0,1927.192608,0.0,12000.0,2396.066208
587,93.65655,0.0,0.0,0.0,1100.31827147766,0.0,1354.5752955,0.0,10739.6125183532,2548.55011697766
588,93.15033,0.0,0.0,0.0,0.0,0.0,2279.6441799,0.0,10739.6125183532,2372.7945099
589,216.94218,0.0,0.0,0.0,0.0,0.0,2249.5660854,0.0,10739.6125183532,2466.5082654
590,211.55043,0.0,0.0,0.0,0.0,0.0,2296.7960829,0.0,10739.6125183532,2508.3465129
591,12.935091,0.0,0.0,0.0,0.0,0.0,2573.45296173,0.0,10739.6125183532,2586.38805273
592,0.0,0.0,0.0,0.0,0.0,0.0,2490.0,0.0,10739.6125183532,2490.0
593,0.0,0.0,0.0,0.0,0.0,0.0,2508.0,0.0,10739.6125183532,2508.0
594,0.0,0.0,0.0,0.0,0.0,0.0,2532.0,0.0,10739.6125183532,2532.0
595,0.0,0.0,0.0,0.0,0.0,0.0,2568.0,0.0,10739.6125183532,2568.0
596,0.0,0.0,0.0,0.0,0.0,0.0,2544.0,0.0,10739.6125183532,2544.0
597,0.0,0.0,0.0,0.0,0.0,0.0,2598.0,0.0,10739.6125183532,2598.0
598,0.0,0.0,0.0,0.0,0.0,0.0,2466.0,0.0,10739.6125183532,2466.0
599,0.0,0.0,0.0,0.0,0.0,0.0,2574.0,0.0,10739.6125183532,2574.0
600,0.0,0.0,0.0,0.0,0.0,0.0,2484.0,0.0,10739.6125183532,2484.0
601,0.0,0.0,0.0,0.0,0.0,0.0,2490.0,0.0,10739.6125183532,2490.0
602,0.0,0.0,0.0,0.0,0.0,0.0,2610.0,0.0,10739.6125183532,2610.0
603,0.0,0.0,0.0,0.0,0.0,0.0,2592.0,0.0,10739.6125183532,2592.0
604,0.0,0.0,0.0,0.0,0.0,0.0,2580.0,0.0,10739.6125183532,2580.0
605,0.0,0.0,0.0,0.0,0.0,0.0,2412.0,0.0,10739.6125183532,2412.0
606,0.0,0.0,0.0,0.0,0.0,0.0,2406.0,0.0,10739.6125183532,2406.0
607,0.0,0.0,0.0,0.0,0.0,0.0,2622.0,0.0,10739.6125183532,2622.0
608,0.0,0.0,0.0,0.0,2962.19931271478,0.0,1.20831332721046e-14,0.0,7346.48615785517,2962.19931271478
609,29.7219,0.0,0.0,0.0,0.0,0.0,2569.169757,0.0,7346.48615785517,2598.891657
610,781.8096,0.0,0.0,0.0,0.0,0.0,1767.644688,0.0,7346.48615785517,2549.454288
611,1787.565,0.0,0.0,0.0,707.974742268041,0.0,-1.5845551674899402e-15,0.0,6535.5185263912,2495.539742268041
612,2090.5833,0.0,0.0,0.0,467.507673539519,0.0,-1.33235508429772e-14,0.0,6000.0,2558.090973539519
613,300.5184,0.0,0.0,0.0,0.0,0.0,2282.497152,0.0,6000.0,2583.015552
614,2004.0033,0.0,0.0,0.0,0.0,0.0,666.116799,0.0,6000.0,2670.120099
615,53.82585,0.0,0.0,0.0,0.0,0.0,2509.7889255,0.0,6000.0,2563.6147755
616,0.0,0.0,0.0,0.0,0.0,0.0,2484.0,0.0,6000.0,2484.0
617,0.0,0.0,0.0,0.0,0.0,0.0,2538.0,0.0,6000.0,2538.0
618,0.0,0.0,0.0,0.0,0.0,0.0,2592.0,0.0,6000.0,2592.0
619,0.0,0.0,0.0,0.0,0.0,0.0,2628.0,0.0,6000.0,2628.0
620,0.0,0.0,0.0,0.0,0.0,0.0,2574.0,0.0,6000.0,2574.0
621,0.0,0.0,0.0,0.0,0.0,0.0,2556.0,0.0,6000.0,2556.0
622,0.0,0.0,0.0,0.0,0.0,0.0,2478.0,0.0,6000.0,2478.0
623,0.0,0.0,0.0,0.0,0.0,0.0,2574.0,0.0,6000.0,2574.0
624,0.0,0.0,0.0,0.0,0.0,0.0,2532.0,0.0,12000.0,2532.0
625,0.0,0.0,0.0,0.0,0.0,0.0,2430.0,0.0,12000.0,2430.0
626,0.0,0.0,0.0,0.0,0.0,0.0,2622.0,0.0,12000.0,2622.0
627,0.0,0.0,0.0,0.0,0.0,0.0,2328.0,0.0,12000.0,2328.0
628,0.0,0.0,0.0,0.0,0.0,0.0,2106.0,0.0,12000.0,2106.0
629,0.0,0.0,0.0,0.0,0.0,0.0,2112.0,0.0,12000.0,2112.0
630,0.0,0.0,0.0,0.0,0.0,0.0,2220.0,0.0,12000.0,2220.0
631,0.0,0.0,0.0,0.0,0.0,0.0,2274.0,0.0,12000.0,2274.0
632,0.0,0.0,0.0,0.0,0.0,0.0,2328.0,0.0,12000.0,2328.0
633,92.2896,0.0,0.0,0.0,2564.12266666667,0.0,6.95836680127589e-14,0.0,9062.86063382971,2656.41226666667
634,53.88474,0.0,0.0,0.0,0.0,0.0,2383.7318022,0.0,9062.86063382971,2437.6165422
635,819.9165,0.0,0.0,0.0,0.0,0.0,1550.680995,0.0,9062.86063382971,2370.597495
636,1015.5873,0.0,0.0,0.0,0.0,0.0,1222.880319,0.0,9062.86063382971,2238.467619
637,793.416,0.0,0.0,0.0,0.0,0.0,1408.38648,0.0,9062.86063382971,2201.80248
638,50.90124,0.0,0.0,0.0,0.0,0.0,2092.6257972,0.0,9062.86063382971,2143.5270372
639,133.51065,0.0,0.0,0.0,0.0,0.0,2108.4946695,0.0,9062.86063382971,2242.0053195
640,0.0,0.0,0.0,0.0,0.0,0.0,2172.0,0.0,9062.86063382971,2172.0
641,0.0,0.0,0.0,0.0,41.5749278350524,0.0,2231.705088,0.0,9015.23757789036,2273.2800158350524
642,0.0,0.0,0.0,0.0,2632.30240549828,0.0,1.79298891121779e-13,0.0,6000.0,2632.30240549828
643,0.0,0.0,0.0,0.0,0.0,0.0,2346.0,0.0,6000.0,2346.0
644,0.0,0.0,0.0,0.0,0.0,0.0,2526.0,0.0,6000.0,2526.0
645,0.0,0.0,0.0,0.0,0.0,0.0,2622.0,0.0,6000.0,2622.0
646,0.0,0.0,0.0,0.0,0.0,0.0,2532.0,0.0,6000.0,2532.0
647,0.0,0.0,0.0,0.0,0.0,0.0,2574.0,0.0,6000.0,2574.0
648,0.0,0.0,0.0,0.0,0.0,0.0,2508.0,0.0,6000.0,2508.0
649,0.0,0.0,0.0,0.0,0.0,0.0,2412.0,0.0,6000.0,2412.0
650,0.0,0.0,0.0,0.0,0.0,0.0,2532.0,0.0,6000.0,2532.0
651,0.0,0.0,0.0,0.0,0.0,0.0,2436.0,0.0,6000.0,2436.0
652,0.0,0.0,0.0,0.0,0.0,0.0,2388.0,0.0,6000.0,2388.0
653,0.0,0.0,0.0,0.0,0.0,0.0,2316.0,0.0,6000.0,2316.0
654,0.0,0.0,0.0,0.0,0.0,0.0,2556.0,0.0,6000.0,2556.0
655,0.0,0.0,0.0,0.0,0.0,0.0,2724.0,0.0,6000.0,2724.0
656,0.0,0.0,0.0,0.0,0.0,0.0,2760.0,0.0,6000.0,2760.0
657,133.02081,0.0,0.0,0.0,0.0,0.0,2516.9698143,0.0,6000.0,2649.9906243
658,74.55123,0.0,0.0,0.0,0.0,0.0,2537.6853069,0.0,6000.0,2612.2365369
659,95.08356,0.0,0.0,0.0,0.0,0.0,2511.7689468,0.0,6000.0,2606.8525068
660,115.13424,0.0,0.0,0.0,0.0,0.0,2354.3197872,0.0,6000.0,2469.4540272
661,93.51186,0.0,0.0,0.0,0.0,0.0,2471.2934958,0.0,6000.0,2564.8053558
662,50.86302,0.0,0.0,0.0,0.0,0.0,2494.6628706,0.0,6000.0,2545.5258906
663,81.03147,0.0,0.0,0.0,0.0,0.0,2567.3994741,0.0,6000.0,2648.4309441
664,0.0,0.0,0.0,0.0,0.0,0.0,2568.0,0.0,6000.0,2568.0
665,0.0,0.0,0.0,0.0,0.0,0.0,2574.0,0.0,6000.0,2574.0
666,0.0,0.0,0.0,0.0,0.0,0.0,2562.0,0.0,6000.0,2562.0
667,0.0,0.0,0.0,0.0,0.0,0.0,2580.0,0.0,6000.0,2580.0
668,0.0,0.0,0.0,0.0,0.0,0.0,2412.0,0.0,6000.0,2412.0
669,0.0,0.0,0.0,0.0,0.0,0.0,2286.0,0.0,6000.0,2286.0
670,0.0,0.0,0.0,0.0,0.0,0.0,2268.0,0.0,6000.0,2268.0
671,0.0,0.0,0.0,0.0,0.0,0.0,2490.0,0.0,6000.0,2490.0
672,0.0,0.0,0.0,0.0,0.0,0.0,2442.0,0.0,12000.0,2442.0
673,0.0,0.0,0.0,0.0,0.0,0.0,2286.0,0.0,12000.0,2286.0
674,0.0,0.0,0.0,0.0,0.0,0.0,2436.0,0.0,12000.0,2436.0
675,0.0,0.0,0.0,0.0,0.0,0.0,2250.0,0.0,12000.0,2250.0
676,0.0,0.0,0.0,0.0,0.0,0.0,2322.0,0.0,12000.0,2322.0
677,0.0,0.0,0.0,0.0,0.0,0.0,2094.0,0.0,12000.0,2094.0
678,0.0,0.0,0.0,0.0,0.0,0.0,2232.0,0.0,12000.0,2232.0
679,0.0,0.0,0.0,0.0,2378.89347079038,0.0,335.225999999999,0.0,9275.03611593313,2714.1194707903787
680,0.0,0.0,0.0,0.0,2859.10652920962,0.0,1.38774514598356e-13,0.0,6000.0,2859.10652920962
681,91.92573,0.0,0.0,0.0,0.0,0.0,2286.8320419,0.0,6000.0,2378.7577719
682,73.98144,0.0,0.0,0.0,0.0,0.0,2232.2380032,0.0,6000.0,2306.2194432
683,94.67094,0.0,0.0,0.0,0.0,0.0,2356.1691882,0.0,6000.0,2450.8401282
684,1252.4655,0.0,0.0,0.0,0.0,0.0,1161.108465,0.0,6000.0,2413.573965
685,93.35898,0.0,0.0,0.0,0.0,0.0,2255.4417894,0.0,6000.0,2348.8007694
686,748.8936,0.0,0.0,0.0,0.0,0.0,1679.573208,0.0,6000.0,2428.466808
687,50.30844,0.0,0.0,0.0,0.0,0.0,2549.2008132,0.0,6000.0,2599.5092532
688,0.0,0.0,0.0,0.0,0.0,0.0,2496.0,0.0,6000.0,2496.0
689,0.0,0.0,0.0,0.0,0.0,0.0,2454.0,0.0,6000.0,2454.0
690,0.0,0.0,0.0,0.0,0.0,0.0,2250.0,0.0,6000.0,2250.0
691,0.0,0.0,0.0,0.0,0.0,0.0,2352.0,0.0,6000.0,2352.0
692,0.0,0.0,0.0,0.0,0.0,0.0,2358.0,0.0,6000.0,2358.0
693,0.0,0.0,0.0,0.0,0.0,0.0,2328.0,0.0,6000.0,2328.0
694,0.0,0.0,0.0,0.0,0.0,0.0,2352.0,0.0,6000.0,2352.0
695,0.0,0.0,0.0,0.0,0.0,0.0,2376.0,0.0,6000.0,2376.0
696,0.0,0.0,0.0,0.0,0.0,0.0,2340.0,0.0,6000.0,2340.0
697,0.0,0.0,0.0,0.0,0.0,0.0,2268.0,0.0,6000.0,2268.0
698,0.0,0.0,0.0,0.0,0.0,0.0,2220.0,0.0,6000.0,2220.0
699,0.0,0.0,0.0,0.0,0.0,0.0,2214.0,0.0,6000.0,2214.0
700,0.0,0.0,0.0,0.0,0.0,0.0,2154.0,0.0,6000.0,2154.0
701,0.0,0.0,0.0,0.0,0.0,0.0,2082.0,0.0,6000.0,2082.0
702,0.0,0.0,0.0,0.0,0.0,0.0,2166.0,0.0,6000.0,2166.0
703,0.0,0.0,0.0,0.0,0.0,0.0,2280.0,0.0,6000.0,2280.0
704,0.0,0.0,0.0,0.0,0.0,0.0,2244.0,0.0,6000.0,2244.0
705,254.27337,0.0,0.0,0.0,0.0,0.0,1973.3548311,0.0,6000.0,2227.6282011
706,407.6046,0.0,0.0,0.0,0.0,0.0,1914.623538,0.0,6000.0,2322.228138
707,366.54423,0.0,0.0,0.0,0.0,0.0,1894.4520969,0.0,6000.0,2260.9963269
708,896.5398,0.0,0.0,0.0,0.0,0.0,1344.356394,0.0,6000.0,2240.896194
709,771.6462,0.0,0.0,0.0,0.0,0.0,1519.503186,0.0,6000.0,2291.149386
710,30.282174,0.0,0.0,0.0,0.0,0.0,2196.62629122,0.0,6000.0,2226.90846522
711,60.69804,0.0,0.0,0.0,0.0,0.0,2293.1229012,0.0,6000.0,2353.8209412
712,0.0,0.0,0.0,0.0,0.0,0.0,2460.0,0.0,6000.0,2460.0
713,0.0,0.0,0.0,0.0,0.0,0.0,2472.0,0.0,6000.0,2472.0
714,0.0,0.0,0.0,0.0,0.0,0.0,2388.0,0.0,6000.0,2388.0
715,0.0,0.0,0.0,0.0,0.0,0.0,2370.0,0.0,6000.0,2370.0
716,0.0,0.0,0.0,0.0,0.0,0.0,2256.0,0.0,6000.0,2256.0
717,0.0,0.0,0.0,0.0,0.0,0.0,2256.0,0.0,6000.0,2256.0
718,0.0,0.0,0.0,0.0,0.0,0.0,2328.0,0.0,6000.0,2328.0
719,0.0,0.0,0.0,0.0,0.0,0.0,2244.0,0.0,6000.0,2244.0
720,0.0,0.0,0.0,0.0,0.0,0.0,2232.0,0.0,12000.0,2232.0
721,0.0,0.0,0.0,0.0,0.0,0.0,2184.0,0.0,12000.0,2184.0
722,0.0,0.0,0.0,0.0,0.0,0.0,2088.0,0.0,12000.0,2088.0
723,0.0,0.0,0.0,0.0,0.0,0.0,2262.0,0.0,12000.0,2262.0
724,0.0,0.0,0.0,0.0,0.0,0.0,2058.0,0.0,12000.0,2058.0
725,0.0,0.0,0.0,0.0,0.0,0.0,2082.0,0.0,12000.0,2082.0
726,0.0,0.0,0.0,0.0,0.0,0.0,2034.0,0.0,12000.0,2034.0
727,0.0,0.0,0.0,0.0,0.0,0.0,2184.0,0.0,12000.0,2184.0
728,0.0,0.0,0.0,0.0,0.0,0.0,2292.0,0.0,12000.0,2292.0
729,132.23886,0.0,0.0,0.0,0.0,0.0,2187.7283058,0.0,12000.0,2319.9671658
730,72.95028,0.0,0.0,0.0,0.0,0.0,2263.2382284,0.0,12000.0,2336.1885084
731,115.10304,0.0,0.0,0.0,0.0,0.0,2276.3500512,0.0,12000.0,2391.4530912
732,115.01022,0.0,0.0,0.0,0.0,0.0,2288.4400866,0.0,12000.0,2403.4503066
733,93.78408,0.0,0.0,0.0,0.0,0.0,2261.0294424,0.0,12000.0,2354.8135224
734,50.99601,0.0,0.0,0.0,0.0,0.0,2266.5338703,0.0,12000.0,2317.5298803
735,119.63991,0.0,0.0,0.0,0.0,0.0,2277.9492873,0.0,12000.0,2397.5891973
736,0.0,0.0,0.0,0.0,0.0,0.0,2418.0,0.0,12000.0,2418.0
737,0.0,0.0,0.0,0.0,0.0,0.0,2370.0,0.0,12000.0,2370.0
738,0.0,0.0,0.0,0.0,0.0,0.0,2196.0,0.0,12000.0,2196.0
739,0.0,0.0,0.0,0.0,0.0,0.0,2220.0,0.0,12000.0,2220.0
740,0.0,0.0,0.0,0.0,0.0,0.0,2424.0,0.0,12000.0,2424.0
741,0.0,0.0,0.0,0.0,0.0,0.0,2460.0,0.0,12000.0,2460.0
742,0.0,0.0,0.0,0.0,0.0,0.0,2316.0,0.0,12000.0,2316.0
743,0.0,0.0,0.0,0.0,0.0,0.0,2436.0,0.0,12000.0,2436.0
744,0.0,0.0,0.0,0.0,0.0,0.0,2496.0,0.0,12000.0,2496.0
745,0.0,0.0,0.0,0.0,0.0,0.0,2466.0,0.0,12000.0,2466.0
746,0.0,0.0,0.0,0.0,0.0,0.0,2532.0,0.0,12000.0,2532.0
747,0.0,0.0,0.0,0.0,0.0,0.0,2442.0,0.0,12000.0,2442.0
748,0.0,0.0,0.0,0.0,0.0,0.0,2430.0,0.0,12000.0,2430.0
749,0.0,0.0,0.0,0.0,0.0,0.0,2334.0,0.0,12000.0,2334.0
750,0.0,0.0,0.0,0.0,0.0,0.0,2574.0,0.0,12000.0,2574.0
751,0.0,0.0,0.0,0.0,0.0,0.0,2688.0,0.0,12000.0,2688.0
752,0.0,0.0,0.0,0.0,0.0,0.0,2700.0,0.0,12000.0,2700.0
753,155.04177,0.0,0.0,0.0,0.0,0.0,2519.6094831,0.0,12000.0,2674.6512531
754,75.27936,0.0,0.0,0.0,0.0,0.0,2608.9790208,0.0,12000.0,2684.2583808
755,117.22191,0.0,0.0,0.0,0.0,0.0,2244.2947473,0.0,12000.0,2361.5166573
756,137.86539,0.0,0.0,0.0,0.0,0.0,2218.2705717,0.0,12000.0,2356.1359617
757,116.23716,0.0,0.0,0.0,2076.48797250859,0.0,462.4759548,0.0,9621.43416665683,2655.20108730859
758,72.95457,0.0,0.0,0.0,0.0,0.0,2329.2340671,0.0,9621.43416665683,2402.1886371
759,128.24136,0.0,0.0,0.0,0.0,0.0,2641.6058808,0.0,9621.43416665683,2769.8472408
760,0.0,0.0,0.0,0.0,0.0,0.0,2658.0,0.0,9621.43416665683,2658.0
761,0.0,0.0,0.0,0.0,0.0,0.0,2706.0,0.0,9621.43416665683,2706.0
762,0.0,0.0,0.0,0.0,0.0,0.0,2712.0,0.0,9621.43416665683,2712.0
763,0.0,0.0,0.0,0.0,0.0,0.0,2688.0,0.0,9621.43416665683,2688.0
764,0.0,0.0,0.0,0.0,0.0,0.0,2700.0,0.0,9621.43416665683,2700.0
765,0.0,0.0,0.0,0.0,0.0,0.0,2718.0,0.0,9621.43416665683,2718.0
766,0.0,0.0,0.0,0.0,0.0,0.0,2676.0,0.0,9621.43416665683,2676.0
767,0.0,0.0,0.0,0.0,3161.51202749141,0.0,8.47420125671253e-14,0.0,6000.0,3161.51202749141
768,0.0,0.0,0.0,0.0,0.0,0.0,2730.0,0.0,12000.0,2730.0
769,0.0,0.0,0.0,0.0,0.0,0.0,2616.0,0.0,12000.0,2616.0
770,0.0,0.0,0.0,0.0,2213.94501718213,0.0,767.226,0.0,9463.98050723696,2981.17101718213
771,0.0,0.0,0.0,0.0,3024.05498281787,0.0,-1.43330582988423e-13,0.0,6000.0,3024.05498281787
772,0.0,0.0,0.0,0.0,0.0,0.0,2748.0,0.0,6000.0,2748.0
773,0.0,0.0,0.0,0.0,0.0,0.0,2430.0,0.0,6000.0,2430.0
774,0.0,0.0,0.0,0.0,0.0,0.0,2412.0,0.0,6000.0,2412.0
775,0.0,0.0,0.0,0.0,0.0,0.0,2334.0,0.0,6000.0,2334.0
776,0.0,0.0,0.0,0.0,0.0,0.0,2316.0,0.0,6000.0,2316.0
777,134.43729,0.0,0.0,0.0,0.0,0.0,2095.5958287,0.0,6000.0,2230.0331187
778,74.56644,0.0,0.0,0.0,0.0,0.0,2219.6705532,0.0,6000.0,2294.2369932
779,116.44386,0.0,0.0,0.0,0.0,0.0,2245.0494558,0.0,6000.0,2361.4933158
780,137.06238,0.0,0.0,0.0,0.0,0.0,2249.0494914,0.0,6000.0,2386.1118714
781,115.71066,0.0,0.0,0.0,0.0,0.0,2203.7606598,0.0,6000.0,2319.4713198000004
782,72.78102,0.0,0.0,0.0,0.0,0.0,2227.4024106,0.0,6000.0,2300.1834306
783,134.02233,0.0,0.0,0.0,0.0,0.0,2275.9983399,0.0,6000.0,2410.0206699
784,0.0,0.0,0.0,0.0,0.0,0.0,2262.0,0.0,6000.0,2262.0
785,0.0,0.0,0.0,0.0,0.0,0.0,2244.0,0.0,6000.0,2244.0
786,0.0,0.0,0.0,0.0,0.0,0.0,2292.0,0.0,6000.0,2292.0
787,0.0,0.0,0.0,0.0,0.0,0.0,2352.0,0.0,6000.0,2352.0
788,0.0,0.0,0.0,0.0,0.0,0.0,2352.0,0.0,6000.0,2352.0
789,0.0,0.0,0.0,0.0,0.0,0.0,2346.0,0.0,6000.0,2346.0
790,0.0,0.0,0.0,0.0,0.0,0.0,2310.0,0.0,6000.0,2310.0
791,0.0,0.0,0.0,0.0,0.0,0.0,2394.0,0.0,6000.0,2394.0
792,0.0,0.0,0.0,0.0,0.0,0.0,2364.0,0.0,6000.0,2364.0
793,0.0,0.0,0.0,0.0,0.0,0.0,2280.0,0.0,6000.0,2280.0
794,0.0,0.0,0.0,0.0,0.0,0.0,2352.0,0.0,6000.0,2352.0
795,0.0,0.0,0.0,0.0,0.0,0.0,2304.0,0.0,6000.0,2304.0
796,0.0,0.0,0.0,0.0,0.0,0.0,2268.0,0.0,6000.0,2268.0
797,0.0,0.0,0.0,0.0,0.0,0.0,2178.0,0.0,6000.0,2178.0
798,0.0,0.0,0.0,0.0,0.0,0.0,2346.0,0.0,6000.0,2346.0
799,0.0,0.0,0.0,0.0,0.0,0.0,2430.0,0.0,6000.0,2430.0
800,15.537483,0.0,0.0,0.0,0.0,0.0,2396.92864149,0.0,6000.0,2412.46612449
801,195.71175,0.0,0.0,0.0,0.0,0.0,2108.1596025,0.0,6000.0,2303.8713525
802,74.0298,0.0,0.0,0.0,0.0,0.0,2340.191094,0.0,6000.0,2414.220894
803,115.84521,0.0,0.0,0.0,0.0,0.0,2329.6301463,0.0,6000.0,2445.4753563
804,136.70631,0.0,0.0,0.0,0.0,0.0,2267.3948793,0.0,6000.0,2404.1011893
805,115.38657,0.0,0.0,0.0,0.0,0.0,2156.0750271,0.0,6000.0,2271.4615971000003
806,72.42417,0.0,0.0,0.0,0.0,0.0,2239.7485551,0.0,6000.0,2312.1727251
807,99.67191,0.0,0.0,0.0,0.0,0.0,2297.3182473,0.0,6000.0,2396.9901573
808,0.0,0.0,0.0,0.0,0.0,0.0,2298.0,0.0,6000.0,2298.0
809,0.0,0.0,0.0,0.0,0.0,0.0,2274.0,0.0,6000.0,2274.0
810,0.0,0.0,0.0,0.0,0.0,0.0,2268.0,0.0,6000.0,2268.0
811,0.0,0.0,0.0,0.0,0.0,0.0,2304.0,0.0,6000.0,2304.0
812,0.0,0.0,0.0,0.0,0.0,0.0,2340.0,0.0,6000.0,2340.0
813,0.0,0.0,0.0,0.0,0.0,0.0,2352.0,0.0,6000.0,2352.0
814,0.0,0.0,0.0,0.0,0.0,0.0,2268.0,0.0,6000.0,2268.0
815,0.0,0.0,0.0,0.0,0.0,0.0,2412.0,0.0,6000.0,2412.0
816,0.0,0.0,0.0,0.0,0.0,0.0,2382.0,0.0,12000.0,2382.0
817,0.0,0.0,0.0,0.0,0.0,0.0,2286.0,0.0,12000.0,2286.0
818,0.0,0.0,0.0,0.0,0.0,0.0,2394.0,0.0,12000.0,2394.0
819,0.0,0.0,0.0,0.0,0.0,0.0,2280.0,0.0,12000.0,2280.0
820,0.0,0.0,0.0,0.0,0.0,0.0,2346.0,0.0,12000.0,2346.0
821,0.0,0.0,0.0,0.0,0.0,0.0,2184.0,0.0,12000.0,2184.0
822,0.0,0.0,0.0,0.0,0.0,0.0,2334.0,0.0,12000.0,2334.0
823,0.0,0.0,0.0,0.0,0.0,0.0,2370.0,0.0,12000.0,2370.0
824,0.0,0.0,0.0,0.0,0.0,0.0,2370.0,0.0,12000.0,2370.0
825,10.716771,0.0,0.0,0.0,0.0,0.0,2251.60473213,0.0,12000.0,2262.32150313
826,32.342895,0.0,0.0,0.0,0.0,0.0,2218.62739185,0.0,12000.0,2250.97028685
827,53.55714,0.0,0.0,0.0,0.0,0.0,2222.0495742,0.0,12000.0,2275.6067142
828,116.45049,0.0,0.0,0.0,0.0,0.0,2215.0430247,0.0,12000.0,2331.4935147
829,625.1583,0.0,0.0,0.0,0.0,0.0,1715.596449,0.0,12000.0,2340.754749
830,197.55801,0.0,0.0,0.0,0.0,0.0,2106.3687303,0.0,12000.0,2303.9267403000003
831,217.83801,0.0,0.0,0.0,0.0,0.0,2152.6971303,0.0,12000.0,2370.5351403
832,0.0,0.0,0.0,0.0,0.0,0.0,2316.0,0.0,12000.0,2316.0
833,0.0,0.0,0.0,0.0,0.0,0.0,2250.0,0.0,12000.0,2250.0
834,0.0,0.0,0.0,0.0,0.0,0.0,2214.0,0.0,12000.0,2214.0
835,0.0,0.0,0.0,0.0,0.0,0.0,2298.0,0.0,12000.0,2298.0
836,0.0,0.0,0.0,0.0,0.0,0.0,2376.0,0.0,12000.0,2376.0
837,0.0,0.0,0.0,0.0,0.0,0.0,2274.0,0.0,12000.0,2274.0
838,0.0,0.0,0.0,0.0,0.0,0.0,2268.0,0.0,12000.0,2268.0
839,0.0,0.0,0.0,0.0,0.0,0.0,2286.0,0.0,12000.0,2286.0
840,0.0,0.0,0.0,0.0,0.0,0.0,2220.0,0.0,12000.0,2220.0
841,0.0,0.0,0.0,0.0,0.0,0.0,2214.0,0.0,12000.0,2214.0
842,0.0,0.0,0.0,0.0,0.0,0.0,2406.0,0.0,12000.0,2406.0
843,0.0,0.0,0.0,0.0,0.0,0.0,2238.0,0.0,12000.0,2238.0
844,0.0,0.0,0.0,0.0,0.0,0.0,2256.0,0.0,12000.0,2256.0
845,0.0,0.0,0.0,0.0,0.0,0.0,2070.0,0.0,12000.0,2070.0
846,0.0,0.0,0.0,0.0,0.0,0.0,2196.0,0.0,12000.0,2196.0
847,0.0,0.0,0.0,0.0,0.0,0.0,2220.0,0.0,12000.0,2220.0
848,0.0,0.0,0.0,0.0,0.0,0.0,2256.0,0.0,12000.0,2256.0
849,9.894183,0.0,0.0,0.0,2343.43498281787,0.0,128.58390249,0.0,9315.65294064391,2481.91306830787
850,73.242,0.0,0.0,0.0,2894.56501718213,0.0,3.2426621418548e-14,0.0,6000.0,2967.80701718213
851,775.7412,0.0,0.0,0.0,0.0,0.0,1965.531036,0.0,6000.0,2741.272236
852,1118.7969,0.0,0.0,0.0,0.0,0.0,1512.767007,0.0,6000.0,2631.563907
853,2721.64948453608,168.511815463918,0.0,0.0,-3.67383511561274e-14,0.0,9.82346860789029e-31,0.0,6138.93799185,2721.64948453608
854,2560.82474226804,307.176757731958,0.0,0.0,-2.34380678522772e-13,0.0,-1.9197544152819e-29,0.0,6392.2052286,2560.82474226804
855,317.74938,0.0,0.0,0.0,342.3951645678,0.0,2026.87212273231,0.0,6000.0,2687.01666730011
856,0.0,0.0,0.0,0.0,0.0,0.0,2514.0,0.0,6000.0,2514.0
857,0.0,0.0,0.0,0.0,0.0,0.0,2406.0,0.0,6000.0,2406.0
858,0.0,0.0,0.0,0.0,0.0,0.0,2406.0,0.0,6000.0,2406.0
859,0.0,0.0,0.0,0.0,0.0,0.0,2400.0,0.0,6000.0,2400.0
860,0.0,0.0,0.0,0.0,0.0,0.0,2328.0,0.0,6000.0,2328.0
861,0.0,0.0,0.0,0.0,0.0,0.0,2376.0,0.0,6000.0,2376.0
862,0.0,0.0,0.0,0.0,0.0,0.0,2430.0,0.0,6000.0,2430.0
863,0.0,0.0,0.0,0.0,0.0,0.0,2358.0,0.0,6000.0,2358.0
864,0.0,0.0,0.0,0.0,0.0,0.0,2370.0,0.0,12000.0,2370.0
865,0.0,0.0,0.0,0.0,0.0,0.0,2292.0,0.0,12000.0,2292.0
866,0.0,0.0,0.0,0.0,0.0,0.0,2286.0,0.0,12000.0,2286.0
867,0.0,0.0,0.0,0.0,0.0,0.0,2238.0,0.0,12000.0,2238.0
868,0.0,0.0,0.0,0.0,0.0,0.0,2262.0,0.0,12000.0,2262.0
869,0.0,0.0,0.0,0.0,0.0,0.0,2262.0,0.0,12000.0,2262.0
870,0.0,0.0,0.0,0.0,0.0,0.0,2394.0,0.0,12000.0,2394.0
871,0.0,0.0,0.0,0.0,0.0,0.0,2484.0,0.0,12000.0,2484.0
872,0.0,0.0,0.0,0.0,0.0,0.0,2490.0,0.0,12000.0,2490.0
873,96.53124,0.0,0.0,0.0,0.0,0.0,2318.3646972,0.0,12000.0,2414.8959372
874,204.21687,0.0,0.0,0.0,2453.50473780069,0.0,-1.9288562324603e-14,0.0,9189.57074707825,2657.72160780069
875,268.64799,0.0,0.0,0.0,2519.37164914089,0.0,-8.05624515558263e-14,0.0,6303.69256936818,2788.01963914089
876,290.33745,0.0,0.0,0.0,265.123613058419,0.0,1958.9197593,0.0,6000.0,2514.3808223584188
877,268.83285,0.0,0.0,0.0,0.0,0.0,2163.2321355,0.0,6000.0,2432.0649855
878,182.17953,0.0,0.0,0.0,0.0,0.0,2415.2858559,0.0,6000.0,2597.4653859
879,130.7943,0.0,0.0,0.0,0.0,0.0,2459.129529,0.0,6000.0,2589.923829
880,0.0,0.0,0.0,0.0,0.0,0.0,2556.0,0.0,6000.0,2556.0
881,0.0,0.0,0.0,0.0,0.0,0.0,2520.0,0.0,6000.0,2520.0
882,0.0,0.0,0.0,0.0,0.0,0.0,2418.0,0.0,6000.0,2418.0
883,0.0,0.0,0.0,0.0,0.0,0.0,2442.0,0.0,6000.0,2442.0
884,0.0,0.0,0.0,0.0,0.0,0.0,2214.0,0.0,6000.0,2214.0
885,0.0,0.0,0.0,0.0,0.0,0.0,2100.0,0.0,6000.0,2100.0
886,0.0,0.0,0.0,0.0,0.0,0.0,2124.0,0.0,6000.0,2124.0
887,0.0,0.0,0.0,0.0,0.0,0.0,2124.0,0.0,6000.0,2124.0
888,0.0,0.0,0.0,0.0,0.0,0.0,2010.0,0.0,6000.0,2010.0
889,0.0,0.0,0.0,0.0,0.0,0.0,2094.0,0.0,6000.0,2094.0
890,0.0,0.0,0.0,0.0,0.0,0.0,2016.0,0.0,6000.0,2016.0
891,0.0,0.0,0.0,0.0,0.0,0.0,1992.0,0.0,6000.0,1992.0
892,0.0,0.0,0.0,0.0,0.0,0.0,1944.0,0.0,6000.0,1944.0
893,0.0,0.0,0.0,0.0,0.0,0.0,1944.0,0.0,6000.0,1944.0
894,0.0,0.0,0.0,0.0,0.0,0.0,1818.0,0.0,6000.0,1818.0
895,0.0,0.0,0.0,0.0,0.0,0.0,1866.0,0.0,6000.0,1866.0
896,201.73257,0.0,0.0,0.0,0.0,0.0,1802.3194071,0.0,6000.0,2004.0519771
897,681.642,0.0,0.0,0.0,0.0,0.0,1342.80726,0.0,6000.0,2024.44926
898,249.63939,0.0,0.0,0.0,0.0,0.0,1935.8497917,0.0,6000.0,2185.4891817
899,2375.25773195876,750.440168041237,0.0,0.0,-1.5149115821149e-13,0.0,2.12903479687423e-30,0.0,6618.73791855,2375.25773195876
900,2344.32989690722,1313.96760309278,0.0,0.0,-5.3463765773226904e-14,0.0,5.48739772668981e-31,0.0,7702.1042073,2344.32989690722
901,1167.3714,0.0,0.0,0.0,1383.33303780069,0.0,-4.36995630121105e-14,0.0,6117.53028083873,2550.70443780069
902,226.29867,0.0,0.0,0.0,102.603935172213,0.0,2072.91705469466,0.0,6000.0,2401.819659866873
903,419.8701,0.0,0.0,0.0,0.0,0.0,1920.726003,0.0,6000.0,2340.596103
904,0.0,0.0,0.0,0.0,0.0,0.0,2340.0,0.0,6000.0,2340.0
905,0.0,0.0,0.0,0.0,0.0,0.0,2352.0,0.0,6000.0,2352.0
906,0.0,0.0,0.0,0.0,0.0,0.0,2382.0,0.0,6000.0,2382.0
907,0.0,0.0,0.0,0.0,0.0,0.0,2328.0,0.0,6000.0,2328.0
908,0.0,0.0,0.0,0.0,0.0,0.0,2478.0,0.0,6000.0,2478.0
909,0.0,0.0,0.0,0.0,0.0,0.0,2526.0,0.0,6000.0,2526.0
910,0.0,0.0,0.0,0.0,0.0,0.0,2502.0,0.0,6000.0,2502.0
911,0.0,0.0,0.0,0.0,0.0,0.0,2550.0,0.0,6000.0,2550.0
912,0.0,0.0,0.0,0.0,0.0,0.0,2574.0,0.0,12000.0,2574.0
913,0.0,0.0,0.0,0.0,0.0,0.0,2514.0,0.0,12000.0,2514.0
914,0.0,0.0,0.0,0.0,0.0,0.0,2610.0,0.0,12000.0,2610.0
915,0.0,0.0,0.0,0.0,0.0,0.0,2466.0,0.0,12000.0,2466.0
916,0.0,0.0,0.0,0.0,0.0,0.0,2526.0,0.0,12000.0,2526.0
917,0.0,0.0,0.0,0.0,0.0,0.0,2430.0,0.0,12000.0,2430.0
918,0.0,0.0,0.0,0.0,0.0,0.0,2676.0,0.0,12000.0,2676.0
919,0.0,0.0,0.0,0.0,0.0,0.0,2652.0,0.0,12000.0,2652.0
920,82.24047,0.0,0.0,0.0,0.0,0.0,2608.2267441,0.0,12000.0,2690.4672141
921,78.77727,0.0,0.0,0.0,0.0,0.0,2629.5860481,0.0,12000.0,2708.3633181
922,1928.4057,0.0,0.0,0.0,0.0,0.0,769.446471,0.0,12000.0,2697.852171
923,2746.39175257732,1360.73724742268,0.0,0.0,1.88004635484239e-13,0.0,-5.219617452674539e-30,0.0,13121.9278605,2746.39175257732
924,2601.0738,0.0,0.0,0.0,195.828652920962,0.0,1.0664942090203301e-14,0.0,12897.6109613924,2796.9024529209623
925,1288.2558,0.0,0.0,0.0,0.0,0.0,1408.391874,0.0,12897.6109613924,2696.647674
926,888.0573,0.0,0.0,0.0,0.0,0.0,1670.584419,0.0,12897.6109613924,2558.641719
927,318.03798,0.0,0.0,0.0,0.0,0.0,2313.5031594,0.0,12897.6109613924,2631.5411394
928,0.0,0.0,0.0,0.0,0.0,0.0,2610.0,0.0,12897.6109613924,2610.0
929,0.0,0.0,0.0,0.0,0.0,0.0,2538.0,0.0,12897.6109613924,2538.0
930,0.0,0.0,0.0,0.0,0.0,0.0,2646.0,0.0,12897.6109613924,2646.0
931,0.0,0.0,0.0,0.0,0.0,0.0,2586.0,0.0,12897.6109613924,2586.0
932,0.0,0.0,0.0,0.0,0.0,0.0,2574.0,0.0,12897.6109613924,2574.0
933,0.0,0.0,0.0,0.0,0.0,0.0,2610.0,0.0,12897.6109613924,2610.0
934,0.0,0.0,0.0,0.0,0.0,0.0,2448.0,0.0,12897.6109613924,2448.0
935,0.0,0.0,0.0,0.0,0.0,0.0,2496.0,0.0,12897.6109613924,2496.0
936,0.0,0.0,0.0,0.0,0.0,0.0,2490.0,0.0,12897.6109613924,2490.0
937,0.0,0.0,0.0,0.0,0.0,0.0,2520.0,0.0,12897.6109613924,2520.0
938,0.0,0.0,0.0,0.0,0.0,0.0,2562.0,0.0,12897.6109613924,2562.0
939,0.0,0.0,0.0,0.0,0.0,0.0,2502.0,0.0,12897.6109613924,2502.0
940,0.0,0.0,0.0,0.0,0.0,0.0,2550.0,0.0,12897.6109613924,2550.0
941,0.0,0.0,0.0,0.0,0.0,0.0,2328.0,0.0,12897.6109613924,2328.0
942,0.0,0.0,0.0,0.0,0.0,0.0,2370.0,0.0,12897.6109613924,2370.0
943,0.0,0.0,0.0,0.0,0.0,0.0,2334.0,0.0,12897.6109613924,2334.0
944,27.753336,0.0,0.0,0.0,0.0,0.0,2277.07926408,0.0,12897.6109613924,2304.83260008
945,119.52018,0.0,0.0,0.0,0.0,0.0,2278.0654254,0.0,12897.6109613924,2397.5856054
946,226.74912,0.0,0.0,0.0,2538.43454020619,0.0,-1.82282019874581e-14,0.0,9989.89671144256,2765.18366020619
947,334.48701,0.0,0.0,0.0,0.0,0.0,2177.5476003,0.0,9989.89671144256,2512.0346103
948,334.35207,0.0,0.0,0.0,0.0,0.0,2357.6784921,0.0,9989.89671144256,2692.0305621
949,290.95677,0.0,0.0,0.0,0.0,0.0,2267.7719331,0.0,9989.89671144256,2558.7287031
950,204.00783,0.0,0.0,0.0,0.0,0.0,2208.1124049,0.0,9989.89671144256,2412.1202349
951,114.03444,0.0,0.0,0.0,596.581890945023,0.0,1876.57060240499,0.0,9306.5268478171,2587.186933350013
952,0.0,0.0,0.0,0.0,2886.59793814433,0.0,2.5591258779912202e-14,0.0,6000.0,2886.59793814433
953,0.0,0.0,0.0,0.0,0.0,0.0,2478.0,0.0,6000.0,2478.0
954,0.0,0.0,0.0,0.0,0.0,0.0,2622.0,0.0,6000.0,2622.0
955,0.0,0.0,0.0,0.0,0.0,0.0,2586.0,0.0,6000.0,2586.0
956,0.0,0.0,0.0,0.0,0.0,0.0,2556.0,0.0,6000.0,2556.0
957,0.0,0.0,0.0,0.0,0.0,0.0,2502.0,0.0,6000.0,2502.0
958,0.0,0.0,0.0,0.0,0.0,0.0,2562.0,0.0,6000.0,2562.0
959,0.0,0.0,0.0,0.0,0.0,0.0,2598.0,0.0,6000.0,2598.0
960,0.0,0.0,0.0,0.0,0.0,0.0,2454.0,0.0,12000.0,2454.0
961,0.0,0.0,0.0,0.0,0.0,0.0,2424.0,0.0,12000.0,2424.0
962,0.0,0.0,0.0,0.0,0.0,0.0,2448.0,0.0,12000.0,2448.0
963,0.0,0.0,0.0,0.0,0.0,0.0,2466.0,0.0,12000.0,2466.0
964,0.0,0.0,0.0,0.0,0.0,0.0,2436.0,0.0,12000.0,2436.0
965,0.0,0.0,0.0,0.0,0.0,0.0,2454.0,0.0,12000.0,2454.0
966,0.0,0.0,0.0,0.0,0.0,0.0,2430.0,0.0,12000.0,2430.0
967,0.0,0.0,0.0,0.0,0.0,0.0,2514.0,0.0,12000.0,2514.0
968,27.702441,0.0,0.0,0.0,0.0,0.0,2601.12863223,0.0,12000.0,2628.83107323
969,117.84084,0.0,0.0,0.0,0.0,0.0,2501.6943852,0.0,12000.0,2619.5352252
970,547.911,0.0,0.0,0.0,0.0,0.0,1910.52633,0.0,12000.0,2458.43733
971,968.2608,0.0,0.0,0.0,0.0,0.0,1760.787024,0.0,12000.0,2729.047824
972,1548.5925,0.0,0.0,0.0,0.0,0.0,1155.865275,0.0,12000.0,2704.457775
973,1973.985,0.0,0.0,0.0,0.0,0.0,773.23455,0.0,12000.0,2747.21955
974,1651.8177,0.0,0.0,0.0,0.0,0.0,983.736831,0.0,12000.0,2635.554531
975,875.4447,0.0,0.0,0.0,0.0,0.0,1838.818641,0.0,12000.0,2714.263341
976,0.0,0.0,0.0,0.0,0.0,0.0,2652.0,0.0,12000.0,2652.0
977,0.0,0.0,0.0,0.0,0.0,0.0,2658.0,0.0,12000.0,2658.0
978,0.0,0.0,0.0,0.0,0.0,0.0,2628.0,0.0,12000.0,2628.0
979,0.0,0.0,0.0,0.0,0.0,0.0,2664.0,0.0,12000.0,2664.0
980,0.0,0.0,0.0,0.0,0.0,0.0,2622.0,0.0,12000.0,2622.0
981,0.0,0.0,0.0,0.0,0.0,0.0,2568.0,0.0,12000.0,2568.0
982,0.0,0.0,0.0,0.0,0.0,0.0,2508.0,0.0,12000.0,2508.0
983,0.0,0.0,0.0,0.0,0.0,0.0,2616.0,0.0,12000.0,2616.0
984,0.0,0.0,0.0,0.0,0.0,0.0,2556.0,0.0,12000.0,2556.0
985,0.0,0.0,0.0,0.0,0.0,0.0,2520.0,0.0,12000.0,2520.0
986,0.0,0.0,0.0,0.0,0.0,0.0,2598.0,0.0,12000.0,2598.0
987,0.0,0.0,0.0,0.0,0.0,0.0,2556.0,0.0,12000.0,2556.0
988,0.0,0.0,0.0,0.0,0.0,0.0,2580.0,0.0,12000.0,2580.0
989,0.0,0.0,0.0,0.0,0.0,0.0,2550.0,0.0,12000.0,2550.0
990,0.0,0.0,0.0,0.0,0.0,0.0,2640.0,0.0,12000.0,2640.0
991,0.0,0.0,0.0,0.0,0.0,0.0,2544.0,0.0,12000.0,2544.0
992,9.306804,0.0,0.0,0.0,0.0,0.0,2546.97240012,0.0,12000.0,2556.27920412
993,54.47052,0.0,0.0,0.0,0.0,0.0,2575.1635956,0.0,12000.0,2629.6341156
994,117.92391,0.0,0.0,0.0,0.0,0.0,2507.6138073,0.0,12000.0,2625.5377173
995,159.92028,0.0,0.0,0.0,0.0,0.0,2430.8773284,0.0,12000.0,2590.7976084
996,180.7806,0.0,0.0,0.0,0.0,0.0,2272.642818,0.0,12000.0,2453.423418
997,159.72879,0.0,0.0,0.0,0.0,0.0,2269.0630737,0.0,12000.0,2428.7918637
998,117.039,0.0,0.0,0.0,0.0,0.0,2220.47217,0.0,12000.0,2337.51117
999,51.62547,0.0,0.0,0.0,0.0,0.0,2481.9232941,0.0,12000.0,2533.5487641
1000,32.089044,0.0,0.0,0.0,3043.38330735395,0.0,-7.326515695042351e-14,0.0,8513.87937301953,3075.4723513539498
1001,0.0,0.0,0.0,0.0,2194.61669264605,0.0,982.09962732,0.0,6000.0,3176.71631996605
1002,0.0,0.0,0.0,0.0,0.0,0.0,2712.0,0.0,6000.0,2712.0
1003,0.0,0.0,0.0,0.0,0.0,0.0,2718.0,0.0,6000.0,2718.0
1004,0.0,0.0,0.0,0.0,0.0,0.0,2664.0,0.0,6000.0,2664.0
1005,0.0,0.0,0.0,0.0,0.0,0.0,2640.0,0.0,6000.0,2640.0
1006,0.0,0.0,0.0,0.0,0.0,0.0,2478.0,0.0,6000.0,2478.0
1007,0.0,0.0,0.0,0.0,0.0,0.0,2544.0,0.0,6000.0,2544.0
1008,0.0,0.0,0.0,0.0,0.0,0.0,2538.0,0.0,12000.0,2538.0
1009,0.0,0.0,0.0,0.0,0.0,0.0,2418.0,0.0,12000.0,2418.0
1010,0.0,0.0,0.0,0.0,0.0,0.0,2508.0,0.0,12000.0,2508.0
1011,0.0,0.0,0.0,0.0,0.0,0.0,2514.0,0.0,12000.0,2514.0
1012,0.0,0.0,0.0,0.0,0.0,0.0,2424.0,0.0,12000.0,2424.0
1013,0.0,0.0,0.0,0.0,0.0,0.0,2310.0,0.0,12000.0,2310.0
1014,0.0,0.0,0.0,0.0,0.0,0.0,2454.0,0.0,12000.0,2454.0
1015,0.0,0.0,0.0,0.0,0.0,0.0,2514.0,0.0,12000.0,2514.0
1016,9.875112,0.0,0.0,0.0,0.0,0.0,2486.42114136,0.0,12000.0,2496.2962533600003
1017,54.34845,0.0,0.0,0.0,0.0,0.0,2383.2820035,0.0,12000.0,2437.6304535
1018,117.69888,0.0,0.0,0.0,0.0,0.0,2315.8320864,0.0,12000.0,2433.5309664
1019,180.60627,0.0,0.0,0.0,21.5889817869417,0.0,2223.964737,0.0,11975.2703530505,2426.159988786941
1020,180.58989,0.0,0.0,0.0,2520.99405120275,0.0,3.4036762832561504e-14,0.0,9087.5337537346,2701.5839412027503
1021,159.69174,0.0,0.0,0.0,2695.41696701031,0.0,-1.24360225287372e-13,0.0,6000.0,2855.1087070103104
1022,117.21996,0.0,0.0,0.0,0.0,0.0,2316.2966388,0.0,6000.0,2433.5165988
1023,52.25103,0.0,0.0,0.0,0.0,0.0,2343.3165009,0.0,6000.0,2395.5675309
1024,19.077435,0.0,0.0,0.0,0.0,0.0,2489.49488805,0.0,6000.0,2508.5723230500003
1025,0.0,0.0,0.0,0.0,0.0,0.0,2454.0,0.0,6000.0,2454.0
1026,0.0,0.0,0.0,0.0,0.0,0.0,2184.0,0.0,6000.0,2184.0
1027,0.0,0.0,0.0,0.0,0.0,0.0,2286.0,0.0,6000.0,2286.0
1028,0.0,0.0,0.0,0.0,0.0,0.0,2298.0,0.0,6000.0,2298.0
1029,0.0,0.0,0.0,0.0,0.0,0.0,2202.0,0.0,6000.0,2202.0
1030,0.0,0.0,0.0,0.0,0.0,0.0,2226.0,0.0,6000.0,2226.0
1031,0.0,0.0,0.0,0.0,0.0,0.0,2268.0,0.0,6000.0,2268.0
1032,0.0,0.0,0.0,0.0,0.0,0.0,2370.0,0.0,6000.0,2370.0
1033,0.0,0.0,0.0,0.0,0.0,0.0,2232.0,0.0,6000.0,2232.0
1034,0.0,0.0,0.0,0.0,0.0,0.0,2286.0,0.0,6000.0,2286.0
1035,0.0,0.0,0.0,0.0,0.0,0.0,2160.0,0.0,6000.0,2160.0
1036,0.0,0.0,0.0,0.0,0.0,0.0,2154.0,0.0,6000.0,2154.0
1037,0.0,0.0,0.0,0.0,0.0,0.0,2100.0,0.0,6000.0,2100.0
1038,0.0,0.0,0.0,0.0,0.0,0.0,2280.0,0.0,6000.0,2280.0
1039,0.0,0.0,0.0,0.0,0.0,0.0,2274.0,0.0,6000.0,2274.0
1040,190.07352,0.0,0.0,0.0,0.0,0.0,2149.6286856,0.0,6000.0,2339.7022056
1041,1812.8799,0.0,0.0,0.0,0.0,0.0,599.506497,0.0,6000.0,2412.386397
1042,2350.51546391753,2155.66153608247,0.0,0.0,1.29040689466438e-13,0.0,1.05790773877943e-29,0.0,7777.3429365,2350.51546391753
1043,2400.0,5718.084,0.0,0.0,7.32518284288763e-14,0.0,-4.07292951658934e-30,0.0,12491.9031945,2400.0
1044,2443.29896907217,4858.39803092783,0.0,0.0,-1.6504148784835e-13,0.0,4.30115333628296e-30,0.0,16497.652371,2443.29896907217
1045,2424.74226804124,3107.71973195876,0.0,0.0,-2.07280019249051e-13,0.0,-1.5041629833823198e-30,0.0,19059.96729,2424.74226804124
1046,2418.55670103093,1261.04649896907,0.0,0.0,1.15490359829577e-13,0.0,-9.28642232105115e-30,0.0,20099.7001284,2418.55670103093
1047,698.8605,0.0,0.0,0.0,1952.01067010309,0.0,8.89599694710751e-14,0.0,17863.7199793701,2650.8711701030898
1048,44.8266,0.0,0.0,0.0,2658.0964467354,0.0,-1.44890150638703e-13,0.0,14818.9359624911,2702.9230467354
1049,0.0,0.0,0.0,0.0,2666.66666666667,0.0,1.37068430679695e-13,0.0,11764.3349697458,2666.66666666667
1050,0.0,0.0,0.0,0.0,2611.68384879725,0.0,-3.35594950073008e-14,0.0,8772.71544076838,2611.68384879725
1051,0.0,0.0,0.0,0.0,0.0,0.0,2262.0,0.0,8772.71544076838,2262.0
1052,0.0,0.0,0.0,0.0,0.0,0.0,2238.0,0.0,8772.71544076838,2238.0
1053,0.0,0.0,0.0,0.0,0.0,0.0,2118.0,0.0,8772.71544076838,2118.0
1054,0.0,0.0,0.0,0.0,2420.5805797908,0.0,88.8331538426359,0.0,6000.0,2509.413733633436
1055,0.0,0.0,0.0,0.0,0.0,0.0,2178.0,0.0,6000.0,2178.0
1056,0.0,0.0,0.0,0.0,0.0,0.0,2238.0,0.0,12000.0,2238.0
1057,0.0,0.0,0.0,0.0,0.0,0.0,2118.0,0.0,12000.0,2118.0
1058,0.0,0.0,0.0,0.0,0.0,0.0,2094.0,0.0,12000.0,2094.0
1059,0.0,0.0,0.0,0.0,0.0,0.0,2124.0,0.0,12000.0,2124.0
1060,0.0,0.0,0.0,0.0,0.0,0.0,2136.0,0.0,12000.0,2136.0
1061,0.0,0.0,0.0,0.0,0.0,0.0,2160.0,0.0,12000.0,2160.0
1062,0.0,0.0,0.0,0.0,0.0,0.0,2190.0,0.0,12000.0,2190.0
1063,0.0,0.0,0.0,0.0,0.0,0.0,2208.0,0.0,12000.0,2208.0
1064,2474.22680412371,1322.80929587629,0.0,0.0,0.0,0.0,2.11445797869657e-13,0.0,13090.65626445,2474.22680412371
1065,753.2421,0.0,0.0,0.0,0.0,0.0,1567.355163,0.0,13090.65626445,2320.597263
1066,2381.44329896907,2007.10970103093,0.0,0.0,0.0,0.0,2.7074608305596998e-14,0.0,14745.51821295,2381.44329896907
1067,2412.37113402062,11195.2358659794,0.0,0.0,0.0,0.0,-5.85033052930063e-14,0.0,23975.99018445,2412.37113402062
1068,2412.37113402062,4216.96586597938,0.0,0.0,-6.70140954100875e-14,0.0,2.72085831207771e-30,0.0,27452.87854095,2412.37113402062
1069,2412.37113402062,10212.4358659794,0.0,0.0,-6.70140954100875e-14,0.0,2.72085831207771e-30,0.0,35873.03191245,2412.37113402062
1070,2468.0412371134,7556.0117628866,0.0,0.0,0.0,0.0,5.21194084454298e-14,0.0,42102.96361095,2468.0412371134
1071,2412.37113402062,3495.34886597938,0.0,0.0,-6.70140954100875e-14,0.0,2.72085831207771e-30,0.0,44984.87875095,2412.37113402062
1072,935.7504,0.0,0.0,0.0,1750.65534020619,0.0,-4.23649465016386e-14,0.0,42979.5461733942,2686.40574020619
1073,0.0,0.0,0.0,0.0,2666.66666666667,0.0,1.37068430679695e-13,0.0,39924.9451806489,2666.66666666667
1074,0.0,0.0,0.0,0.0,2762.88659793814,0.0,-6.057574602291611e-14,0.0,36760.1266263097,2762.88659793814
1075,0.0,0.0,0.0,0.0,2666.66666666667,0.0,1.37068430679695e-13,0.0,33705.5256335644,2666.66666666667
1076,0.0,0.0,0.0,0.0,2845.36082474227,0.0,-3.1310761543638905e-15,0.0,30446.2348835732,2845.36082474227
1077,0.0,0.0,0.0,0.0,2900.34364261168,0.0,1.67496849532632e-13,0.0,27123.9626698141,2900.34364261168
1078,0.0,0.0,0.0,0.0,2776.6323024055,0.0,8.13298447298036e-14,0.0,23943.3987495329,2776.6323024055
1079,0.0,0.0,0.0,0.0,2920.96219931271,0.0,-1.66392016621715e-14,0.0,20597.5084868609,2920.96219931271
1080,0.0,0.0,0.0,0.0,2941.58075601375,0.0,1.96219184466908e-13,0.0,17228.0001752758,2941.58075601375
1081,0.0,0.0,0.0,0.0,2817.86941580756,0.0,1.1005217966408e-13,0.0,14000.2001571686,2817.86941580756
1082,0.0,0.0,0.0,0.0,2859.10652920962,0.0,1.38774514598356e-13,0.0,10725.1640412355,2859.10652920962
1083,0.0,0.0,0.0,0.0,0.0,0.0,2544.0,0.0,10725.1640412355,2544.0
1084,0.0,0.0,0.0,0.0,0.0,0.0,2550.0,0.0,10725.1640412355,2550.0
1085,0.0,0.0,0.0,0.0,0.0,0.0,2442.0,0.0,10725.1640412355,2442.0
1086,0.0,0.0,0.0,0.0,0.0,0.0,2586.0,0.0,10725.1640412355,2586.0
1087,0.0,0.0,0.0,0.0,0.0,0.0,2670.0,0.0,10725.1640412355,2670.0
1088,150.10086,0.0,0.0,0.0,2221.65414614293,0.0,644.898096217225,0.0,8180.31393110615,3016.653102360155
1089,1088.9892,0.0,0.0,0.0,1903.41406185567,0.0,3.0893357315619e-14,0.0,6000.0,2992.4032618556703
1090,2709.27835051546,2015.41564948454,0.0,0.0,1.03527572682836e-13,0.0,5.2073681562490696e-30,0.0,7661.710203,2709.27835051546
1091,2857.73195876289,4730.22504123711,0.0,0.0,-6.38390104298484e-14,0.0,5.3265839396064894e-30,0.0,11561.7807495,2857.73195876289
1092,2758.76288659794,4135.50111340206,0.0,0.0,4.77387116452748e-14,0.0,1.5741703759925098e-30,0.0,14971.5014175,2758.76288659794
1093,2721.64948453608,3402.59851546392,0.0,0.0,-3.67383511561274e-14,0.0,9.82346860789029e-31,0.0,17776.9438935,2721.64948453608
1094,2684.53608247423,1368.69491752577,0.0,0.0,-1.2121541395753e-13,0.0,3.90523345585547e-31,0.0,18905.432853,2684.53608247423
1095,1476.3996,0.0,0.0,0.0,0.0,0.0,1219.892388,0.0,18905.432853,2696.291988
1096,83.16165,0.0,0.0,0.0,2883.5431838488,0.0,2.64953271479996e-14,0.0,15602.4051509968,2966.7048338488
1097,0.0,0.0,0.0,0.0,2472.24677585801,0.0,433.728564675961,0.0,12770.5073550541,2905.975340533971
1098,0.0,0.0,0.0,0.0,2975.94501718213,0.0,1.5398872402482399e-13,0.0,9361.63562861405,2975.94501718213
1099,0.0,0.0,0.0,0.0,0.0,0.0,2556.0,0.0,9361.63562861405,2556.0
1100,0.0,0.0,0.0,0.0,2934.70790378007,0.0,1.25266389090548e-13,0.0,6000.0,2934.70790378007
1101,0.0,0.0,0.0,0.0,0.0,0.0,2502.0,0.0,6000.0,2502.0
1102,0.0,0.0,0.0,0.0,0.0,0.0,2460.0,0.0,6000.0,2460.0
1103,0.0,0.0,0.0,0.0,0.0,0.0,2532.0,0.0,6000.0,2532.0
1104,0.0,0.0,0.0,0.0,0.0,0.0,2568.0,0.0,12000.0,2568.0
1105,0.0,0.0,0.0,0.0,0.0,0.0,2514.0,0.0,12000.0,2514.0
1106,0.0,0.0,0.0,0.0,0.0,0.0,2520.0,0.0,12000.0,2520.0
1107,0.0,0.0,0.0,0.0,0.0,0.0,2520.0,0.0,12000.0,2520.0
1108,0.0,0.0,0.0,0.0,0.0,0.0,2598.0,0.0,12000.0,2598.0
1109,0.0,0.0,0.0,0.0,0.0,0.0,2484.0,0.0,12000.0,2484.0
1110,0.0,0.0,0.0,0.0,0.0,0.0,2370.0,0.0,12000.0,2370.0
1111,0.0,0.0,0.0,0.0,0.0,0.0,2322.0,0.0,12000.0,2322.0
1112,152.28135,0.0,0.0,0.0,0.0,0.0,2168.2870905,0.0,12000.0,2320.5684405
1113,820.8993,0.0,0.0,0.0,0.0,0.0,1585.727679,0.0,12000.0,2406.626979
1114,136.67082,0.0,0.0,0.0,0.0,0.0,2249.4293046,0.0,12000.0,2386.1001246
1115,1627.1112,0.0,0.0,0.0,0.0,0.0,845.702136,0.0,12000.0,2472.813336
1116,197.47299,0.0,0.0,0.0,2419.76082439863,0.0,-1.5986543497987998e-13,0.0,9228.22356884465,2617.2338143986303
1117,176.12829,0.0,0.0,0.0,2560.31564570447,0.0,1.2551082954407e-13,0.0,6295.4450514283,2736.4439357044703
1118,2381.44329896907,327.122301030928,0.0,0.0,3.10132970281752e-14,0.0,1.14056328787246e-30,0.0,6565.1573886283,2381.44329896907
1119,1171.3182,0.0,0.0,0.0,493.382400272508,0.0,941.098510562101,0.0,6000.0,2605.7991108346087
1120,38.146056,0.0,0.0,0.0,0.0,0.0,2518.99832568,0.0,6000.0,2557.14438168
1121,0.0,0.0,0.0,0.0,0.0,0.0,2622.0,0.0,6000.0,2622.0
1122,0.0,0.0,0.0,0.0,0.0,0.0,2598.0,0.0,6000.0,2598.0
1123,0.0,0.0,0.0,0.0,0.0,0.0,2514.0,0.0,6000.0,2514.0
1124,0.0,0.0,0.0,0.0,0.0,0.0,2502.0,0.0,6000.0,2502.0
1125,0.0,0.0,0.0,0.0,0.0,0.0,2640.0,0.0,6000.0,2640.0
1126,0.0,0.0,0.0,0.0,0.0,0.0,2538.0,0.0,6000.0,2538.0
1127,0.0,0.0,0.0,0.0,0.0,0.0,2592.0,0.0,6000.0,2592.0
1128,0.0,0.0,0.0,0.0,0.0,0.0,2586.0,0.0,6000.0,2586.0
1129,0.0,0.0,0.0,0.0,0.0,0.0,2574.0,0.0,6000.0,2574.0
1130,0.0,0.0,0.0,0.0,0.0,0.0,2652.0,0.0,6000.0,2652.0
1131,0.0,0.0,0.0,0.0,0.0,0.0,2628.0,0.0,6000.0,2628.0
1132,0.0,0.0,0.0,0.0,0.0,0.0,2616.0,0.0,6000.0,2616.0
1133,0.0,0.0,0.0,0.0,0.0,0.0,2556.0,0.0,6000.0,2556.0
1134,0.0,0.0,0.0,0.0,0.0,0.0,2718.0,0.0,6000.0,2718.0
1135,0.0,0.0,0.0,0.0,0.0,0.0,2784.0,0.0,6000.0,2784.0
1136,149.66133,0.0,0.0,0.0,0.0,0.0,2680.8285099,0.0,6000.0,2830.4898399
1137,72.38088,0.0,0.0,0.0,0.0,0.0,2767.7905464,0.0,6000.0,2840.1714264
1138,135.56244,0.0,0.0,0.0,0.0,0.0,2700.5044332,0.0,6000.0,2836.0668732000004
1139,728.8671,0.0,0.0,0.0,0.0,0.0,2016.998913,0.0,6000.0,2745.866013
1140,197.43555,0.0,0.0,0.0,0.0,0.0,2310.4875165,0.0,6000.0,2507.9230665
1141,176.24997,0.0,0.0,0.0,0.0,0.0,2385.0375291,0.0,6000.0,2561.2874991
1142,2548.45360824742,1181.33089175258,0.0,0.0,-9.41147546838085e-14,0.0,-3.9537137332319194e-30,0.0,6974.00732025,2548.45360824742
1143,1007.7873,0.0,0.0,0.0,850.30839057825,0.0,1028.12709402519,0.0,6000.0,2886.22278460344
1144,51.71088,0.0,0.0,0.0,0.0,0.0,2583.8404464,0.0,6000.0,2635.5513264
1145,0.0,0.0,0.0,0.0,0.0,0.0,2694.0,0.0,6000.0,2694.0
1146,0.0,0.0,0.0,0.0,0.0,0.0,2628.0,0.0,6000.0,2628.0
1147,0.0,0.0,0.0,0.0,0.0,0.0,2592.0,0.0,6000.0,2592.0
1148,0.0,0.0,0.0,0.0,0.0,0.0,2634.0,0.0,6000.0,2634.0
1149,0.0,0.0,0.0,0.0,0.0,0.0,2682.0,0.0,6000.0,2682.0
1150,0.0,0.0,0.0,0.0,0.0,0.0,2628.0,0.0,6000.0,2628.0
1151,0.0,0.0,0.0,0.0,0.0,0.0,2664.0,0.0,6000.0,2664.0
1152,0.0,0.0,0.0,0.0,0.0,0.0,2640.0,0.0,12000.0,2640.0
1153,0.0,0.0,0.0,0.0,0.0,0.0,2682.0,0.0,12000.0,2682.0
1154,0.0,0.0,0.0,0.0,0.0,0.0,2640.0,0.0,12000.0,2640.0
1155,0.0,0.0,0.0,0.0,0.0,0.0,2580.0,0.0,12000.0,2580.0
1156,0.0,0.0,0.0,0.0,0.0,0.0,2604.0,0.0,12000.0,2604.0
1157,0.0,0.0,0.0,0.0,0.0,0.0,2460.0,0.0,12000.0,2460.0
1158,0.0,0.0,0.0,0.0,0.0,0.0,2544.0,0.0,12000.0,2544.0
1159,0.0,0.0,0.0,0.0,0.0,0.0,2604.0,0.0,12000.0,2604.0
1160,254.35683,0.0,0.0,0.0,0.0,0.0,2309.2738749,0.0,12000.0,2563.6307049
1161,74.50833,0.0,0.0,0.0,0.0,0.0,2471.7269199,0.0,12000.0,2546.2352499000003
1162,473.9397,0.0,0.0,0.0,0.0,0.0,1976.278491,0.0,12000.0,2450.218191
1163,2727.83505154639,2528.66294845361,0.0,0.0,0.0,0.0,1.27253808864928e-13,0.0,14084.882601,2727.83505154639
1164,2888.65979381443,4267.45020618557,0.0,0.0,0.0,0.0,-1.41309369703861e-13,0.0,17603.395296,2888.65979381443
1165,2894.84536082474,1911.74863917526,0.0,0.0,0.0,0.0,1.80170197203664e-14,0.0,19179.632049,2894.84536082474
1166,2802.0618556701,1458.6881443299,0.0,0.0,0.0,0.0,-1.66354169843694e-13,0.0,20382.320424,2802.0618556701
1167,2329.041,0.0,0.0,0.0,0.0,0.0,512.83023,0.0,20382.320424,2841.87123
1168,117.54015,0.0,0.0,0.0,0.0,0.0,2411.9860545,0.0,20382.320424,2529.5262045
1169,0.0,0.0,0.0,0.0,0.0,0.0,2652.0,0.0,20382.320424,2652.0
1170,0.0,0.0,0.0,0.0,0.0,0.0,2640.0,0.0,20382.320424,2640.0
1171,0.0,0.0,0.0,0.0,0.0,0.0,2688.0,0.0,20382.320424,2688.0
1172,0.0,0.0,0.0,0.0,0.0,0.0,2646.0,0.0,20382.320424,2646.0
1173,0.0,0.0,0.0,0.0,0.0,0.0,2640.0,0.0,20382.320424,2640.0
1174,0.0,0.0,0.0,0.0,0.0,0.0,2598.0,0.0,20382.320424,2598.0
1175,0.0,0.0,0.0,0.0,0.0,0.0,2526.0,0.0,20382.320424,2526.0
1176,0.0,0.0,0.0,0.0,0.0,0.0,2646.0,0.0,20382.320424,2646.0
1177,0.0,0.0,0.0,0.0,0.0,0.0,2634.0,0.0,20382.320424,2634.0
1178,0.0,0.0,0.0,0.0,0.0,0.0,2616.0,0.0,20382.320424,2616.0
1179,0.0,0.0,0.0,0.0,0.0,0.0,2538.0,0.0,20382.320424,2538.0
1180,0.0,0.0,0.0,0.0,0.0,0.0,2568.0,0.0,20382.320424,2568.0
1181,0.0,0.0,0.0,0.0,0.0,0.0,2394.0,0.0,20382.320424,2394.0
1182,0.0,0.0,0.0,0.0,0.0,0.0,2544.0,0.0,20382.320424,2544.0
1183,0.0,0.0,0.0,0.0,0.0,0.0,2628.0,0.0,20382.320424,2628.0
1184,354.30954,0.0,0.0,0.0,2699.10623848797,0.0,-7.79694420343305e-14,0.0,17290.5607006461,3053.4157784879703
1185,1645.9287,0.0,0.0,0.0,1229.60957731959,0.0,-9.3540091979137e-14,0.0,15882.0732123075,2875.5382773195897
1186,176.41182,0.0,0.0,0.0,2807.42329278351,0.0,-7.29119290670698e-15,0.0,12666.2389708602,2983.83511278351
1187,427.6584,0.0,0.0,0.0,2445.78619931271,0.0,1.61687172449576e-13,0.0,9864.65111368639,2873.4445993127097
1188,2647.42268041237,482.725119587629,0.0,0.0,-2.05692476758932e-13,0.0,1.08175089545092e-29,0.0,10262.6579747864,2647.42268041237
1189,196.17897,0.0,0.0,0.0,2744.22267938144,0.0,-9.60791931714385e-14,0.0,7119.2184795041,2940.40164938144
1190,132.96738,0.0,0.0,0.0,0.0,0.0,2373.0216414,0.0,7119.2184795041,2505.9890214
1191,68.63688,0.0,0.0,0.0,0.0,0.0,2483.4222264,0.0,7119.2184795041,2552.0591064
1192,89.76903,0.0,0.0,0.0,977.077732607079,0.0,1621.93518033402,0.0,6000.0,2688.7819429410997
1193,0.0,0.0,0.0,0.0,0.0,0.0,2460.0,0.0,6000.0,2460.0
1194,0.0,0.0,0.0,0.0,0.0,0.0,2328.0,0.0,6000.0,2328.0
1195,0.0,0.0,0.0,0.0,0.0,0.0,2280.0,0.0,6000.0,2280.0
1196,0.0,0.0,0.0,0.0,0.0,0.0,2292.0,0.0,6000.0,2292.0
1197,0.0,0.0,0.0,0.0,0.0,0.0,2346.0,0.0,6000.0,2346.0
1198,0.0,0.0,0.0,0.0,0.0,0.0,2316.0,0.0,6000.0,2316.0
1199,0.0,0.0,0.0,0.0,0.0,0.0,2220.0,0.0,6000.0,2220.0
1200,0.0,0.0,0.0,0.0,0.0,0.0,2298.0,0.0,12000.0,2298.0
1201,0.0,0.0,0.0,0.0,0.0,0.0,2268.0,0.0,12000.0,2268.0
1202,0.0,0.0,0.0,0.0,0.0,0.0,2244.0,0.0,12000.0,2244.0
1203,0.0,0.0,0.0,0.0,0.0,0.0,2202.0,0.0,12000.0,2202.0
1204,0.0,0.0,0.0,0.0,0.0,0.0,2148.0,0.0,12000.0,2148.0
1205,0.0,0.0,0.0,0.0,0.0,0.0,2142.0,0.0,12000.0,2142.0
1206,0.0,0.0,0.0,0.0,0.0,0.0,2286.0,0.0,12000.0,2286.0
1207,0.0,0.0,0.0,0.0,0.0,0.0,2364.0,0.0,12000.0,2364.0
1208,211.03563,0.0,0.0,0.0,0.0,0.0,2081.2954389,0.0,12000.0,2292.3310689
1209,7.319871,0.0,0.0,0.0,0.0,0.0,2392.89972513,0.0,12000.0,2400.2195961300004
1210,511.797,0.0,0.0,0.0,0.0,0.0,1987.55691,0.0,12000.0,2499.35391
1211,745.6527,0.0,0.0,0.0,0.0,0.0,1736.716881,0.0,12000.0,2482.369581
1212,299.42523,0.0,0.0,0.0,0.0,0.0,2187.5575269,0.0,12000.0,2486.9827569
1213,68.13378,0.0,0.0,0.0,0.0,0.0,2381.9102334,0.0,12000.0,2450.0440134
1214,46.85031,0.0,0.0,0.0,0.0,0.0,2534.5551993,0.0,12000.0,2581.4055093
1215,24.472071,0.0,0.0,0.0,0.0,0.0,2514.26209113,0.0,12000.0,2538.73416213
1216,7.361172,0.0,0.0,0.0,0.0,0.0,2656.85966316,0.0,12000.0,2664.22083516
1217,0.0,0.0,0.0,0.0,0.0,0.0,2556.0,0.0,12000.0,2556.0
1218,0.0,0.0,0.0,0.0,0.0,0.0,2424.0,0.0,12000.0,2424.0
1219,0.0,0.0,0.0,0.0,0.0,0.0,2412.0,0.0,12000.0,2412.0
1220,0.0,0.0,0.0,0.0,0.0,0.0,2490.0,0.0,12000.0,2490.0
1221,0.0,0.0,0.0,0.0,0.0,0.0,2466.0,0.0,12000.0,2466.0
1222,0.0,0.0,0.0,0.0,0.0,0.0,2448.0,0.0,12000.0,2448.0
1223,0.0,0.0,0.0,0.0,0.0,0.0,2424.0,0.0,12000.0,2424.0
1224,0.0,0.0,0.0,0.0,0.0,0.0,2484.0,0.0,12000.0,2484.0
1225,0.0,0.0,0.0,0.0,0.0,0.0,2376.0,0.0,12000.0,2376.0
1226,0.0,0.0,0.0,0.0,2659.79381443299,0.0,6.61156353033352e-14,0.0,8953.27169022567,2659.79381443299
1227,0.0,0.0,0.0,0.0,1182.00745663771,0.0,1206.10749035528,0.0,7599.31125879645,2388.11494699299
1228,0.0,0.0,0.0,0.0,0.0,0.0,2256.0,0.0,7599.31125879645,2256.0
1229,0.0,0.0,0.0,0.0,0.0,0.0,2154.0,0.0,7599.31125879645,2154.0
1230,0.0,0.0,0.0,0.0,0.0,0.0,2136.0,0.0,7599.31125879645,2136.0
1231,0.0,0.0,0.0,0.0,0.0,0.0,2304.0,0.0,7599.31125879645,2304.0
1232,211.01847,0.0,0.0,0.0,0.0,0.0,2243.3120841,0.0,7599.31125879645,2454.3305541
1233,1802.7165,0.0,0.0,0.0,0.0,0.0,489.364995,0.0,7599.31125879645,2292.081495
1234,2486.59793814433,1583.63706185567,0.0,0.0,0.0,0.0,8.89936463582418e-14,0.0,8905.02001629645,2486.59793814433
1235,1198.7274,0.0,0.0,0.0,0.0,0.0,1219.234422,0.0,8905.02001629645,2417.961822
1236,68.5659,0.0,0.0,0.0,0.0,0.0,2267.491077,0.0,8905.02001629645,2336.056977
1237,1462.3986,0.0,0.0,0.0,0.0,0.0,903.473358,0.0,8905.02001629645,2365.871958
1238,448.8939,0.0,0.0,0.0,0.0,0.0,1976.572917,0.0,8905.02001629645,2425.466817
1239,29.281395,0.0,0.0,0.0,0.0,0.0,2341.59704685,0.0,8905.02001629645,2370.87844185
1240,77.2473,0.0,0.0,0.0,0.0,0.0,2373.070119,0.0,8905.02001629645,2450.317419
1241,0.0,0.0,0.0,0.0,0.0,0.0,2394.0,0.0,8905.02001629645,2394.0
1242,0.0,0.0,0.0,0.0,0.0,0.0,2502.0,0.0,8905.02001629645,2502.0
1243,0.0,0.0,0.0,0.0,0.0,0.0,2406.0,0.0,8905.02001629645,2406.0
1244,0.0,0.0,0.0,0.0,0.0,0.0,2340.0,0.0,8905.02001629645,2340.0
1245,0.0,0.0,0.0,0.0,0.0,0.0,2322.0,0.0,8905.02001629645,2322.0
1246,0.0,0.0,0.0,0.0,0.0,0.0,2292.0,0.0,8905.02001629645,2292.0
1247,0.0,0.0,0.0,0.0,2536.0824742268,0.0,-2.00513694994932e-14,0.0,6000.0,2536.0824742268
1248,0.0,0.0,0.0,0.0,0.0,0.0,2220.0,0.0,12000.0,2220.0
1249,0.0,0.0,0.0,0.0,2384.87972508591,0.0,6.96488151612213e-15,0.0,9268.17900906539,2384.87972508591
1250,0.0,0.0,0.0,0.0,427.003436426117,0.0,1763.226,0.0,8779.05708876056,2190.229436426117
1251,0.0,0.0,0.0,0.0,2426.11683848797,0.0,3.56872164503982e-14,0.0,6000.0,2426.11683848797
1252,0.0,0.0,0.0,0.0,0.0,0.0,2004.0,0.0,6000.0,2004.0
1253,0.0,0.0,0.0,0.0,0.0,0.0,1830.0,0.0,6000.0,1830.0
1254,0.0,0.0,0.0,0.0,0.0,0.0,1824.0,0.0,6000.0,1824.0
1255,0.0,0.0,0.0,0.0,0.0,0.0,1818.0,0.0,6000.0,1818.0
1256,30.521595,0.0,0.0,0.0,0.0,0.0,1788.39405285,0.0,6000.0,1818.91564785
1257,94.22829,0.0,0.0,0.0,0.0,0.0,1630.5985587,0.0,6000.0,1724.8268487
1258,176.60721,0.0,0.0,0.0,0.0,0.0,1592.6910063,0.0,6000.0,1769.2982163
1259,1861.85567010309,961.065729896907,0.0,0.0,1.11521503604279e-13,0.0,3.9846343307285194e-30,0.0,6792.3986943,1861.85567010309
1260,1830.92783505155,5955.38316494845,0.0,0.0,-4.3088521116605504e-14,0.0,1.28030016779502e-30,0.0,11702.6121138,1830.92783505155
1261,1787.62886597938,3434.82213402062,0.0,0.0,-5.74326219985257e-14,0.0,2.8009873003215498e-30,0.0,14534.6229633,1787.62886597938
1262,1843.29896907216,2769.19203092783,0.0,0.0,6.92829722035775e-14,0.0,-1.8206819889367697e-30,0.0,16817.8217928,1843.29896907216
1263,1824.74226804124,810.167931958763,0.0,0.0,2.70444408028764e-14,0.0,6.38108534493262e-31,0.0,17485.8052527,1824.74226804124
1264,55.72125,0.0,0.0,0.0,1951.83320446735,0.0,-9.90783753627736e-14,0.0,15250.0283861853,2007.55445446735
1265,0.0,0.0,0.0,0.0,1883.16151202749,0.0,-1.1661495747668e-14,0.0,13092.9132521332,1883.16151202749
1266,0.0,0.0,0.0,0.0,1938.14432989691,0.0,-3.9530788722613704e-14,0.0,10872.8166543131,1938.14432989691
1267,0.0,0.0,0.0,0.0,615.724457084765,0.0,1094.472548965,0.0,10167.5194526124,1710.1970060497652
1268,0.0,0.0,0.0,0.0,0.0,0.0,1632.0,0.0,10167.5194526124,1632.0
1269,0.0,0.0,0.0,0.0,0.0,0.0,1620.0,0.0,10167.5194526124,1620.0
1270,0.0,0.0,0.0,0.0,0.0,0.0,1638.0,0.0,10167.5194526124,1638.0
1271,0.0,0.0,0.0,0.0,0.0,0.0,1650.0,0.0,10167.5194526124,1650.0
1272,0.0,0.0,0.0,0.0,0.0,0.0,1632.0,0.0,10167.5194526124,1632.0
1273,0.0,0.0,0.0,0.0,0.0,0.0,1596.0,0.0,10167.5194526124,1596.0
1274,0.0,0.0,0.0,0.0,0.0,0.0,1638.0,0.0,10167.5194526124,1638.0
1275,0.0,0.0,0.0,0.0,0.0,0.0,1644.0,0.0,10167.5194526124,1644.0
1276,0.0,0.0,0.0,0.0,0.0,0.0,1620.0,0.0,10167.5194526124,1620.0
1277,0.0,0.0,0.0,0.0,0.0,0.0,1596.0,0.0,10167.5194526124,1596.0
1278,0.0,0.0,0.0,0.0,0.0,0.0,1674.0,0.0,10167.5194526124,1674.0
1279,0.0,0.0,0.0,0.0,1965.63573883162,0.0,4.5783174120884305e-14,0.0,7915.93212290833,1965.63573883162
1280,276.09543,0.0,0.0,0.0,1672.60874329897,0.0,-4.7278432292154504e-14,0.0,6000.0,1948.70417329897
1281,1744.32989690722,876.037203092783,0.0,0.0,-7.1776722880446e-14,0.0,-1.1877301292154599e-30,0.0,6722.29267395,1744.32989690722
1282,1688.65979381443,4194.84120618557,0.0,0.0,5.4145100076597504e-14,0.0,-9.51426263292429e-31,0.0,10180.93924845,1688.65979381443
1283,1694.84536082474,7357.67863917526,0.0,0.0,-1.59878618428844e-14,0.0,-3.0923462999067404e-31,0.0,16247.34528645,1694.84536082474
1284,1713.40206185567,6446.68493814433,0.0,0.0,2.6250669557816702e-14,0.0,-1.33228723889333e-32,0.0,21562.63701795,1713.40206185567
1285,1824.74226804124,4207.67621273843,0.0,738.644519220336,2.70444408028764e-14,0.0,6.38108534493262e-31,0.0,25031.8660553528,1824.74226804124
1286,1793.81443298969,0.0,0.0,942.64006701031,1.25071833241139e-13,0.0,1.81251579131978e-30,0.0,25031.8660553528,1793.8144329896902
1287,237.53184,0.0,0.0,0.0,1715.4571766323,0.0,1.0323221702592501e-14,0.0,23066.8521073204,1952.9890166323
1288,223.56399,0.0,0.0,0.0,1703.48560103093,0.0,-9.45173084669354e-14,0.0,21115.5513043068,1927.04959103093
1289,0.0,0.0,0.0,0.0,1883.16151202749,0.0,-1.1661495747668e-14,0.0,18958.4361702546,1883.16151202749
1290,0.0,0.0,0.0,0.0,1896.90721649485,0.0,-6.82531236568898e-14,0.0,16785.5756702605,1896.90721649485
1291,0.0,0.0,0.0,0.0,1890.03436426117,0.0,5.92912996286919e-14,0.0,14620.5878532374,1890.03436426117
1292,0.0,0.0,0.0,0.0,1862.54295532646,0.0,-2.6022663214806e-14,0.0,12487.0907680983,1862.54295532646
1293,0.0,0.0,0.0,0.0,1883.16151202749,0.0,-1.1661495747668e-14,0.0,10329.9756340462,1883.16151202749
1294,0.0,0.0,0.0,0.0,1903.78006872852,0.0,2.6996717194700902e-15,0.0,8149.24245108112,1903.78006872852
1295,0.0,0.0,0.0,0.0,1876.28865979381,0.0,-8.261429112402781e-14,0.0,6000.0,1876.28865979381
1296,0.0,0.0,0.0,0.0,1890.03436426117,0.0,5.92912996286919e-14,0.0,9835.0121829769,1890.03436426117
1297,0.0,0.0,0.0,0.0,1841.92439862543,0.0,-4.03838306819441e-14,0.0,7725.13314675075,1841.92439862543
1298,0.0,0.0,0.0,0.0,1506.0412371134,0.0,365.226,0.0,6000.0,1871.2672371134
1299,0.0,0.0,0.0,0.0,0.0,0.0,1644.0,0.0,6000.0,1644.0
1300,0.0,0.0,0.0,0.0,0.0,0.0,1632.0,0.0,6000.0,1632.0
1301,0.0,0.0,0.0,0.0,0.0,0.0,1614.0,0.0,6000.0,1614.0
1302,0.0,0.0,0.0,0.0,0.0,0.0,1872.0,0.0,6000.0,1872.0
1303,0.0,0.0,0.0,0.0,0.0,0.0,1974.0,0.0,6000.0,1974.0
1304,745.1457,0.0,0.0,0.0,0.0,0.0,1197.208671,0.0,6000.0,1942.354371
1305,1911.34020618557,4995.24779381443,0.0,0.0,5.5732642566716996e-14,0.0,3.5143655047196103e-31,0.0,10118.581806,1911.34020618557
1306,1954.63917525773,5219.72282474227,0.0,0.0,7.00767434486373e-14,0.0,4.34015398000897e-30,0.0,14422.243275,1954.63917525773
1307,2022.68041237113,8076.29158762887,0.0,0.0,5.6526413811776704e-14,0.0,1.00286795735416e-30,0.0,21081.145689,2022.68041237113
1308,1973.19587628866,7308.80412371134,0.0,0.0,1.12315274849338e-13,0.0,-8.733388244528351e-31,0.0,27107.254689,1973.19587628866
1309,2078.35051546392,6008.53348453608,0.0,0.0,1.8324200801388e-13,0.0,1.8906032301593797e-30,0.0,32061.290547,2078.35051546392
1310,2109.27835051546,4152.36664948454,0.0,0.0,-1.75236329949276e-13,0.0,-4.12256449085085e-31,0.0,35484.9168495,2109.27835051546
1311,2276.28865979381,1672.50034020619,0.0,0.0,-3.99134361363664e-14,0.0,-1.6233787667397498e-30,0.0,36863.89338,2276.28865979381
1312,646.9983,0.0,0.0,0.0,1775.95836082474,0.0,2.56647296496211e-14,0.0,34829.5768154814,2422.95666082474
1313,0.0,0.0,0.0,0.0,2563.57388316151,0.0,-1.33234625317937e-13,0.0,31893.066067301,2563.57388316151
1314,0.0,0.0,0.0,0.0,2632.30240549828,0.0,1.79298891121779e-13,0.0,28877.8284894106,2632.30240549828
1315,0.0,0.0,0.0,0.0,2694.15807560137,0.0,2.3885174861251402e-14,0.0,25791.7367647813,2694.15807560137
1316,0.0,0.0,0.0,0.0,2646.04810996564,0.0,-7.57899554493846e-14,0.0,22760.753820949,2646.04810996564
1317,0.0,0.0,0.0,0.0,2673.53951890034,0.0,-1.88973211267828e-13,0.0,19698.2801452327,2673.53951890034
1318,0.0,0.0,0.0,0.0,2604.81099656357,0.0,-1.04512290383661e-13,0.0,16714.5332992263,2604.81099656357
1319,0.0,0.0,0.0,0.0,0.0,0.0,2358.0,0.0,16714.5332992263,2358.0
1320,0.0,0.0,0.0,0.0,0.0,0.0,2304.0,0.0,16714.5332992263,2304.0
1321,0.0,0.0,0.0,0.0,2462.37964238949,0.0,52.3425721939776,0.0,13893.9380616667,2514.722214583468
1322,0.0,0.0,0.0,0.0,0.0,0.0,2250.0,0.0,13893.9380616667,2250.0
1323,0.0,0.0,0.0,0.0,0.0,0.0,2190.0,0.0,13893.9380616667,2190.0
1324,0.0,0.0,0.0,0.0,0.0,0.0,2178.0,0.0,13893.9380616667,2178.0
1325,0.0,0.0,0.0,0.0,0.0,0.0,2100.0,0.0,13893.9380616667,2100.0
1326,0.0,0.0,0.0,0.0,2446.735395189,0.0,-1.48448834744405e-13,0.0,11091.2629239932,2446.735395189
1327,0.0,0.0,0.0,0.0,2474.22680412371,0.0,1.35362346761034e-13,0.0,8257.09705443567,2474.22680412371
1328,428.6607,0.0,0.0,0.0,1970.44572852234,0.0,6.28447440372112e-14,0.0,6000.0,2399.10642852234
1329,2202.0618556701,838.986544329897,0.0,0.0,-2.08867561739171e-13,0.0,8.21178332698038e-30,0.0,6691.7444058,2202.0618556701
1330,2263.9175257732,4894.2594742268,0.0,0.0,1.0035248770259699e-13,0.0,2.6016425287202897e-30,0.0,10727.0613423,2263.9175257732
1331,2375.25773195876,4608.3313136371,0.0,2982.23695440414,-1.5149115821149e-13,0.0,2.12903479687423e-30,0.0,14526.6305103938,2375.25773195876
1332,2468.0412371134,6729.2117628866,0.0,0.0,5.97014987920158e-14,0.0,-1.90081097718061e-30,0.0,20074.8656088938,2468.0412371134
1333,2443.29896907217,7659.57303092783,0.0,0.0,-1.6504148784835e-13,0.0,4.30115333628296e-30,0.0,26390.1835728938,2443.29896907217
1334,2294.84536082474,3953.69563917526,0.0,0.0,2.3250952643346703e-15,0.0,4.98841313778767e-32,0.0,29650.0056273938,2294.84536082474
1335,1256.7984,0.0,0.0,0.0,1249.60544329897,0.0,-1.00584332981786e-14,0.0,28218.6133670284,2506.40384329897
1336,227.37156,0.0,0.0,0.0,2290.32025979381,0.0,4.30447250809988e-16,0.0,25595.1079148018,2517.69181979381
1337,0.0,0.0,0.0,0.0,2426.11683848797,0.0,3.56872164503982e-14,0.0,22816.0508260413,2426.11683848797
1338,0.0,0.0,0.0,0.0,2494.84536082474,0.0,-4.8773704433769304e-14,0.0,19958.2669075708,2494.84536082474
1339,0.0,0.0,0.0,0.0,2494.84536082474,0.0,-4.8773704433769304e-14,0.0,17100.4829891003,2494.84536082474
1340,0.0,0.0,0.0,0.0,2529.20962199313,0.0,-9.10041648758531e-14,0.0,14203.3356557748,2529.20962199313
1341,0.0,0.0,0.0,0.0,2412.37113402062,0.0,-1.06218374302322e-13,0.0,11440.0239329562,2412.37113402062
1342,0.0,0.0,0.0,0.0,2323.02405498282,0.0,1.6237859777665e-13,0.0,8779.05708876056,2323.02405498282
1343,0.0,0.0,0.0,0.0,2426.11683848797,0.0,3.56872164503982e-14,0.0,6000.0,2426.11683848797
1344,0.0,0.0,0.0,0.0,0.0,0.0,2076.0,0.0,12000.0,2076.0
1345,0.0,0.0,0.0,0.0,0.0,0.0,1956.0,0.0,12000.0,1956.0
1346,0.0,0.0,0.0,0.0,0.0,0.0,1950.0,0.0,12000.0,1950.0
1347,0.0,0.0,0.0,0.0,0.0,0.0,2016.0,0.0,12000.0,2016.0
1348,0.0,0.0,0.0,0.0,0.0,0.0,1992.0,0.0,12000.0,1992.0
1349,0.0,0.0,0.0,0.0,0.0,0.0,1950.0,0.0,12000.0,1950.0
1350,0.0,0.0,0.0,0.0,0.0,0.0,2292.0,0.0,12000.0,2292.0
1351,0.0,0.0,0.0,0.0,0.0,0.0,2280.0,0.0,12000.0,2280.0
1352,339.52815,0.0,0.0,0.0,0.0,0.0,1956.6576945,0.0,12000.0,2296.1858445
1353,2430.92783505155,31.1421649484537,0.0,0.0,0.0,0.0,-2.1629067380194302e-14,0.0,12025.676715,2430.92783505155
1354,2307.21649484536,3928.96150515464,0.0,0.0,0.0,0.0,-1.20422343345651e-13,0.0,15265.105476,2307.21649484536
1355,2270.10309278351,4754.0309072165,0.0,0.0,0.0,0.0,-1.9417081917127499e-13,0.0,19184.803959,2270.10309278351
1356,2270.10309278351,6092.8619072165,0.0,0.0,0.0,0.0,-1.9417081917127499e-13,0.0,24208.3686015,2270.10309278351
1357,2536.0824742268,714.060525773196,0.0,0.0,0.0,0.0,4.0289970672450503e-14,0.0,24797.111505,2536.0824742268
1358,2579.38144329897,1736.82655670103,0.0,0.0,0.0,0.0,-1.67740094437568e-13,0.0,26229.125001,2579.38144329897
1359,2647.42268041237,557.449119587629,0.0,0.0,0.0,0.0,-1.79569532210547e-13,0.0,26688.7418001,2647.42268041237
1360,212.57028,0.0,0.0,0.0,0.0,0.0,2463.8068284,0.0,26688.7418001,2676.3771084
1361,0.0,0.0,0.0,0.0,0.0,0.0,2598.0,0.0,26688.7418001,2598.0
1362,0.0,0.0,0.0,0.0,0.0,0.0,2484.0,0.0,26688.7418001,2484.0
1363,0.0,0.0,0.0,0.0,0.0,0.0,2490.0,0.0,26688.7418001,2490.0
1364,0.0,0.0,0.0,0.0,0.0,0.0,2358.0,0.0,26688.7418001,2358.0
1365,0.0,0.0,0.0,0.0,0.0,0.0,2490.0,0.0,26688.7418001,2490.0
1366,0.0,0.0,0.0,0.0,0.0,0.0,2382.0,0.0,26688.7418001,2382.0
1367,0.0,0.0,0.0,0.0,0.0,0.0,2382.0,0.0,26688.7418001,2382.0
1368,0.0,0.0,0.0,0.0,0.0,0.0,2292.0,0.0,26688.7418001,2292.0
1369,0.0,0.0,0.0,0.0,0.0,0.0,2286.0,0.0,26688.7418001,2286.0
1370,0.0,0.0,0.0,0.0,0.0,0.0,2268.0,0.0,26688.7418001,2268.0
1371,0.0,0.0,0.0,0.0,0.0,0.0,2268.0,0.0,26688.7418001,2268.0
1372,0.0,0.0,0.0,0.0,1756.1040682227,0.0,602.921148441585,0.0,24677.1678387911,2359.025216664285
1373,0.0,0.0,0.0,0.0,2439.86254295533,0.0,1.7759280720311799e-13,0.0,21882.3653840885,2439.86254295533
1374,0.0,0.0,0.0,0.0,2494.84536082474,0.0,-4.8773704433769304e-14,0.0,19024.581465618,2494.84536082474
1375,0.0,0.0,0.0,0.0,2556.70103092783,0.0,1.92807016629586e-13,0.0,16095.9434004086,2556.70103092783
1376,7.197177,0.0,0.0,0.0,2363.13715728522,0.0,-5.17361493072506e-14,0.0,13389.0279854198,2370.33433428522
1377,112.32585,0.0,0.0,0.0,2589.97013230241,0.0,7.7360287300192e-14,0.0,10422.2809839279,2702.2959823024103
1378,216.1887,0.0,0.0,0.0,2453.94840893471,0.0,6.178077443292391e-15,0.0,7611.34351664876,2670.1371089347103
1379,1152.5241,0.0,0.0,0.0,1406.70289003436,0.0,-3.16072450167682e-14,0.0,6000.0,2559.22699003436
1380,2362.88659793814,2641.35940206186,0.0,0.0,-1.12252343725259e-14,0.0,-5.32699610245165e-31,0.0,8177.800827,2362.88659793814
1381,1428.9132,0.0,0.0,0.0,1037.74821993127,0.0,-8.79691906520263e-14,0.0,6989.08579844184,2466.66141993127
1382,1902.3498,0.0,0.0,0.0,504.834701030928,0.0,1.1014895131166701e-14,0.0,6410.81008133883,2407.184501030928
1383,1862.1018,0.0,0.0,0.0,358.637201008801,0.0,124.670977519317,0.0,6000.0,2345.4099785281182
1384,310.79646,0.0,0.0,0.0,0.0,0.0,1912.5274338,0.0,6000.0,2223.3238938
1385,0.0,0.0,0.0,0.0,0.0,0.0,2244.0,0.0,6000.0,2244.0
1386,0.0,0.0,0.0,0.0,0.0,0.0,2160.0,0.0,6000.0,2160.0
1387,0.0,0.0,0.0,0.0,0.0,0.0,2160.0,0.0,6000.0,2160.0
1388,0.0,0.0,0.0,0.0,0.0,0.0,2022.0,0.0,6000.0,2022.0
1389,0.0,0.0,0.0,0.0,0.0,0.0,2130.0,0.0,6000.0,2130.0
1390,0.0,0.0,0.0,0.0,0.0,0.0,2136.0,0.0,6000.0,2136.0
1391,0.0,0.0,0.0,0.0,0.0,0.0,2184.0,0.0,6000.0,2184.0
1392,0.0,0.0,0.0,0.0,0.0,0.0,2160.0,0.0,12000.0,2160.0
1393,0.0,0.0,0.0,0.0,0.0,0.0,2220.0,0.0,12000.0,2220.0
1394,0.0,0.0,0.0,0.0,0.0,0.0,2040.0,0.0,12000.0,2040.0
1395,0.0,0.0,0.0,0.0,0.0,0.0,2154.0,0.0,12000.0,2154.0
1396,0.0,0.0,0.0,0.0,0.0,0.0,2100.0,0.0,12000.0,2100.0
1397,0.0,0.0,0.0,0.0,0.0,0.0,2142.0,0.0,12000.0,2142.0
1398,0.0,0.0,0.0,0.0,0.0,0.0,2004.0,0.0,12000.0,2004.0
1399,10.327434,0.0,0.0,0.0,0.0,0.0,2113.98238902,0.0,12000.0,2124.30982302
1400,7.471308,0.0,0.0,0.0,0.0,0.0,2260.75283124,0.0,12000.0,2268.22413924
1401,406.2981,0.0,0.0,0.0,0.0,0.0,1897.890843,0.0,12000.0,2304.188943
1402,745.0404,0.0,0.0,0.0,0.0,0.0,1545.310812,0.0,12000.0,2290.351212
1403,2350.51546391753,2408.14753608247,0.0,0.0,0.0,0.0,1.1265252190419999e-13,0.0,13985.5176435,2350.51546391753
1404,2393.81443298969,2666.27956701031,0.0,0.0,0.0,0.0,-9.53775432058184e-14,0.0,16183.8651465,2393.81443298969
1405,2400.0,5448.633,0.0,0.0,7.32518284288763e-14,0.0,-4.07292951658934e-30,0.0,20676.263055,2400.0
1406,1642.0794,0.0,0.0,0.0,821.515443298969,0.0,-1.8376137175498103e-15,0.0,19735.2373467538,2463.594843298969
1407,151.29855,0.0,0.0,0.0,2443.57434879725,0.0,5.11796371483748e-14,0.0,16936.1831098726,2594.87289879725
1408,41.44023,0.0,0.0,0.0,0.0,0.0,2377.8029769,0.0,16936.1831098726,2419.2432069
1409,0.0,0.0,0.0,0.0,0.0,0.0,2328.0,0.0,16936.1831098726,2328.0
1410,0.0,0.0,0.0,0.0,2646.04810996564,0.0,-7.57899554493846e-14,0.0,13905.2001660403,2646.04810996564
1411,0.0,0.0,0.0,0.0,0.0,0.0,2196.0,0.0,13905.2001660403,2196.0
1412,0.0,0.0,0.0,0.0,0.0,0.0,2358.0,0.0,13905.2001660403,2358.0
1413,0.0,0.0,0.0,0.0,0.0,0.0,2406.0,0.0,13905.2001660403,2406.0
1414,0.0,0.0,0.0,0.0,0.0,0.0,2370.0,0.0,13905.2001660403,2370.0
1415,0.0,0.0,0.0,0.0,0.0,0.0,2460.0,0.0,13905.2001660403,2460.0
1416,0.0,0.0,0.0,0.0,0.0,0.0,2496.0,0.0,13905.2001660403,2496.0
1417,0.0,0.0,0.0,0.0,0.0,0.0,2418.0,0.0,13905.2001660403,2418.0
1418,0.0,0.0,0.0,0.0,0.0,0.0,2442.0,0.0,13905.2001660403,2442.0
1419,0.0,0.0,0.0,0.0,0.0,0.0,2454.0,0.0,13905.2001660403,2454.0
1420,0.0,0.0,0.0,0.0,0.0,0.0,2400.0,0.0,13905.2001660403,2400.0
1421,0.0,0.0,0.0,0.0,0.0,0.0,2238.0,0.0,13905.2001660403,2238.0
1422,0.0,0.0,0.0,0.0,0.0,0.0,2472.0,0.0,13905.2001660403,2472.0
1423,68.79132,0.0,0.0,0.0,509.122642582013,0.0,1978.8083526259,0.0,13322.0127174927,2556.722315207913
1424,29.001219,0.0,0.0,0.0,2895.61147487972,0.0,5.38016057925001e-14,0.0,10005.1610853281,2924.61269387972
1425,385.46196,0.0,0.0,0.0,2582.01821168385,0.0,1.81938052555502e-13,0.0,7047.52281306708,2967.48017168385
1426,1713.0438,0.0,0.0,0.0,914.48741580756,0.0,-5.76518847628982e-15,0.0,6000.0,2627.53121580756
1427,2696.90721649485,3227.15378350516,0.0,0.0,2.437934965218e-13,0.0,-1.5864196724179897e-30,0.0,8660.7882945,2696.9072164948507
1428,2622.68041237113,6194.04958762887,0.0,0.0,7.48393709189958e-14,0.0,-2.77006670282495e-30,0.0,13767.7821795,2622.68041237113
1429,2591.75257731959,1395.64642268041,0.0,0.0,1.72866763357259e-13,0.0,6.66844739709689e-30,0.0,14918.492655,2591.75257731959
1430,2523.71134020619,2047.24465979381,0.0,0.0,1.86417092994119e-13,0.0,4.4963288576881596e-30,0.0,16606.445877,2523.71134020619
1431,2709.27835051546,1128.77794948454,0.0,0.0,1.03527572682836e-13,0.0,5.2073681562490696e-30,0.0,17537.12329635,2709.27835051546
1432,260.77311,0.0,0.0,0.0,2596.85003814433,0.0,-1.35769617093041e-14,0.0,14562.4955321526,2857.62314814433
1433,0.0,0.0,0.0,0.0,2776.6323024055,0.0,8.13298447298036e-14,0.0,11381.9316118714,2776.6323024055
1434,0.0,0.0,0.0,0.0,2714.77663230241,0.0,-1.60250876333552e-13,0.0,8272.22183832911,2714.77663230241
1435,0.0,0.0,0.0,0.0,1983.64966486132,0.0,650.27384257607,0.0,6000.0,2633.92350743739
1436,0.0,0.0,0.0,0.0,0.0,0.0,2418.0,0.0,6000.0,2418.0
1437,0.0,0.0,0.0,0.0,0.0,0.0,2412.0,0.0,6000.0,2412.0
1438,0.0,0.0,0.0,0.0,0.0,0.0,2370.0,0.0,6000.0,2370.0
1439,0.0,0.0,0.0,0.0,0.0,0.0,2466.0,0.0,6000.0,2466.0
1440,0.0,0.0,0.0,0.0,0.0,0.0,2472.0,0.0,12000.0,2472.0
1441,0.0,0.0,0.0,0.0,0.0,0.0,2424.0,0.0,12000.0,2424.0
1442,0.0,0.0,0.0,0.0,0.0,0.0,2526.0,0.0,12000.0,2526.0
1443,0.0,0.0,0.0,0.0,0.0,0.0,2526.0,0.0,12000.0,2526.0
1444,0.0,0.0,0.0,0.0,0.0,0.0,2562.0,0.0,12000.0,2562.0
1445,0.0,0.0,0.0,0.0,0.0,0.0,2322.0,0.0,12000.0,2322.0
1446,0.0,0.0,0.0,0.0,0.0,0.0,2292.0,0.0,12000.0,2292.0
1447,241.20876,0.0,0.0,0.0,0.0,0.0,2046.0275028,0.0,12000.0,2287.2362628
1448,1603.7034,0.0,0.0,0.0,0.0,0.0,772.407702,0.0,12000.0,2376.111102
1449,2400.0,1805.877,0.0,0.0,0.0,0.0,6.3948846218409e-14,0.0,13488.9455865,2400.0
1450,2437.11340206186,5264.41159793814,0.0,0.0,1.57728891230278e-13,0.0,-3.4811060013858595e-30,0.0,17829.452949,2437.11340206186
1451,1797.237,0.0,0.0,0.0,848.430824742268,0.0,-3.7032722089338905e-14,0.0,16857.596334175,2645.667824742268
1452,2579.38144329897,366.974956701031,0.0,0.0,-1.92142147122071e-13,0.0,8.645390415100429e-30,0.0,17160.167185975,2579.38144329897
1453,2201.9907,0.0,0.0,0.0,391.831639175258,0.0,-2.22118649887633e-14,0.0,16711.3336932198,2593.8223391752576
1454,1029.5454,0.0,0.0,0.0,1728.91290034364,0.0,-3.39438876395728e-16,0.0,14730.9065450598,2758.45830034364
1455,489.6801,0.0,0.0,0.0,1793.51340284067,0.0,611.273102320095,0.0,12676.4811122526,2894.466605160765
1456,66.05625,0.0,0.0,0.0,0.0,0.0,2575.9254375,0.0,12676.4811122526,2641.9816875
1457,0.0,0.0,0.0,0.0,0.0,0.0,2592.0,0.0,12676.4811122526,2592.0
1458,0.0,0.0,0.0,0.0,0.0,0.0,2526.0,0.0,12676.4811122526,2526.0
1459,0.0,0.0,0.0,0.0,0.0,0.0,2520.0,0.0,12676.4811122526,2520.0
1460,0.0,0.0,0.0,0.0,0.0,0.0,2472.0,0.0,12676.4811122526,2472.0
1461,0.0,0.0,0.0,0.0,0.0,0.0,2490.0,0.0,12676.4811122526,2490.0
1462,0.0,0.0,0.0,0.0,0.0,0.0,2340.0,0.0,12676.4811122526,2340.0
1463,0.0,0.0,0.0,0.0,0.0,0.0,2538.0,0.0,12676.4811122526,2538.0
1464,0.0,0.0,0.0,0.0,0.0,0.0,2526.0,0.0,12676.4811122526,2526.0
1465,0.0,0.0,0.0,0.0,0.0,0.0,2454.0,0.0,12676.4811122526,2454.0
1466,0.0,0.0,0.0,0.0,0.0,0.0,2526.0,0.0,12676.4811122526,2526.0
1467,0.0,0.0,0.0,0.0,0.0,0.0,2508.0,0.0,12676.4811122526,2508.0
1468,0.0,0.0,0.0,0.0,0.0,0.0,2544.0,0.0,12676.4811122526,2544.0
1469,0.0,0.0,0.0,0.0,0.0,0.0,2418.0,0.0,12676.4811122526,2418.0
1470,0.0,0.0,0.0,0.0,0.0,0.0,2526.0,0.0,12676.4811122526,2526.0
1471,41.75379,0.0,0.0,0.0,2895.18765601375,0.0,1.73399406222099e-13,0.0,9360.1149541613,2936.94144601375
1472,50.67933,0.0,0.0,0.0,2933.38035498282,0.0,-1.9345626691733e-14,0.0,6000.0,2984.05968498282
1473,2672.16494845361,4830.53805154639,0.0,0.0,1.90505098814342e-14,0.0,-8.938599210179621e-31,0.0,9982.7786235,2672.16494845361
1474,2771.13402061856,2643.31397938144,0.0,0.0,-9.2527212193689e-14,0.0,-2.6508509194675297e-30,0.0,12162.1909995,2771.13402061856
1475,2826.80412371134,3597.66587628866,0.0,0.0,3.4188382008414304e-14,0.0,-1.7631156466623e-30,0.0,15128.4665145,2826.80412371134
1476,2727.83505154639,2948.45894845361,0.0,0.0,1.45766104083537e-13,0.0,1.10126844759144e-29,0.0,17559.4709175,2727.83505154639
1477,2826.80412371134,3721.56887628866,0.0,0.0,3.4188382008414304e-14,0.0,-1.7631156466623e-30,0.0,20627.904456,2826.80412371134
1478,2672.16494845361,1534.57005154639,0.0,0.0,1.90505098814342e-14,0.0,-8.938599210179621e-31,0.0,21893.1574635,2672.16494845361
1479,1282.4019,0.0,0.0,0.0,1654.14680068729,0.0,1.3467392546702802e-15,0.0,19998.3730411778,2936.54870068729
1480,304.90083,0.0,0.0,0.0,2774.62336185567,0.0,1.09520611889479e-13,0.0,16820.1103128208,3079.52419185567
1481,12.874641,0.0,0.0,0.0,3092.22405295533,0.0,-8.81850609371865e-14,0.0,13278.0438145902,3105.09869395533
1482,0.0,0.0,0.0,0.0,3044.6735395189,0.0,6.952780314065681e-14,0.0,9790.44525844023,3044.6735395189
1483,0.0,0.0,0.0,0.0,2941.58075601375,0.0,1.96219184466908e-13,0.0,6420.93694685518,2941.58075601375
1484,0.0,0.0,0.0,0.0,367.477954604572,0.0,2187.19174563021,0.0,6000.0,2554.669700234782
1485,0.0,0.0,0.0,0.0,0.0,0.0,2544.0,0.0,6000.0,2544.0
1486,0.0,0.0,0.0,0.0,0.0,0.0,2478.0,0.0,6000.0,2478.0
1487,0.0,0.0,0.0,0.0,0.0,0.0,2616.0,0.0,6000.0,2616.0
1488,0.0,0.0,0.0,0.0,0.0,0.0,2610.0,0.0,12000.0,2610.0
1489,0.0,0.0,0.0,0.0,0.0,0.0,2514.0,0.0,12000.0,2514.0
1490,0.0,0.0,0.0,0.0,0.0,0.0,2634.0,0.0,12000.0,2634.0
1491,0.0,0.0,0.0,0.0,0.0,0.0,2586.0,0.0,12000.0,2586.0
1492,0.0,0.0,0.0,0.0,0.0,0.0,2640.0,0.0,12000.0,2640.0
1493,0.0,0.0,0.0,0.0,0.0,0.0,2436.0,0.0,12000.0,2436.0
1494,0.0,0.0,0.0,0.0,0.0,0.0,2604.0,0.0,12000.0,2604.0
1495,102.92295,0.0,0.0,0.0,0.0,0.0,2516.1647385,0.0,12000.0,2619.0876885
1496,32.012604,0.0,0.0,0.0,0.0,0.0,2584.94777412,0.0,12000.0,2616.96037812
1497,1296.4224,0.0,0.0,0.0,0.0,0.0,1322.470272,0.0,12000.0,2618.892672
1498,2709.27835051546,4030.54564948454,0.0,0.0,0.0,0.0,9.03795709521162e-14,0.0,15323.184888,2709.27835051546
1499,2612.4501,0.0,0.0,0.0,0.0,0.0,117.923403,0.0,15323.184888,2730.373503
1500,2542.26804123711,381.776458762887,0.0,0.0,0.0,0.0,1.99616360096678e-13,0.0,15637.95957825,2542.26804123711
1501,2616.49484536082,80.8972546391751,0.0,0.0,0.0,0.0,-9.39916186119441e-14,0.0,15704.6593647,2616.49484536082
1502,1270.3509,0.0,0.0,0.0,0.0,0.0,1239.759627,0.0,15704.6593647,2510.110527
1503,112.52748,0.0,0.0,0.0,0.0,0.0,2416.8483444,0.0,15704.6593647,2529.3758244
1504,0.0,0.0,0.0,0.0,0.0,0.0,2436.0,0.0,15704.6593647,2436.0
1505,0.0,0.0,0.0,0.0,0.0,0.0,2490.0,0.0,15704.6593647,2490.0
1506,0.0,0.0,0.0,0.0,0.0,0.0,2424.0,0.0,15704.6593647,2424.0
1507,0.0,0.0,0.0,0.0,0.0,0.0,2454.0,0.0,15704.6593647,2454.0
1508,0.0,0.0,0.0,0.0,0.0,0.0,2496.0,0.0,15704.6593647,2496.0
1509,0.0,0.0,0.0,0.0,0.0,0.0,2448.0,0.0,15704.6593647,2448.0
1510,0.0,0.0,0.0,0.0,0.0,0.0,2364.0,0.0,15704.6593647,2364.0
1511,0.0,0.0,0.0,0.0,0.0,0.0,2460.0,0.0,15704.6593647,2460.0
1512,0.0,0.0,0.0,0.0,0.0,0.0,2406.0,0.0,15704.6593647,2406.0
1513,0.0,0.0,0.0,0.0,0.0,0.0,2394.0,0.0,15704.6593647,2394.0
1514,0.0,0.0,0.0,0.0,0.0,0.0,2490.0,0.0,15704.6593647,2490.0
1515,0.0,0.0,0.0,0.0,0.0,0.0,2400.0,0.0,15704.6593647,2400.0
1516,0.0,0.0,0.0,0.0,0.0,0.0,2370.0,0.0,15704.6593647,2370.0
1517,0.0,0.0,0.0,0.0,0.0,0.0,2196.0,0.0,15704.6593647,2196.0
1518,0.0,0.0,0.0,0.0,0.0,0.0,2436.0,0.0,15704.6593647,2436.0
1519,66.3468,0.0,0.0,0.0,0.0,0.0,2473.643604,0.0,15704.6593647,2539.990404
1520,11.420136,0.0,0.0,0.0,0.0,0.0,2424.92246808,0.0,15704.6593647,2436.34260408
1521,1235.7033,0.0,0.0,0.0,0.0,0.0,1261.367799,0.0,15704.6593647,2497.071099
1522,668.4171,0.0,0.0,0.0,2171.40368041237,0.0,-4.66197681695981e-14,0.0,13217.3699255106,2839.82078041237
1523,2603.4801,0.0,0.0,0.0,90.0622027491407,0.0,3.8121722716318e-15,0.0,13114.2058902882,2693.542302749141
1524,2585.56701030928,2508.14498969072,0.0,0.0,-9.637691882406331e-15,0.0,-6.07187936996662e-31,0.0,15182.1714342882,2585.56701030928
1525,2665.9793814433,287.151318556701,0.0,0.0,-1.63453945358231e-13,0.0,-5.41479297407974e-30,0.0,15418.9276964382,2665.9793814433
1526,978.9936,0.0,0.0,0.0,1750.71730584192,0.0,-6.737594072731331e-14,0.0,13413.5241387728,2729.71090584192
1527,562.2747,0.0,0.0,0.0,2261.84827147766,0.0,-7.55629367584062e-14,0.0,10822.6326479621,2824.12297147766
1528,10.415457,0.0,0.0,0.0,2737.56816347079,0.0,-9.234269946974671e-15,0.0,7686.81573676994,2747.98362047079
1529,0.0,0.0,0.0,0.0,1472.59013820016,0.0,1102.42880935126,0.0,6000.0,2575.01894755142
1530,0.0,0.0,0.0,0.0,0.0,0.0,2328.0,0.0,6000.0,2328.0
1531,0.0,0.0,0.0,0.0,0.0,0.0,2304.0,0.0,6000.0,2304.0
1532,0.0,0.0,0.0,0.0,0.0,0.0,2178.0,0.0,6000.0,2178.0
1533,0.0,0.0,0.0,0.0,0.0,0.0,2250.0,0.0,6000.0,2250.0
1534,0.0,0.0,0.0,0.0,0.0,0.0,2268.0,0.0,6000.0,2268.0
1535,0.0,0.0,0.0,0.0,0.0,0.0,2214.0,0.0,6000.0,2214.0
1536,0.0,0.0,0.0,0.0,0.0,0.0,2268.0,0.0,12000.0,2268.0
1537,0.0,0.0,0.0,0.0,0.0,0.0,2280.0,0.0,12000.0,2280.0
1538,0.0,0.0,0.0,0.0,0.0,0.0,2310.0,0.0,12000.0,2310.0
1539,0.0,0.0,0.0,0.0,0.0,0.0,2232.0,0.0,12000.0,2232.0
1540,0.0,0.0,0.0,0.0,0.0,0.0,2184.0,0.0,12000.0,2184.0
1541,0.0,0.0,0.0,0.0,0.0,0.0,2142.0,0.0,12000.0,2142.0
1542,0.0,0.0,0.0,0.0,0.0,0.0,2238.0,0.0,12000.0,2238.0
1543,9.720594,0.0,0.0,0.0,0.0,0.0,2354.57102382,0.0,12000.0,2364.29161782
1544,33.682506,0.0,0.0,0.0,0.0,0.0,2301.32796918,0.0,12000.0,2335.01047518
1545,75.74619,0.0,0.0,0.0,0.0,0.0,2290.5261957,0.0,12000.0,2366.2723857
1546,263.17161,0.0,0.0,0.0,0.0,0.0,2120.7235383,0.0,12000.0,2383.8951483
1547,304.31427,0.0,0.0,0.0,0.0,0.0,2122.8151581,0.0,12000.0,2427.1294281
1548,325.16172,0.0,0.0,0.0,0.0,0.0,2096.5931316,0.0,12000.0,2421.7548516
1549,304.92384,0.0,0.0,0.0,0.0,0.0,2182.2238752,0.0,12000.0,2487.1477152
1550,264.04131,0.0,0.0,0.0,0.0,0.0,2227.8799293,0.0,12000.0,2491.9212393000003
1551,138.53268,0.0,0.0,0.0,0.0,0.0,2337.6233004,0.0,12000.0,2476.1559804
1552,51.97101,0.0,0.0,0.0,0.0,0.0,2319.5881203,0.0,12000.0,2371.5591303
1553,18.530109,0.0,0.0,0.0,0.0,0.0,2334.02579427,0.0,12000.0,2352.55590327
1554,0.0,0.0,0.0,0.0,0.0,0.0,2166.0,0.0,12000.0,2166.0
1555,0.0,0.0,0.0,0.0,0.0,0.0,2178.0,0.0,12000.0,2178.0
1556,0.0,0.0,0.0,0.0,0.0,0.0,2226.0,0.0,12000.0,2226.0
1557,0.0,0.0,0.0,0.0,0.0,0.0,2400.0,0.0,12000.0,2400.0
1558,0.0,0.0,0.0,0.0,0.0,0.0,2328.0,0.0,12000.0,2328.0
1559,0.0,0.0,0.0,0.0,0.0,0.0,2352.0,0.0,12000.0,2352.0
1560,0.0,0.0,0.0,0.0,0.0,0.0,2364.0,0.0,12000.0,2364.0
1561,0.0,0.0,0.0,0.0,0.0,0.0,2322.0,0.0,12000.0,2322.0
1562,0.0,0.0,0.0,0.0,0.0,0.0,2280.0,0.0,12000.0,2280.0
1563,0.0,0.0,0.0,0.0,0.0,0.0,2322.0,0.0,12000.0,2322.0
1564,0.0,0.0,0.0,0.0,0.0,0.0,2238.0,0.0,12000.0,2238.0
1565,0.0,0.0,0.0,0.0,0.0,0.0,2214.0,0.0,12000.0,2214.0
1566,0.0,0.0,0.0,0.0,0.0,0.0,2076.0,0.0,12000.0,2076.0
1567,52.27833,0.0,0.0,0.0,0.0,0.0,2121.2900199,0.0,12000.0,2173.5683499
1568,78.13377,0.0,0.0,0.0,0.0,0.0,2240.2102431,0.0,12000.0,2318.3440131
1569,707.5809,0.0,0.0,0.0,0.0,0.0,1635.646527,0.0,12000.0,2343.2274270000003
1570,246.98583,0.0,0.0,0.0,0.0,0.0,2094.4237449,0.0,12000.0,2341.4095749000003
1571,2270.2953,0.0,0.0,0.0,0.0,0.0,167.813559,0.0,12000.0,2438.1088590000004
1572,1926.4401,0.0,0.0,0.0,0.0,0.0,435.353103,0.0,12000.0,2361.793203
1573,1789.866,0.0,0.0,0.0,0.0,0.0,627.82998,0.0,12000.0,2417.69598
1574,2437.11340206186,19.7851979381448,0.0,0.0,0.0,0.0,1.37697322044033e-13,0.0,12016.3128957,2437.11340206186
1575,973.5141,0.0,0.0,0.0,0.0,0.0,1485.691323,0.0,12016.3128957,2459.205423
1576,115.62057,0.0,0.0,0.0,0.0,0.0,2359.8480471,0.0,12016.3128957,2475.4686171
1577,0.0,0.0,0.0,0.0,0.0,0.0,2520.0,0.0,12016.3128957,2520.0
1578,0.0,0.0,0.0,0.0,0.0,0.0,2556.0,0.0,12016.3128957,2556.0
1579,0.0,0.0,0.0,0.0,0.0,0.0,2448.0,0.0,12016.3128957,2448.0
1580,0.0,0.0,0.0,0.0,0.0,0.0,2586.0,0.0,12016.3128957,2586.0
1581,0.0,0.0,0.0,0.0,0.0,0.0,2748.0,0.0,12016.3128957,2748.0
1582,0.0,0.0,0.0,0.0,2049.49201705263,0.0,904.793469113054,0.0,9668.67026448278,2954.285486165684
1583,0.0,0.0,0.0,0.0,3202.74914089347,0.0,1.13464347501401e-13,0.0,6000.0,3202.74914089347
1584,0.0,0.0,0.0,0.0,0.0,0.0,2676.0,0.0,12000.0,2676.0
1585,0.0,0.0,0.0,0.0,0.0,0.0,2610.0,0.0,12000.0,2610.0
1586,0.0,0.0,0.0,0.0,0.0,0.0,2700.0,0.0,12000.0,2700.0
1587,0.0,0.0,0.0,0.0,0.0,0.0,2664.0,0.0,12000.0,2664.0
1588,0.0,0.0,0.0,0.0,0.0,0.0,2736.0,0.0,12000.0,2736.0
1589,0.0,0.0,0.0,0.0,0.0,0.0,2532.0,0.0,12000.0,2532.0
1590,0.0,0.0,0.0,0.0,0.0,0.0,2670.0,0.0,12000.0,2670.0
1591,196.15206,0.0,0.0,0.0,2929.81958969072,0.0,-2.57184147939236e-14,0.0,8643.96381478726,3125.97164969072
1592,1257.7851,0.0,0.0,0.0,1763.97302749141,0.0,7.22550428866445e-14,0.0,6623.37615443055,3021.75812749141
1593,2868.9687,0.0,0.0,0.0,1.26043642611704,0.0,9.34993174903501e-17,0.0,6621.93235554611,2870.229136426117
1594,2839.17525773196,6595.97774226804,0.0,0.0,-1.0607754183054899e-13,0.0,-4.78732380058795e-31,0.0,12060.3160040461,2839.17525773196
1595,2814.43298969072,6926.12901030928,0.0,0.0,1.74454305847378e-13,0.0,-3.0474989132658097e-30,0.0,17770.9093730461,2814.43298969072
1596,2820.61855670103,7077.97144329897,0.0,0.0,-1.48316073231251e-13,0.0,4.73476042440301e-30,0.0,23606.6968280461,2820.61855670103
1597,2764.94845360825,2821.06054639175,0.0,0.0,2.3024316688494e-13,0.0,-2.1451919381263398e-29,0.0,25932.6612485461,2764.9484536082505
1598,2777.31958762887,1466.34841237113,0.0,0.0,8.997724304597591e-14,0.0,-3.6393224284692894e-30,0.0,27141.6655145461,2777.31958762887
1599,2863.9175257732,1830.8634742268,0.0,0.0,1.18665444809816e-13,0.0,-6.680696693522369e-30,0.0,28651.2124490461,2863.9175257732
1600,901.4265,0.0,0.0,0.0,0.0,0.0,1795.616295,0.0,28651.2124490461,2697.0427950000003
1601,0.0,0.0,0.0,0.0,0.0,0.0,2604.0,0.0,28651.2124490461,2604.0
1602,0.0,0.0,0.0,0.0,3072.16494845361,0.0,-4.36554526777868e-14,0.0,25132.1231610122,3072.16494845361
1603,0.0,0.0,0.0,0.0,1752.64331643432,0.0,1163.94238475284,0.0,23124.5134056464,2916.5857011871603
1604,0.0,0.0,0.0,0.0,0.0,0.0,2670.0,0.0,23124.5134056464,2670.0
1605,0.0,0.0,0.0,0.0,0.0,0.0,2694.0,0.0,23124.5134056464,2694.0
1606,0.0,0.0,0.0,0.0,0.0,0.0,2622.0,0.0,23124.5134056464,2622.0
1607,0.0,0.0,0.0,0.0,0.0,0.0,2664.0,0.0,23124.5134056464,2664.0
1608,0.0,0.0,0.0,0.0,0.0,0.0,2712.0,0.0,23124.5134056464,2712.0
1609,0.0,0.0,0.0,0.0,0.0,0.0,2658.0,0.0,23124.5134056464,2658.0
1610,0.0,0.0,0.0,0.0,0.0,0.0,2700.0,0.0,23124.5134056464,2700.0
1611,0.0,0.0,0.0,0.0,0.0,0.0,2694.0,0.0,23124.5134056464,2694.0
1612,0.0,0.0,0.0,0.0,0.0,0.0,2670.0,0.0,23124.5134056464,2670.0
1613,0.0,0.0,0.0,0.0,0.0,0.0,2466.0,0.0,23124.5134056464,2466.0
1614,0.0,0.0,0.0,0.0,0.0,0.0,2448.0,0.0,23124.5134056464,2448.0
1615,70.36848,0.0,0.0,0.0,0.0,0.0,2439.7425744,0.0,23124.5134056464,2510.1110544000003
1616,180.61407,0.0,0.0,0.0,0.0,0.0,2254.8043521,0.0,23124.5134056464,2435.4184221
1617,329.20602,0.0,0.0,0.0,0.0,0.0,2062.6701606,0.0,23124.5134056464,2391.8761806
1618,477.2352,0.0,0.0,0.0,0.0,0.0,1895.081856,0.0,23124.5134056464,2372.317056
1619,2468.0412371134,201.645262886598,0.0,0.0,0.0,0.0,5.21194084454298e-14,0.0,23290.7699248964,2468.0412371134
1620,582.5001,0.0,0.0,0.0,0.0,0.0,1888.974903,0.0,23290.7699248964,2471.475003
1621,2703.09278350515,2080.21821649485,0.0,0.0,0.0,0.0,-6.89468184721112e-14,0.0,25005.9098443964,2703.09278350515
1622,413.0373,0.0,0.0,0.0,2565.12464948454,0.0,9.9598773050297e-14,0.0,22067.6227315848,2978.16194948454
1623,264.58146,0.0,0.0,0.0,2867.53262749141,0.0,-6.17540993852625e-14,0.0,18782.9347275855,3132.11408749141
1624,1034.7987,0.0,0.0,0.0,1908.64291065292,0.0,-4.18569305248921e-14,0.0,16596.6312789567,2943.44161065292
1625,0.0,0.0,0.0,0.0,3065.29209621993,0.0,-1.14608248054147e-13,0.0,13085.4146738938,3065.29209621993
1626,0.0,0.0,0.0,0.0,3051.54639175258,0.0,1.40480598517017e-13,0.0,9589.94343477285,3051.54639175258
1627,0.0,0.0,0.0,0.0,3134.0206185567,0.0,1.97925268385569e-13,0.0,6000.0,3134.0206185567
1628,0.0,0.0,0.0,0.0,0.0,0.0,2796.0,0.0,6000.0,2796.0
1629,0.0,0.0,0.0,0.0,0.0,0.0,2730.0,0.0,6000.0,2730.0
1630,0.0,0.0,0.0,0.0,0.0,0.0,2586.0,0.0,6000.0,2586.0
1631,0.0,0.0,0.0,0.0,0.0,0.0,2694.0,0.0,6000.0,2694.0
1632,0.0,0.0,0.0,0.0,0.0,0.0,2682.0,0.0,12000.0,2682.0
1633,0.0,0.0,0.0,0.0,0.0,0.0,2610.0,0.0,12000.0,2610.0
1634,0.0,0.0,0.0,0.0,0.0,0.0,2664.0,0.0,12000.0,2664.0
1635,0.0,0.0,0.0,0.0,0.0,0.0,2622.0,0.0,12000.0,2622.0
1636,0.0,0.0,0.0,0.0,0.0,0.0,2628.0,0.0,12000.0,2628.0
1637,0.0,0.0,0.0,0.0,0.0,0.0,2592.0,0.0,12000.0,2592.0
1638,0.0,0.0,0.0,0.0,0.0,0.0,2760.0,0.0,12000.0,2760.0
1639,110.03655,0.0,0.0,0.0,0.0,0.0,2689.2645465,0.0,12000.0,2799.3010965
1640,451.1325,0.0,0.0,0.0,2272.04827353952,0.0,380.9033322,0.0,9397.42465803033,3104.08410573952
1641,219.30324,0.0,0.0,0.0,2965.95172646048,0.0,-1.52073994772088e-13,0.0,6000.0,3185.2549664604803
1642,2839.17525773196,468.215842268041,0.0,0.0,-1.0607754183054899e-13,0.0,-4.78732380058795e-31,0.0,6386.04396195,2839.17525773196
1643,2938.14432989691,1949.49167010309,0.0,0.0,-2.17655263905673e-13,0.0,3.2736811835551894e-30,0.0,7993.39984395,2938.14432989691
1644,2863.9175257732,702.862574226805,0.0,0.0,1.18665444809816e-13,0.0,-6.680696693522369e-30,0.0,8572.9100364,2863.9175257732
1645,2863.9175257732,1222.5414742268,0.0,0.0,1.18665444809816e-13,0.0,-6.680696693522369e-30,0.0,9580.8954819,2863.9175257732
1646,725.9772,0.0,0.0,0.0,2361.74354639175,0.0,1.21974863181137e-13,0.0,6875.57641386821,3087.7207463917503
1647,576.7515,0.0,0.0,0.0,764.378209306948,0.0,1581.24886827503,0.0,6000.0,2922.378577581978
1648,68.99685,0.0,0.0,0.0,0.0,0.0,2687.0730555,0.0,6000.0,2756.0699055
1649,14.136564,0.0,0.0,0.0,0.0,0.0,2716.28753292,0.0,6000.0,2730.42409692
1650,0.0,0.0,0.0,0.0,0.0,0.0,2652.0,0.0,6000.0,2652.0
1651,0.0,0.0,0.0,0.0,0.0,0.0,2616.0,0.0,6000.0,2616.0
1652,0.0,0.0,0.0,0.0,0.0,0.0,2616.0,0.0,6000.0,2616.0
1653,0.0,0.0,0.0,0.0,0.0,0.0,2580.0,0.0,6000.0,2580.0
1654,0.0,0.0,0.0,0.0,0.0,0.0,2508.0,0.0,6000.0,2508.0
1655,0.0,0.0,0.0,0.0,0.0,0.0,2658.0,0.0,6000.0,2658.0
1656,0.0,0.0,0.0,0.0,0.0,0.0,2700.0,0.0,6000.0,2700.0
1657,0.0,0.0,0.0,0.0,0.0,0.0,2610.0,0.0,6000.0,2610.0
1658,0.0,0.0,0.0,0.0,0.0,0.0,2682.0,0.0,6000.0,2682.0
1659,0.0,0.0,0.0,0.0,0.0,0.0,2532.0,0.0,6000.0,2532.0
1660,0.0,0.0,0.0,0.0,0.0,0.0,2562.0,0.0,6000.0,2562.0
1661,0.0,0.0,0.0,0.0,0.0,0.0,2442.0,0.0,6000.0,2442.0
1662,0.0,0.0,0.0,0.0,0.0,0.0,2580.0,0.0,6000.0,2580.0
1663,511.3134,0.0,0.0,0.0,0.0,0.0,2078.026002,0.0,6000.0,2589.339402
1664,2611.0851,0.0,0.0,0.0,0.0,0.0,41.2474529999998,0.0,6000.0,2652.332553
1665,2789.69072164948,3887.34327835051,0.0,0.0,-5.02886807929879e-14,0.0,-2.3549391618657898e-30,0.0,9205.114533,2789.69072164948
1666,2808.24742268041,7676.98057731959,0.0,0.0,-8.05014939228682e-15,0.0,-6.81676263748158e-31,0.0,15534.785019,2808.24742268041
1667,2795.87628865979,6327.3032321198,0.0,3309.6304792204,1.32215774446677e-13,0.0,-8.8528152329311e-30,0.0,20751.6465338828,2795.87628865979
1668,2783.50515463918,5600.0681443299,0.0,3810.55670103093,-2.32793136032653e-13,0.0,-6.87587221492756e-30,0.0,25368.9027188828,2783.50515463918
1669,2758.76288659794,4949.01841237114,0.0,3810.55670103093,4.77387116452748e-14,0.0,1.5741703759925098e-30,0.0,29449.3683998828,2758.76288659794
1670,2752.57731958763,2530.57397938144,0.0,3810.55670103093,-1.3476574359438999e-13,0.0,2.5626418849942797e-30,0.0,31535.8266458828,2752.57731958763
1671,2962.88659793814,0.0,0.0,3465.48340206186,7.087722734693221e-15,0.0,-1.73580848876614e-31,0.0,31535.8266458828,2962.88659793814
1672,1857.0123,0.0,0.0,0.0,1187.51210652921,0.0,5.4632764279690404e-14,0.0,30175.5607735698,3044.52440652921
1673,81.55056,0.0,0.0,0.0,3153.3745209622,0.0,2.7429391240052e-14,0.0,26563.447920234,3234.9250809622004
1674,0.0,0.0,0.0,0.0,3134.0206185567,0.0,1.97925268385569e-13,0.0,22973.5044854611,3134.0206185567
1675,0.0,0.0,0.0,0.0,2941.58075601375,0.0,1.96219184466908e-13,0.0,19603.9961738761,2941.58075601375
1676,0.0,0.0,0.0,0.0,2975.94501718213,0.0,1.5398872402482399e-13,0.0,16195.1244474361,2975.94501718213
1677,0.0,0.0,0.0,0.0,2996.56357388316,0.0,-3.01473271699792e-14,0.0,12762.6346720831,2996.56357388316
1678,0.0,0.0,0.0,0.0,2900.34364261168,0.0,1.67496849532632e-13,0.0,9440.36245832398,2900.34364261168
1679,0.0,0.0,0.0,0.0,3003.43642611684,0.0,4.08054682063807e-14,0.0,6000.0,3003.43642611684
1680,0.0,0.0,0.0,0.0,0.0,0.0,2562.0,0.0,12000.0,2562.0
1681,0.0,0.0,0.0,0.0,0.0,0.0,2562.0,0.0,12000.0,2562.0
1682,0.0,0.0,0.0,0.0,0.0,0.0,2562.0,0.0,12000.0,2562.0
1683,0.0,0.0,0.0,0.0,0.0,0.0,2430.0,0.0,12000.0,2430.0
1684,0.0,0.0,0.0,0.0,0.0,0.0,2442.0,0.0,12000.0,2442.0
1685,0.0,0.0,0.0,0.0,0.0,0.0,2316.0,0.0,12000.0,2316.0
1686,0.0,0.0,0.0,0.0,0.0,0.0,2508.0,0.0,12000.0,2508.0
1687,316.68819,0.0,0.0,0.0,0.0,0.0,2314.8124557,0.0,12000.0,2631.5006457
1688,1708.6056,0.0,0.0,0.0,0.0,0.0,976.652568,0.0,12000.0,2685.2581680000003
1689,2610.30927835052,1.96922164948501,0.0,0.0,0.0,0.0,1.87786922323699e-13,0.0,12001.62362325,2610.30927835052
1690,2795.87628865979,4509.25271134021,0.0,0.0,0.0,0.0,1.15424371091949e-13,0.0,15719.50248375,2795.87628865979
1691,2795.87628865979,7921.8697113402,0.0,0.0,0.0,0.0,1.15424371091949e-13,0.0,22251.08406075,2795.87628865979
1692,2672.16494845361,6922.06905154639,0.0,0.0,0.0,0.0,1.66310951264921e-14,0.0,27958.32999375,2672.16494845361
1693,2653.60824742268,4235.39075257732,0.0,0.0,-2.3188021519266902e-14,0.0,-1.1897716786196999e-30,0.0,31450.40966925,2653.60824742268
1694,2616.49484536082,6733.59915463918,0.0,0.0,0.0,0.0,-9.39916186119441e-14,0.0,37002.26217225,2616.49484536082
1695,2709.27835051546,3400.18864948454,0.0,0.0,0.0,0.0,9.03795709521162e-14,0.0,39805.71771375,2709.27835051546
1696,2011.2261,0.0,0.0,0.0,0.0,0.0,629.110683,0.0,39805.71771375,2640.336783
1697,85.26843,0.0,0.0,0.0,0.0,0.0,2521.2896229,0.0,39805.71771375,2606.5580529
1698,0.0,0.0,0.0,0.0,2859.10652920962,0.0,1.38774514598356e-13,0.0,36530.6815978169,2859.10652920962
1699,0.0,0.0,0.0,0.0,1055.30745413812,0.0,1490.71659253742,0.0,35321.8528989187,2546.02404667554
1700,0.0,0.0,0.0,0.0,0.0,0.0,2364.0,0.0,35321.8528989187,2364.0
1701,0.0,0.0,0.0,0.0,0.0,0.0,2346.0,0.0,35321.8528989187,2346.0
1702,0.0,0.0,0.0,0.0,0.0,0.0,2322.0,0.0,35321.8528989187,2322.0
1703,0.0,0.0,0.0,0.0,2618.55670103093,0.0,3.73933003690591e-14,0.0,32322.3606869703,2618.55670103093
1704,0.0,0.0,0.0,0.0,2694.15807560137,0.0,2.3885174861251402e-14,0.0,29236.268962341,2694.15807560137
1705,0.0,0.0,0.0,0.0,2735.39518900344,0.0,5.26075097955275e-14,0.0,26102.9411398858,2735.39518900344
1706,0.0,0.0,0.0,0.0,2701.03092783505,0.0,9.48379702376113e-14,0.0,23008.9767322855,2701.03092783505
1707,0.0,0.0,0.0,0.0,2680.41237113402,0.0,-1.18020415891468e-13,0.0,19938.6303735982,2680.41237113402
1708,0.0,0.0,0.0,0.0,2680.41237113402,0.0,-1.18020415891468e-13,0.0,16868.2840149109,2680.41237113402
1709,0.0,0.0,0.0,0.0,2707.90378006873,0.0,1.65790765613971e-13,0.0,13766.4469243396,2707.90378006873
1710,0.0,0.0,0.0,0.0,2735.39518900344,0.0,5.26075097955275e-14,0.0,10633.1191018843,2735.39518900344
1711,755.625,0.0,0.0,0.0,1998.90463917526,0.0,-9.6266275592471e-14,0.0,8343.42306617384,2754.52963917526
1712,1875.4476,0.0,0.0,0.0,610.327408934708,0.0,-2.8019671189599102e-14,0.0,7644.30805021197,2485.775008934708
1713,1138.995,0.0,0.0,0.0,1435.48092783505,0.0,-3.97415772684528e-14,0.0,6000.0,2574.47592783505
1714,2486.59793814433,954.94536185567,0.0,0.0,1.01940030192717e-13,0.0,3.90450534248468e-30,0.0,6787.35245085,2486.59793814433
1715,2567.01030927835,7399.521268101,9.09494701772928e-13,1916.61242262065,-5.18762232831074e-14,0.0,1.85160258643337e-30,0.0,12888.2577363993,2567.01030927835
1716,2628.86597938144,9847.66302061856,0.0,0.0,-2.47931008159633e-13,0.0,5.01219263484387e-30,0.0,21007.6558968993,2628.8659793814395
1717,2505.15463917526,8608.83136082474,0.0,0.0,1.44178561593418e-13,0.0,-1.3089874619771299e-30,0.0,28105.6373538993,2505.15463917526
1718,2560.82474226804,2399.70225773196,0.0,0.0,-2.34380678522772e-13,0.0,-1.9197544152819e-29,0.0,30084.1918653993,2560.82474226804
1719,2647.42268041237,603.153219587628,0.0,0.0,-2.05692476758932e-13,0.0,1.08175089545092e-29,0.0,30581.4916949493,2647.42268041237
1720,905.7399,0.0,0.0,0.0,1976.44020274914,0.0,-3.42331670517575e-14,0.0,28317.528117917,2882.18010274914
1721,13.571766,0.0,0.0,0.0,2988.35668611684,0.0,-7.42453798686988e-15,0.0,24894.4391303834,3001.92845211684
1722,0.0,0.0,0.0,0.0,2824.74226804124,0.0,1.8100497504044e-13,0.0,21658.7664293053,2824.74226804124
1723,0.0,0.0,0.0,0.0,2769.75945017182,0.0,1.0377049353443801e-14,0.0,18486.0751919951,2769.75945017182
1724,0.0,0.0,0.0,0.0,2742.26804123711,0.0,1.23560305171887e-13,0.0,15344.8746865688,2742.26804123711
1725,0.0,0.0,0.0,0.0,2707.90378006873,0.0,1.65790765613971e-13,0.0,12243.0375959975,2707.90378006873
1726,0.0,0.0,0.0,0.0,2756.01374570447,0.0,-1.31528541399276e-13,0.0,9086.0917246293,2756.01374570447
1727,0.0,0.0,0.0,0.0,2694.15807560137,0.0,2.3885174861251402e-14,0.0,6000.0,2694.15807560137
1728,0.0,0.0,0.0,0.0,0.0,0.0,2328.0,0.0,12000.0,2328.0
1729,0.0,0.0,0.0,0.0,2557.58762886598,0.0,89.2260000000001,0.0,9070.34635868731,2646.8136288659803
1730,0.0,0.0,0.0,0.0,2680.41237113402,0.0,-1.18020415891468e-13,0.0,6000.0,2680.41237113402
1731,0.0,0.0,0.0,0.0,0.0,0.0,2334.0,0.0,6000.0,2334.0
1732,0.0,0.0,0.0,0.0,0.0,0.0,2286.0,0.0,6000.0,2286.0
1733,0.0,0.0,0.0,0.0,0.0,0.0,2304.0,0.0,6000.0,2304.0
1734,0.0,0.0,0.0,0.0,0.0,0.0,2232.0,0.0,6000.0,2232.0
1735,2331.9587628866,588.388537113402,0.0,0.0,8.68021580657368e-14,0.0,4.77376106812902e-30,0.0,6485.12634885,2331.9587628866
1736,620.9502,0.0,0.0,0.0,423.51530254605,0.0,1355.9494468773,0.0,6000.0,2400.4149494233498
1737,2474.22680412371,5706.02319587629,0.0,0.0,2.42205954031681e-13,0.0,-1.39080916103095e-29,0.0,10704.616125,2474.2268041237103
1738,2461.85567010309,4192.36332989691,0.0,0.0,-1.22802956447649e-13,0.0,1.01064696559482e-29,0.0,14161.2196905,2461.85567010309
1739,2529.8969072165,7308.51609278351,0.0,0.0,-1.3635328608451e-13,0.0,-9.7590300528972e-30,0.0,20187.091209,2529.8969072165
1740,2517.52577319588,9528.75522680412,0.0,0.0,3.91263775445419e-15,0.0,-2.46041953736201e-32,0.0,28043.5498935,2517.52577319588
1741,2529.8969072165,4075.1430927835,0.0,0.0,-1.3635328608451e-13,0.0,-9.7590300528972e-30,0.0,31403.5053735,2529.8969072165
1742,2498.96907216495,1561.67192783505,0.0,0.0,-3.83258936462469e-14,0.0,-3.20515952975361e-31,0.0,32691.103878,2498.96907216495
1743,2579.38144329897,59.4911567010304,0.0,0.0,-1.92142147122071e-13,0.0,8.645390415100429e-30,0.0,32740.1543367,2579.38144329897
1744,1844.8677,0.0,0.0,0.0,843.617790378007,0.0,4.7541735509032203e-14,0.0,31773.8109342051,2688.485490378007
1745,0.0,0.0,0.0,0.0,2941.58075601375,0.0,1.96219184466908e-13,0.0,28404.3026226201,2941.58075601375
1746,0.0,0.0,0.0,0.0,2900.34364261168,0.0,1.67496849532632e-13,0.0,25082.030408861,2900.34364261168
1747,0.0,0.0,0.0,0.0,2783.50515463918,0.0,1.52282640106164e-13,0.0,21893.5938056088,2783.50515463918
1748,0.0,0.0,0.0,0.0,1813.2517221934,0.0,961.031246525163,0.0,19816.5586140929,2774.282968718563
1749,0.0,0.0,0.0,0.0,0.0,0.0,2598.0,0.0,19816.5586140929,2598.0
1750,0.0,0.0,0.0,0.0,0.0,0.0,2550.0,0.0,19816.5586140929,2550.0
1751,0.0,0.0,0.0,0.0,0.0,0.0,2568.0,0.0,19816.5586140929,2568.0
1752,0.0,0.0,0.0,0.0,0.0,0.0,2580.0,0.0,19816.5586140929,2580.0
1753,0.0,0.0,0.0,0.0,0.0,0.0,2538.0,0.0,19816.5586140929,2538.0
1754,0.0,0.0,0.0,0.0,0.0,0.0,2634.0,0.0,19816.5586140929,2634.0
1755,0.0,0.0,0.0,0.0,3065.29209621993,0.0,-1.14608248054147e-13,0.0,16305.34200903,3065.29209621993
1756,0.0,0.0,0.0,0.0,3030.92783505155,0.0,-7.237778761206299e-14,0.0,12833.488818822,3030.92783505155
1757,0.0,0.0,0.0,0.0,2900.34364261168,0.0,1.67496849532632e-13,0.0,9511.21660506292,2900.34364261168
1758,0.0,0.0,0.0,0.0,3065.29209621993,0.0,-1.14608248054147e-13,0.0,6000.0,3065.29209621993
1759,2758.76288659794,6.63232486282773e-14,-6.63232486282773e-14,249.825813402062,4.77387116452748e-14,0.0,1.5741703759925098e-30,0.0,6000.0,2758.76288659794
1760,2795.87628865979,-1.58557258448609e-13,1.58557258448609e-13,418.835211340207,1.32215774446677e-13,0.0,-8.8528152329311e-30,0.0,6000.0,2795.87628865979
1761,2851.54639175258,0.0,0.0,3733.29160824742,-2.46343465669513e-13,0.0,1.73338645727354e-29,0.0,6000.0,2851.5463917525794
1762,2758.76288659794,3825.31141237114,0.0,3810.55670103093,4.77387116452748e-14,0.0,1.5741703759925098e-30,0.0,9153.9692595,2758.76288659794
1763,2752.57731958763,5958.94697938144,0.0,3810.55670103093,-1.3476574359438999e-13,0.0,2.5626418849942797e-30,0.0,14067.121044,2752.57731958763
1764,2771.13402061856,5796.31352816636,0.0,3240.58245121508,-9.2527212193689e-14,0.0,-2.6508509194675297e-30,0.0,18846.1815479732,2771.13402061856
1765,2863.9175257732,7895.7924742268,4.5474735088646396e-12,0.0,1.18665444809816e-13,0.0,-6.680696693522369e-30,0.0,25356.2624429732,2863.9175257732
1766,2789.69072164948,6055.31427835052,0.0,0.0,-5.02886807929879e-14,0.0,-2.3549391618657898e-30,0.0,30348.8690654732,2789.69072164948
1767,2876.28865979381,0.0,0.0,3634.02034020619,-2.16004790291473e-14,0.0,1.1309113514468702e-31,0.0,30348.8690654732,2876.28865979381
1768,2330.5074,0.0,0.0,0.0,606.423621993127,0.0,2.2450350240165202e-14,0.0,29654.2257413115,2936.9310219931267
1769,583.947,0.0,0.0,0.0,2423.33494845361,0.0,-9.3920720181633e-14,0.0,26878.3552390737,3007.2819484536103
1770,0.0,0.0,0.0,0.0,3010.30927835052,0.0,1.11758263582741e-13,0.0,23430.1200977787,3010.30927835052
1771,0.0,0.0,0.0,0.0,2927.83505154639,0.0,5.4313593714188305e-14,0.0,20076.3571521357,2927.83505154639
1772,0.0,0.0,0.0,0.0,3024.05498281787,0.0,-1.43330582988423e-13,0.0,16612.3766448987,3024.05498281787
1773,0.0,0.0,0.0,0.0,3120.27491408935,0.0,5.60196776328492e-14,0.0,13038.1785760678,3120.27491408935
1774,0.0,0.0,0.0,0.0,3003.43642611684,0.0,4.08054682063807e-14,0.0,9597.81611774385,3003.43642611684
1775,0.0,0.0,0.0,0.0,3140.89347079038,0.0,-1.28116373561954e-13,0.0,6000.0,3140.89347079038
1776,0.0,0.0,0.0,0.0,0.0,0.0,2742.0,0.0,12000.0,2742.0
1777,0.0,0.0,0.0,0.0,0.0,0.0,2694.0,0.0,12000.0,2694.0
1778,0.0,0.0,0.0,0.0,0.0,0.0,2802.0,0.0,12000.0,2802.0
1779,0.0,0.0,0.0,0.0,0.0,0.0,2700.0,0.0,12000.0,2700.0
1780,0.0,0.0,0.0,0.0,0.0,0.0,2646.0,0.0,12000.0,2646.0
1781,0.0,0.0,0.0,0.0,0.0,0.0,2538.0,0.0,12000.0,2538.0
1782,0.0,0.0,0.0,0.0,2749.14089347079,0.0,1.94513100548247e-13,0.0,8850.92681160276,2749.14089347079
1783,2449.48453608247,1513.30546391753,0.0,0.0,1.74629673913147e-14,0.0,5.5797954624942105e-31,0.0,10098.6471666028,2449.48453608247
1784,2443.29896907217,1017.99003092784,0.0,0.0,-1.6504148784835e-13,0.0,4.30115333628296e-30,0.0,10937.9799471028,2443.29896907217
1785,2498.96907216495,4276.50092783505,0.0,0.0,-3.83258936462469e-14,0.0,-3.20515952975361e-31,0.0,14463.9549621028,2498.96907216495
1786,2573.19587628866,7902.63312371134,0.0,0.0,1.30628231956557e-13,0.0,8.631310774316031e-31,0.0,20979.6759726028,2573.19587628866
1787,2486.59793814433,11032.4790618557,0.0,0.0,1.01940030192717e-13,0.0,3.90450534248468e-30,0.0,30075.9549591028,2486.59793814433
1788,2567.01030927835,10810.9646907217,0.0,0.0,-5.18762232831074e-14,0.0,1.85160258643337e-30,0.0,38989.5953466028,2567.01030927835
1789,2690.72164948454,8279.86135051546,0.0,0.0,6.128904128213531e-14,0.0,-5.9794816341622105e-31,0.0,45816.3410301028,2690.72164948454
1790,2653.60824742268,5292.95375257732,0.0,0.0,-2.3188021519266902e-14,0.0,-1.1897716786196999e-30,0.0,50180.3813991028,2653.60824742268
1791,2727.83505154639,2224.69694845361,0.0,0.0,1.45766104083537e-13,0.0,1.10126844759144e-29,0.0,52014.6440331028,2727.83505154639
1792,145.43217,0.0,0.0,0.0,2793.7351604811,0.0,4.99826582975535e-14,0.0,48814.4892101004,2939.1673304811
1793,123.981,0.0,0.0,0.0,2810.69694158076,0.0,1.41871753352484e-13,0.0,45594.9050845783,2934.67794158076
1794,0.0,0.0,0.0,0.0,2893.47079037801,0.0,9.654405415627211e-14,0.0,42280.5055537902,2893.47079037801
1795,0.0,0.0,0.0,0.0,2907.21649484536,0.0,-1.58544792414891e-13,0.0,38950.3606570601,2907.21649484536
1796,0.0,0.0,0.0,0.0,3044.6735395189,0.0,6.952780314065681e-14,0.0,35462.7621009102,3044.6735395189
1797,0.0,0.0,0.0,0.0,3010.30927835052,0.0,1.11758263582741e-13,0.0,32014.5269596152,3010.30927835052
1798,0.0,0.0,0.0,0.0,2810.99656357388,0.0,3.90993842877199e-14,0.0,28794.599624479,2810.99656357388
1799,0.0,0.0,0.0,0.0,0.0,0.0,2646.0,0.0,28794.599624479,2646.0
1800,0.0,0.0,0.0,0.0,1913.23475086434,0.0,1065.74606249543,0.0,26603.0363359746,2978.98081335977
1801,0.0,0.0,0.0,0.0,3010.30927835052,0.0,1.11758263582741e-13,0.0,23154.8011946796,3010.30927835052
1802,0.0,0.0,0.0,0.0,0.0,0.0,2700.0,0.0,23154.8011946796,2700.0
1803,0.0,0.0,0.0,0.0,2927.83505154639,0.0,5.4313593714188305e-14,0.0,19801.0382490366,2927.83505154639
1804,0.0,0.0,0.0,0.0,2955.3264604811,0.0,-5.88696621042553e-14,0.0,16415.7845715095,2955.3264604811
1805,0.0,0.0,0.0,0.0,2817.86941580756,0.0,1.1005217966408e-13,0.0,13187.9845534024,2817.86941580756
1806,0.0,0.0,0.0,0.0,2982.81786941581,0.0,-1.72052917922699e-13,0.0,9771.24014399137,2982.81786941581
1807,251.67129,0.0,0.0,0.0,2765.03877285223,0.0,1.42245395503075e-13,0.0,6603.95632629122,3016.7100628522303
1808,2265.6777,0.0,0.0,0.0,527.253872852233,0.0,2.65161295105049e-14,0.0,6000.0,2792.9315728522333
1809,2678.35051546392,1944.45278350516,0.0,3810.55670103093,2.01554965121099e-13,0.0,-7.39173599208328e-30,0.0,7603.20132,2678.35051546392
1810,2734.0206185567,4024.18868041237,0.0,3810.55670103093,-1.7700427499509099e-13,0.0,-3.2426744346710094e-30,0.0,10921.144887,2734.0206185567
1811,2684.53608247423,5935.45521649485,0.0,3810.55670103093,-1.2121541395753e-13,0.0,3.90523345585547e-31,0.0,15814.927713,2684.53608247423
1812,2610.30927835052,7767.56802061856,0.0,3810.55670103093,2.1510529475795998e-13,0.0,-9.563854531492008e-30,0.0,22219.287546,2610.30927835052
1813,2647.42268041237,6035.8103943535,-9.09494701772928e-13,1563.97792523413,-2.05692476758932e-13,0.0,1.08175089545092e-29,0.0,27195.8132161445,2647.42268041237
1814,2665.9793814433,0.0,0.0,633.007218556701,-1.63453945358231e-13,0.0,-5.41479297407974e-30,0.0,27195.8132161445,2665.9793814433
1815,2758.76288659794,3283.31211340206,0.0,0.0,4.77387116452748e-14,0.0,1.5741703759925098e-30,0.0,29902.9040536445,2758.76288659794
1816,2648.1663,0.0,0.0,0.0,81.6479828178691,0.0,3.7403821956478605e-15,0.0,29809.3783001303,2729.814282817869
1817,140.39415,0.0,0.0,0.0,2840.57007388316,0.0,7.09842319570753e-14,0.0,26555.575237263,2980.96422388316
1818,0.0,0.0,0.0,0.0,2927.83505154639,0.0,5.4313593714188305e-14,0.0,23201.8122916199,2927.83505154639
1819,0.0,0.0,0.0,0.0,2989.69072164948,0.0,-1.01100122546339e-13,0.0,19777.1951992379,2989.69072164948
1820,0.0,0.0,0.0,0.0,2975.94501718213,0.0,1.5398872402482399e-13,0.0,16368.3234727979,2975.94501718213
1821,0.0,0.0,0.0,0.0,3140.89347079038,0.0,-1.28116373561954e-13,0.0,12770.5073550541,3140.89347079038
1822,0.0,0.0,0.0,0.0,2886.59793814433,0.0,2.5591258779912202e-14,0.0,9463.98050723696,2886.59793814433
1823,0.0,0.0,0.0,0.0,3024.05498281787,0.0,-1.43330582988423e-13,0.0,6000.0,3024.05498281787
1824,0.0,0.0,0.0,0.0,0.0,0.0,2622.0,0.0,12000.0,2622.0
1825,0.0,0.0,0.0,0.0,0.0,0.0,2682.0,0.0,12000.0,2682.0
1826,0.0,0.0,0.0,0.0,0.0,0.0,2658.0,0.0,12000.0,2658.0
1827,0.0,0.0,0.0,0.0,0.0,0.0,2580.0,0.0,12000.0,2580.0
1828,0.0,0.0,0.0,0.0,0.0,0.0,2586.0,0.0,12000.0,2586.0
1829,0.0,0.0,0.0,0.0,0.0,0.0,2520.0,0.0,12000.0,2520.0
1830,0.0,0.0,0.0,0.0,592.12382886598,0.0,2135.0758974,0.0,11321.7367366942,2727.19972626598
1831,111.98928,0.0,0.0,0.0,2968.35097182131,0.0,-1.14325702732605e-13,0.0,7921.56380219097,3080.3402518213097
1832,1119.0933,0.0,0.0,0.0,1677.52519931271,0.0,9.438410088924471e-14,0.0,6000.0,2796.61849931271
1833,2628.86597938144,1682.23302061856,0.0,0.0,-2.47931008159633e-13,0.0,5.01219263484387e-30,0.0,7387.0011255,2628.8659793814395
1834,2734.0206185567,4953.4643814433,0.0,0.0,-1.7700427499509099e-13,0.0,-3.2426744346710094e-30,0.0,11471.132508,2734.0206185567
1835,2845.36082474227,1454.54517525773,0.0,0.0,7.642691340911531e-14,0.0,-1.4672038890605599e-30,0.0,12670.405005,2845.36082474227
1836,2845.36082474227,1535.04117525773,0.0,0.0,7.642691340911531e-14,0.0,-1.4672038890605599e-30,0.0,13936.046454,2845.36082474227
1837,1942.5276,0.0,0.0,0.0,941.292357388316,0.0,-7.19550222536413e-15,0.0,12857.8192404968,2883.819957388316
1838,1635.3987,0.0,0.0,0.0,1138.21679381443,0.0,2.3849752028962802e-14,0.0,11554.0199348674,2773.61549381443
1839,859.4742,0.0,0.0,0.0,2103.44791065292,0.0,-1.7636651409253302e-14,0.0,9144.57215634173,2962.9221106529203
1840,29.683329,0.0,0.0,0.0,2745.21149248633,0.0,310.637537929432,0.0,6000.0,3085.5323594157617
1841,25.750335,0.0,0.0,0.0,0.0,0.0,2711.02217505,0.0,6000.0,2736.77251005
1842,0.0,0.0,0.0,0.0,0.0,0.0,2598.0,0.0,6000.0,2598.0
1843,0.0,0.0,0.0,0.0,0.0,0.0,2622.0,0.0,6000.0,2622.0
1844,0.0,0.0,0.0,0.0,0.0,0.0,2682.0,0.0,6000.0,2682.0
1845,0.0,0.0,0.0,0.0,0.0,0.0,2646.0,0.0,6000.0,2646.0
1846,0.0,0.0,0.0,0.0,0.0,0.0,2544.0,0.0,6000.0,2544.0
1847,0.0,0.0,0.0,0.0,0.0,0.0,2550.0,0.0,6000.0,2550.0
1848,0.0,0.0,0.0,0.0,0.0,0.0,2538.0,0.0,6000.0,2538.0
1849,0.0,0.0,0.0,0.0,0.0,0.0,2484.0,0.0,6000.0,2484.0
1850,0.0,0.0,0.0,0.0,0.0,0.0,2580.0,0.0,6000.0,2580.0
1851,0.0,0.0,0.0,0.0,0.0,0.0,2532.0,0.0,6000.0,2532.0
1852,0.0,0.0,0.0,0.0,0.0,0.0,2502.0,0.0,6000.0,2502.0
1853,0.0,0.0,0.0,0.0,0.0,0.0,2400.0,0.0,6000.0,2400.0
1854,0.0,0.0,0.0,0.0,0.0,0.0,2580.0,0.0,6000.0,2580.0
1855,2703.09278350515,1894.09191760754,0.0,152.625298887309,-7.89768825568285e-14,0.0,-4.822969458876259e-30,0.0,7561.67878606741,2703.09278350515
1856,2709.27835051546,0.0,0.0,1370.43364948454,1.03527572682836e-13,0.0,5.2073681562490696e-30,0.0,7561.67878606741,2709.27835051546
1857,2783.50515463918,1034.0651443299,0.0,3810.55670103093,-2.32793136032653e-13,0.0,-6.87587221492756e-30,0.0,8414.26549756741,2783.50515463918
1858,2808.24742268041,4918.05887628866,0.0,3810.55670103093,-8.05014939228682e-15,0.0,-6.81676263748158e-31,0.0,12469.2050410674,2808.24742268041
1859,2826.80412371134,7565.77617525773,0.0,3810.55670103093,3.4188382008414304e-14,0.0,-1.7631156466623e-30,0.0,18707.1874975674,2826.80412371134
1860,2789.69072164948,6000.76957731959,0.0,3810.55670103093,-5.02886807929879e-14,0.0,-2.3549391618657898e-30,0.0,23654.8220140674,2789.69072164948
1861,2901.03092783505,3988.10137113402,0.0,3810.55670103093,2.0314250761121899e-13,0.0,4.9299359458082094e-30,0.0,26943.0115945674,2901.03092783505
1862,2839.17525773196,4166.39474226804,0.0,0.0,-1.0607754183054899e-13,0.0,-4.78732380058795e-31,0.0,30378.2040595674,2839.17525773196
1863,2832.98969072165,237.457608247422,0.0,3810.55670103093,2.16692837248079e-13,0.0,2.7578174063994696e-30,0.0,30573.9878575674,2832.98969072165
1864,1352.6643,0.0,0.0,0.0,1500.47609278351,0.0,1.1532954312058601e-14,0.0,28855.2294465898,2853.14039278351
1865,153.98643,0.0,0.0,0.0,2832.34039278351,0.0,8.597627568602121e-14,0.0,25610.8532807438,2986.32682278351
1866,0.0,0.0,0.0,0.0,2845.36082474227,0.0,-3.1310761543638905e-15,0.0,22351.5625307527,2845.36082474227
1867,0.0,0.0,0.0,0.0,2817.86941580756,0.0,1.1005217966408e-13,0.0,19123.7625126455,2817.86941580756
1868,0.0,0.0,0.0,0.0,2893.47079037801,0.0,9.654405415627211e-14,0.0,15809.3629818574,2893.47079037801
1869,0.0,0.0,0.0,0.0,2838.48797250859,0.0,-7.408387153072381e-14,0.0,12557.9449148373,2838.48797250859
1870,0.0,0.0,0.0,0.0,2893.47079037801,0.0,9.654405415627211e-14,0.0,9243.54538404916,2893.47079037801
1871,0.0,0.0,0.0,0.0,2831.61512027491,0.0,-1.45036666907084e-13,0.0,6000.0,2831.61512027491
1872,0.0,0.0,0.0,0.0,0.0,0.0,2364.0,0.0,12000.0,2364.0
1873,0.0,0.0,0.0,0.0,0.0,0.0,2394.0,0.0,12000.0,2394.0
1874,0.0,0.0,0.0,0.0,0.0,0.0,2316.0,0.0,12000.0,2316.0
1875,0.0,0.0,0.0,0.0,0.0,0.0,2268.0,0.0,12000.0,2268.0
1876,0.0,0.0,0.0,0.0,0.0,0.0,2280.0,0.0,12000.0,2280.0
1877,0.0,0.0,0.0,0.0,0.0,0.0,2244.0,0.0,12000.0,2244.0
1878,0.0,0.0,0.0,0.0,0.0,0.0,2280.0,0.0,12000.0,2280.0
1879,51.67578,0.0,0.0,0.0,0.0,0.0,2271.8744934,0.0,12000.0,2323.5502734
1880,157.06314,0.0,0.0,0.0,2395.93213539519,0.0,-1.01245354970212e-13,0.0,9255.51874525179,2552.99527539519
1881,301.78863,0.0,0.0,0.0,2303.85455773196,0.0,1.0186314824119999e-13,0.0,6616.51008805596,2605.64318773196
1882,572.559,0.0,0.0,0.0,538.213306872853,0.0,1266.7575531,0.0,6000.0,2377.529859972853
1883,2455.67010309278,458.109596907217,0.0,0.0,1.9996742263098e-13,0.0,2.32421031827943e-30,0.0,6377.71136265,2455.67010309278
1884,2461.85567010309,895.326729896907,0.0,0.0,-1.22802956447649e-13,0.0,1.01064696559482e-29,0.0,7115.90825145,2461.85567010309
1885,399.7617,0.0,0.0,0.0,974.18790351585,0.0,1197.76511123066,0.0,6000.0,2571.7147147465103
1886,1578.4587,0.0,0.0,0.0,0.0,0.0,904.895061,0.0,6000.0,2483.353761
1887,2486.59793814433,1792.09206185567,0.0,0.0,1.01940030192717e-13,0.0,3.90450534248468e-30,0.0,7477.579905,2486.59793814433
1888,1065.7023,0.0,0.0,0.0,0.0,0.0,1516.268769,0.0,7477.579905,2581.971069
1889,356.00955,0.0,0.0,0.0,1289.927257065,0.0,1036.56424108225,0.0,6000.0,2682.50104814725
1890,0.0,0.0,0.0,0.0,0.0,0.0,2442.0,0.0,6000.0,2442.0
1891,0.0,0.0,0.0,0.0,0.0,0.0,2376.0,0.0,6000.0,2376.0
1892,0.0,0.0,0.0,0.0,0.0,0.0,2436.0,0.0,6000.0,2436.0
1893,0.0,0.0,0.0,0.0,0.0,0.0,2442.0,0.0,6000.0,2442.0
1894,0.0,0.0,0.0,0.0,0.0,0.0,2382.0,0.0,6000.0,2382.0
1895,0.0,0.0,0.0,0.0,0.0,0.0,2232.0,0.0,6000.0,2232.0
1896,0.0,0.0,0.0,0.0,0.0,0.0,2262.0,0.0,6000.0,2262.0
1897,0.0,0.0,0.0,0.0,0.0,0.0,2298.0,0.0,6000.0,2298.0
1898,0.0,0.0,0.0,0.0,0.0,0.0,2208.0,0.0,6000.0,2208.0
1899,0.0,0.0,0.0,0.0,0.0,0.0,2184.0,0.0,6000.0,2184.0
1900,0.0,0.0,0.0,0.0,0.0,0.0,2184.0,0.0,6000.0,2184.0
1901,0.0,0.0,0.0,0.0,0.0,0.0,2262.0,0.0,6000.0,2262.0
1902,0.0,0.0,0.0,0.0,0.0,0.0,2244.0,0.0,6000.0,2244.0
1903,47.98092,0.0,0.0,0.0,0.0,0.0,2215.4585076,0.0,6000.0,2263.4394276
1904,2430.92783505155,1813.24716494845,0.0,0.0,-2.47755640093864e-14,0.0,2.6206778864767996e-31,0.0,7495.0222875,2430.92783505155
1905,2313.40206185567,4883.26793814433,0.0,0.0,4.4563626665035705e-14,0.0,-1.0315552515362699e-30,0.0,11521.2767025,2313.40206185567
1906,2301.03092783505,4295.28937113402,0.0,3810.55670103093,1.84829550504e-13,0.0,-7.825343080203319e-30,0.0,15062.742789,2301.03092783505
1907,2307.21649484536,7102.07021127173,0.0,2832.50129388291,-1.37940828574629e-13,0.0,-4.30837425345009e-32,0.0,20918.3996781935,2307.21649484536
1908,2319.58762886598,5931.03467010309,0.0,3810.55670103093,2.27068081904701e-13,0.0,-2.02002676053804e-30,0.0,25808.5377636935,2319.58762886598
1909,2449.48453608247,4834.9907628866,0.0,3810.55670103093,1.74629673913147e-14,0.0,5.5797954624942105e-31,0.0,29794.9876476935,2449.48453608247
1910,2449.48453608247,2213.0987628866,0.0,3810.55670103093,1.74629673913147e-14,0.0,5.5797954624942105e-31,0.0,31619.6875776935,2449.48453608247
1911,2486.59793814433,0.0,0.0,3715.22106185567,1.01940030192717e-13,0.0,3.90450534248468e-30,0.0,31619.6875776935,2486.59793814433
1912,84.81642,0.0,0.0,0.0,2764.86606254296,0.0,1.53705778106125e-14,0.0,28452.6015953992,2849.6824825429603
1913,62.08371,0.0,0.0,0.0,2748.88751580756,0.0,-1.5109533621461e-13,0.0,25303.8186448751,2810.97122580756
1914,0.0,0.0,0.0,0.0,2680.41237113402,0.0,-1.18020415891468e-13,0.0,22233.4722861878,2680.41237113402
1915,0.0,0.0,0.0,0.0,2714.77663230241,0.0,-1.60250876333552e-13,0.0,19123.7625126455,2714.77663230241
1916,0.0,0.0,0.0,0.0,2859.10652920962,0.0,1.38774514598356e-13,0.0,15848.7263967124,2859.10652920962
1917,0.0,0.0,0.0,0.0,2900.34364261168,0.0,1.67496849532632e-13,0.0,12526.4541829533,2900.34364261168
1918,0.0,0.0,0.0,0.0,2845.36082474227,0.0,-3.1310761543638905e-15,0.0,9267.16343296214,2845.36082474227
1919,0.0,0.0,0.0,0.0,2852.23367697594,0.0,6.782171922199599e-14,0.0,6000.0,2852.23367697594
1920,0.0,0.0,0.0,0.0,0.0,0.0,2466.0,0.0,12000.0,2466.0
1921,0.0,0.0,0.0,0.0,0.0,0.0,2418.0,0.0,12000.0,2418.0
1922,0.0,0.0,0.0,0.0,0.0,0.0,2424.0,0.0,12000.0,2424.0
1923,0.0,0.0,0.0,0.0,0.0,0.0,2256.0,0.0,12000.0,2256.0
1924,0.0,0.0,0.0,0.0,268.441313883162,0.0,1973.65073298,0.0,11692.5070860445,2242.092046863162
1925,0.0,0.0,0.0,0.0,2536.0824742268,0.0,-2.00513694994932e-14,0.0,8787.48706974803,2536.0824742268
1926,30.489966,0.0,0.0,0.0,2433.47621189003,0.0,2.43316055515131e-14,0.0,6000.0,2463.96617789003
1927,2245.36082474227,1817.15217525773,0.0,0.0,5.81139563018963e-14,0.0,-3.203673790945e-30,0.0,7498.2419685,2245.36082474227
1928,2307.21649484536,0.0,0.0,2456.24350515464,-1.37940828574629e-13,0.0,-4.30837425345009e-32,0.0,7498.2419685,2307.21649484536
1929,1948.45360824742,70.9392203180986,7.105427357600999e-14,2074.20317143448,-1.12427711791028e-13,0.0,5.3286254890107394e-30,0.0,7556.73135565227,1948.45360824742
1930,1886.59793814433,638.122360824743,0.0,3810.55670103093,8.36270730854978e-14,0.0,2.16803544060024e-30,0.0,8082.86324215227,1886.59793814433
1931,2035.05154639175,2195.68475257732,0.0,3810.55670103093,-8.3739510027187e-14,0.0,2.2872512239576597e-30,0.0,9893.20532065227,2035.05154639175
1932,1967.01030927835,9472.31369072165,0.0,0.0,-7.01891803903265e-14,0.0,1.15132684548933e-31,0.0,17703.1279586523,1967.01030927835
1933,1843.29896907216,8710.64703092784,0.0,0.0,6.92829722035775e-14,0.0,-1.8206819889367697e-30,0.0,24885.0564356523,1843.29896907216
1934,1818.55670103093,7623.26529896907,0.0,0.0,9.71774027223583e-14,0.0,-4.0830988084929396e-33,0.0,31170.4386746523,1818.55670103093
1935,1849.48453608247,5366.25646391753,0.0,0.0,-8.49989715904371e-16,0.0,2.66918923163846e-32,0.0,35594.9171291523,1849.48453608247
1936,1775.25773195876,1088.13006804124,0.0,0.0,8.2833301840438e-14,0.0,-3.9928005283455e-30,0.0,36492.0803702523,1775.25773195876
1937,511.6605,0.0,0.0,0.0,1493.34400343643,0.0,1.58403850097891e-14,0.0,34781.4915919746,2005.00450343643
1938,0.0,0.0,0.0,0.0,1986.25429553265,0.0,6.01443415880223e-14,0.0,32506.2862133576,1986.25429553265
1939,0.0,0.0,0.0,0.0,1979.38144329897,0.0,-1.0808453788337601e-14,0.0,30238.9535177116,1979.38144329897
1940,0.0,0.0,0.0,0.0,1883.16151202749,0.0,-1.1661495747668e-14,0.0,28081.8383836595,1883.16151202749
1941,0.0,0.0,0.0,0.0,1979.38144329897,0.0,-1.0808453788337601e-14,0.0,25814.5056880134,1979.38144329897
1942,0.0,0.0,0.0,0.0,1972.50859106529,0.0,-8.17612491646974e-14,0.0,23555.0456753384,1972.50859106529
1943,0.0,0.0,0.0,0.0,1979.38144329897,0.0,-1.0808453788337601e-14,0.0,21287.7129796924,1979.38144329897
1944,0.0,0.0,0.0,0.0,1979.38144329897,0.0,-1.0808453788337601e-14,0.0,19020.3802840464,1979.38144329897
1945,0.0,0.0,0.0,0.0,2020.61855670103,0.0,1.79138811459386e-14,0.0,16705.8114905744,2020.61855670103
1946,0.0,0.0,0.0,0.0,1972.50859106529,0.0,-8.17612491646974e-14,0.0,14446.3514778994,1972.50859106529
1947,0.0,0.0,0.0,0.0,1951.89003436426,0.0,-9.612241663183551e-14,0.0,12210.5095141374,1951.89003436426
1948,0.0,0.0,0.0,0.0,1951.89003436426,0.0,-9.612241663183551e-14,0.0,9974.66755037533,1951.89003436426
1949,0.0,0.0,0.0,0.0,1931.27147766323,0.0,8.8013634562968e-14,0.0,7762.44363552627,1931.27147766323
1950,75.04185,0.0,0.0,0.0,1538.61329381443,0.0,-5.93398871483429e-14,0.0,6000.0,1613.6551438144302
1951,1490.72164948454,105.993649484536,0.0,3810.55670103093,2.46631270676972e-14,0.0,-1.31618568615332e-30,0.0,6087.391764,1490.72164948454
1952,1478.35051546392,0.0,2.27373675443232e-13,2861.02348453608,-8.77083662524858e-14,76.2930099719997,4.53949875161024e-30,0.0,6000.0,1478.35051546392
1953,1354.63917525773,3078.70212371134,0.0,3810.55670103093,5.17637863414182e-14,-7.64294306540785e-14,2.60368407812453e-30,0.0,8538.389901,1354.63917525773
1954,1534.0206185567,6156.63968041237,0.0,3810.55670103093,3.90072279496174e-14,-7.64294306540785e-14,-8.21705376480867e-32,0.0,13614.5393175,1534.0206185567
1955,1571.13402061856,8256.06327835052,0.0,3810.55670103093,1.2348429075101998e-13,-7.64294306540785e-14,-1.0509156146571699e-29,0.0,20421.6634905,1571.1340206185605
1956,1490.72164948454,6893.43664948454,0.0,3810.55670103093,2.46631270676972e-14,-7.64294306540785e-14,-1.31618568615332e-30,0.0,26105.302008,1490.72164948454
1957,1472.16494845361,10304.7983505155,0.0,3810.55670103093,-1.7575404333003902e-14,-7.64294306540785e-14,1.14260483727671e-30,0.0,34601.608248,1472.16494845361
1958,1484.53608247423,6334.47321649484,0.0,3810.55670103093,9.4796088987179e-14,-7.64294306540785e-14,3.5510272426084696e-30,0.0,39824.381415,1484.53608247423
1959,1515.46391752577,2372.0723814433,0.0,3810.55670103093,-3.2313034510836504e-15,-7.64294306540785e-14,-3.3744510120856e-32,0.0,41780.1550935,1515.46391752577
1960,1552.57731958763,0.0,2.27373675443232e-13,2454.00968041237,8.124575935031851e-14,1507.27446735395,-5.2956633421098895e-30,0.0,40053.6093118804,1552.57731958763
1961,185.59749,0.0,0.0,0.0,1635.7049652921,4233.95189003436,-1.73306614121101e-14,0.0,33330.0619403724,1821.3024552921
1962,0.0,0.0,0.0,0.0,1841.92439862543,4233.95189003436,-4.03838306819441e-14,0.0,26370.2952866956,1841.92439862543
1963,0.0,0.0,0.0,0.0,2054.98281786942,4233.95189003436,1.74180639365796e-13,0.0,19166.4754609181,2054.98281786942
1964,0.0,0.0,0.0,0.0,2041.23711340206,3212.54613580076,3.2275048613076604e-14,0.0,13148.3961376617,2041.23711340206
1965,0.0,0.0,0.0,0.0,2068.72852233677,0.0,-8.090820720536699e-14,0.0,10778.7185633928,2068.72852233677
1966,0.0,0.0,0.0,0.0,2082.47422680412,0.0,6.099738354735271e-14,0.0,8393.2956231819,2082.47422680412
1967,0.0,0.0,0.0,0.0,2089.3470790378,0.0,1.31950178923713e-13,0.0,6000.0,2089.3470790378
1968,0.0,0.0,0.0,0.0,0.0,0.0,1872.0,0.0,12000.0,1872.0
1969,0.0,0.0,0.0,0.0,0.0,0.0,1764.0,0.0,12000.0,1764.0
1970,0.0,0.0,0.0,0.0,1122.5332628866,0.0,832.028461499999,0.0,10714.1657927989,1954.561724386599
1971,0.0,0.0,0.0,0.0,0.0,0.0,1818.0,0.0,10714.1657927989,1818.0
1972,0.0,0.0,0.0,0.0,0.0,0.0,1782.0,0.0,10714.1657927989,1782.0
1973,0.0,0.0,0.0,0.0,2130.58419243986,0.0,1.60672513857989e-13,0.0,8273.634071791,2130.58419243986
1974,137.31705,0.0,0.0,0.0,1984.88254467354,0.0,-8.060240023035881e-14,0.0,6000.0,2122.19959467354
1975,1997.9381443299,3530.1948556701,0.0,0.0,8.44208443305576e-14,0.0,-2.68993771458111e-30,0.0,8910.6456585,1997.9381443299
1976,1973.19587628866,3049.10712371134,0.0,0.0,1.12315274849338e-13,0.0,-8.733388244528351e-31,0.0,11424.634482,1973.19587628866
1977,2140.20618556701,2746.15801358389,4.54747350886464e-13,3458.2318008491,-1.28127768626454e-14,0.0,-4.58211283493668e-31,0.0,13688.8417641999,2140.20618556701
1978,2171.13402061856,6116.81127835052,0.0,3810.55670103093,-1.10840169300908e-13,0.0,-4.3873208213519595e-30,0.0,18732.1526631999,2171.13402061856
1979,2183.50515463918,7783.2731443299,0.0,3810.55670103093,-2.51106093139872e-13,0.0,-1.96311512409391e-29,0.0,25149.4613706999,2183.50515463918
1980,2183.50515463918,10515.7918453608,0.0,0.0,-2.51106093139872e-13,0.0,-1.96311512409391e-29,0.0,33819.7317471999,2183.50515463918
1981,2214.43298969072,9326.83701030928,0.0,0.0,1.56141348740159e-13,0.0,6.2348403089768394e-30,0.0,41509.7088621999,2214.43298969072
1982,2189.69072164948,7541.04327835052,0.0,0.0,-6.8601637900207e-14,0.0,1.4179954983133198e-30,0.0,47727.2990451999,2189.69072164948
1983,2183.50515463918,5416.81484536082,0.0,0.0,-2.51106093139872e-13,0.0,-1.96311512409391e-29,0.0,52193.4628851999,2183.50515463918
1984,1441.0539,0.0,0.0,0.0,749.344463917526,0.0,5.196455646081561e-15,0.0,51335.1072564284,2190.3983639175262
1985,243.87597,0.0,0.0,0.0,2141.39783402062,0.0,-8.98740675942722e-14,0.0,48882.1887753051,2385.27380402062
1986,0.0,0.0,0.0,0.0,2288.65979381443,0.0,-1.9238537910515e-13,0.0,46260.5853459644,2288.65979381443
1987,0.0,0.0,0.0,0.0,2316.15120274914,0.0,-1.35947873042942e-13,0.0,43607.4911847398,2316.15120274914
1988,0.0,0.0,0.0,0.0,2309.27835051546,0.0,2.04730070239298e-14,0.0,40962.2697064861,2309.27835051546
1989,0.0,0.0,0.0,0.0,2391.75257731959,0.0,7.7917676892482e-14,0.0,38222.5760325805,2391.75257731959
1990,0.0,0.0,0.0,0.0,2398.62542955326,0.0,1.48870472268842e-13,0.0,35475.0096757039,2398.62542955326
1991,0.0,0.0,0.0,0.0,2584.19243986254,0.0,7.96237608111428e-14,0.0,32514.8808786105,2584.19243986254
1992,0.0,0.0,0.0,0.0,2714.77663230241,0.0,-1.60250876333552e-13,0.0,29405.1711050682,2714.77663230241
1993,0.0,0.0,0.0,0.0,2618.55670103093,0.0,3.73933003690591e-14,0.0,26405.6788931198,2618.55670103093
1994,0.0,0.0,0.0,0.0,2618.55670103093,0.0,3.73933003690591e-14,0.0,23406.1866811715,2618.55670103093
1995,0.0,0.0,0.0,0.0,2460.48109965636,0.0,-6.543243991685521e-15,0.0,20587.7661775559,2460.48109965636
1996,0.0,0.0,0.0,0.0,2529.20962199313,0.0,-9.10041648758531e-14,0.0,17690.6188442305,2529.20962199313
1997,0.0,0.0,0.0,0.0,2439.86254295533,0.0,1.7759280720311799e-13,0.0,14895.8163895279,2439.86254295533
1998,0.0,0.0,0.0,0.0,2618.55670103093,0.0,3.73933003690591e-14,0.0,11896.3241775796,2618.55670103093
1999,28.754934,0.0,0.0,0.0,2682.82670563574,0.0,-1.54395915242781e-13,0.0,8823.21225818009,2711.58163963574
2000,2542.26804123711,0.0,0.0,2372.66795876289,2.2865562439482e-13,0.0,1.0301645177353399e-29,0.0,8823.21225818009,2542.2680412371105
2001,2486.59793814433,3952.66936082474,0.0,3810.55670103093,1.01940030192717e-13,0.0,3.90450534248468e-30,0.0,12082.1881461801,2486.59793814433
2002,2622.68041237113,6172.10888659794,0.0,3810.55670103093,7.48393709189958e-14,0.0,-2.77006670282495e-30,0.0,17171.0919231801,2622.68041237113
2003,2653.60824742268,6589.99305154639,0.0,3810.55670103093,-2.3188021519266902e-14,0.0,-1.1897716786196999e-30,0.0,22604.5411941801,2653.60824742268
2004,2585.56701030928,6063.0112886598,0.0,3810.55670103093,-9.637691882406331e-15,0.0,-6.07187936996662e-31,0.0,27603.4940016801,2585.56701030928
2005,2573.19587628866,3120.15742268041,0.0,3810.55670103093,1.30628231956557e-13,0.0,8.631310774316031e-31,0.0,30176.0637966801,2573.19587628866
2006,2400.0,0.0,0.0,903.1011,7.32518284288763e-14,0.0,-4.07292951658934e-30,0.0,30176.0637966801,2400.0
2007,2363.5014,0.0,0.0,0.0,116.155374570447,0.0,3.03429348237651e-15,0.0,30043.0106757517,2479.656774570447
2008,563.9517,0.0,0.0,0.0,2012.56225773196,0.0,5.84876548567329e-15,0.0,27737.6701743406,2576.51395773196
2009,308.34141,0.0,0.0,0.0,2434.03073573883,0.0,-1.90308159034667e-13,0.0,24949.5479111804,2742.37214573883
2010,0.0,0.0,0.0,0.0,2728.52233676976,0.0,-1.8345285580832402e-14,0.0,21824.0927716961,2728.52233676976
2011,0.0,0.0,0.0,0.0,2701.03092783505,0.0,9.48379702376113e-14,0.0,18730.1283640958,2701.03092783505
2012,0.0,0.0,0.0,0.0,2707.90378006873,0.0,1.65790765613971e-13,0.0,15628.2912735246,2707.90378006873
2013,0.0,0.0,0.0,0.0,2756.01374570447,0.0,-1.31528541399276e-13,0.0,12471.3454021563,2756.01374570447
2014,0.0,0.0,0.0,0.0,2762.88659793814,0.0,-6.057574602291611e-14,0.0,9306.5268478171,2762.88659793814
2015,0.0,0.0,0.0,0.0,2886.59793814433,0.0,2.5591258779912202e-14,0.0,6000.0,2886.59793814433
2016,0.0,0.0,0.0,0.0,0.0,0.0,2526.0,0.0,12000.0,2526.0
2017,0.0,0.0,0.0,0.0,0.0,0.0,2472.0,0.0,12000.0,2472.0
2018,0.0,0.0,0.0,0.0,0.0,0.0,2346.0,0.0,12000.0,2346.0
2019,0.0,0.0,0.0,0.0,0.0,0.0,2352.0,0.0,12000.0,2352.0
2020,0.0,0.0,0.0,0.0,0.0,0.0,2436.0,0.0,12000.0,2436.0
2021,0.0,0.0,0.0,0.0,0.0,0.0,2412.0,0.0,12000.0,2412.0
2022,43.14843,0.0,0.0,0.0,2594.79845979381,0.0,158.8869675,0.0,9027.72226827742,2796.83385729381
2023,132.45882,0.0,0.0,0.0,2643.20154020619,0.0,-3.66867397968097e-14,0.0,6000.0,2775.66036020619
2024,2628.86597938144,-3.44449804574028e-13,-1.1029754631243599e-13,3327.52602061856,-2.47931008159633e-13,0.0,5.01219263484387e-30,0.0,6000.0,2628.8659793814395
2025,2573.19587628866,3365.97442268041,0.0,3810.55670103093,1.30628231956557e-13,0.0,8.631310774316031e-31,0.0,8775.2459115,2573.19587628866
2026,2579.38144329897,1147.0458556701,0.0,3810.55670103093,-1.92142147122071e-13,0.0,8.645390415100429e-30,0.0,9720.9852195,2579.38144329897
2027,2573.19587628866,5149.36642268041,0.0,3810.55670103093,1.30628231956557e-13,0.0,8.631310774316031e-31,0.0,13966.637835,2573.19587628866
2028,2536.0824742268,6829.19882474227,0.0,3810.55670103093,4.6151169155155304e-14,0.0,2.7130756222812103e-31,0.0,19597.312266,2536.0824742268
2029,2635.05154639175,10289.7987525773,0.0,3810.55670103093,-6.54265529199679e-14,0.0,4.0237211258421e-30,0.0,28081.2513375,2635.05154639175
2030,2591.75257731959,5229.75393712768,0.0,2137.02648555273,1.72866763357259e-13,0.0,6.66844739709689e-30,0.0,32393.1834586618,2591.75257731959
2031,2579.38144329897,8249.16355670103,0.0,0.0,-1.92142147122071e-13,0.0,8.645390415100429e-30,0.0,39194.6188111618,2579.38144329897
2032,2474.22680412371,3567.22419587629,0.0,0.0,2.42205954031681e-13,0.0,-1.39080916103095e-29,0.0,42135.7951606618,2474.2268041237103
2033,1552.1532,0.0,0.0,0.0,838.959216494845,0.0,-3.5685304992769904e-14,0.0,41174.78803982,2391.112416494845
2034,0.0,0.0,0.0,0.0,2467.35395189003,0.0,6.44095513846744e-14,0.0,38348.4948532335,2467.35395189003
2035,0.0,0.0,0.0,0.0,2542.95532646048,0.0,5.09014258768667e-14,0.0,35435.6021539661,2542.95532646048
2036,0.0,0.0,0.0,0.0,2446.735395189,0.0,-1.48448834744405e-13,0.0,32632.9270162925,2446.735395189
2037,0.0,0.0,0.0,0.0,2542.95532646048,0.0,5.09014258768667e-14,0.0,29720.0343170251,2542.95532646048
2038,0.0,0.0,0.0,0.0,2529.20962199313,0.0,-9.10041648758531e-14,0.0,26822.8869836996,2529.20962199313
2039,0.0,0.0,0.0,0.0,2563.57388316151,0.0,-1.33234625317937e-13,0.0,23886.3762355192,2563.57388316151
2040,0.0,0.0,0.0,0.0,2563.57388316151,0.0,-1.33234625317937e-13,0.0,20949.8654873388,2563.57388316151
2041,0.0,0.0,0.0,0.0,2460.48109965636,0.0,-6.543243991685521e-15,0.0,18131.4449837232,2460.48109965636
2042,0.0,0.0,0.0,0.0,2419.2439862543,0.0,-3.5265578925961603e-14,0.0,15360.2605779337,2419.2439862543
2043,0.0,0.0,0.0,0.0,2364.26116838488,0.0,1.91100932710926e-13,0.0,12652.057635912,2364.26116838488
2044,0.0,0.0,0.0,0.0,2343.64261168385,0.0,1.47863308462497e-13,0.0,9967.47274280338,2343.64261168385
2045,0.0,0.0,0.0,0.0,2295.53264604811,0.0,-1.2143258372878998e-13,0.0,7337.99663049169,2295.53264604811
2046,1095.1278,0.0,0.0,0.0,1168.07105841924,0.0,-5.45411341718363e-14,0.0,6000.0,2263.19885841924
2047,2202.0618556701,-3.66661692986922e-13,-8.8085657899542e-14,3352.1621443299,-2.08867561739171e-13,0.0,8.21178332698038e-30,0.0,6000.0,2202.0618556701
2048,2121.64948453608,0.0,0.0,3220.41451546392,-5.5051308263346503e-14,0.0,-7.541230410954091e-31,0.0,6000.0,2121.64948453608
2049,2152.57731958763,2462.07497938144,0.0,3810.55670103093,-1.53078700701609e-13,-7.64294306540785e-14,-1.01926371410173e-29,0.0,8029.9808205,2152.57731958763
2050,2121.64948453608,6822.47081443299,0.0,3810.55670103093,-5.5051308263346503e-14,-7.64294306540785e-14,-7.541230410954091e-31,0.0,13655.108007,2121.64948453608
2051,2152.57731958763,11783.2309793814,0.0,3810.55670103093,-1.53078700701609e-13,-7.64294306540785e-14,-1.01926371410173e-29,0.0,23370.3819495,2152.57731958763
2052,2177.31958762887,11781.6157113402,0.0,3810.55670103093,7.166428593875681e-14,-7.64294306540785e-14,-5.37579233035373e-30,0.0,33084.3241035,2177.31958762887
2053,2195.87628865979,7149.43701030928,0.0,3810.55670103093,1.13902817339458e-13,-7.64294306540785e-14,4.29523989311555e-31,0.0,38979.0349185,2195.87628865979
2054,2282.47422680412,4140.06207216495,0.0,3810.55670103093,1.42591019103298e-13,-7.64294306540785e-14,8.40695884838557e-30,0.0,42392.516097,2282.47422680412
2055,2282.47422680412,1160.65707216495,0.0,3810.55670103093,1.42591019103298e-13,-7.64294306540785e-14,8.40695884838557e-30,0.0,43349.477853,2282.47422680412
2056,2338.14432989691,84.5519690721649,0.0,3810.55670103093,-2.35968221012892e-13,0.0,1.25560204057978e-29,0.0,43419.1909515,2338.1443298969098
2057,1655.4759,0.0,0.0,0.0,827.249,0.0,2.5912159529184502e-14,0.0,42471.5975952572,2482.7249
2058,0.0,0.0,0.0,0.0,2549.82817869416,0.0,1.21854221253227e-13,0.0,39550.8322130187,2549.82817869416
2059,0.0,0.0,0.0,0.0,2577.31958762887,0.0,8.670965434782951e-15,0.0,36598.5760988963,2577.31958762887
2060,0.0,0.0,0.0,0.0,2542.95532646048,3742.66002711998,5.09014258768667e-14,0.0,29398.558511748,2542.95532646048
2061,0.0,0.0,0.0,0.0,2542.95532646048,4233.95189003436,5.09014258768667e-14,0.0,21635.77819503,2542.95532646048
2062,0.0,0.0,0.0,0.0,2618.55670103093,4233.95189003436,3.73933003690591e-14,0.0,13786.398365631,2618.55670103093
2063,0.0,0.0,0.0,0.0,2563.57388316151,4233.95189003436,-1.33234625317937e-13,0.0,6000.0,2563.57388316151
2064,0.0,0.0,0.0,0.0,0.0,0.0,2118.0,0.0,12000.0,2118.0
2065,0.0,0.0,0.0,0.0,0.0,0.0,2148.0,0.0,12000.0,2148.0
2066,0.0,0.0,0.0,0.0,0.0,0.0,2112.0,0.0,12000.0,2112.0
2067,0.0,0.0,0.0,0.0,2467.35395189003,0.0,6.44095513846744e-14,0.0,9173.70681341348,2467.35395189003
2068,0.0,0.0,0.0,0.0,2460.48109965636,0.0,-6.543243991685521e-15,0.0,6355.28630979795,2460.48109965636
2069,0.0,0.0,0.0,0.0,0.0,0.0,2148.0,0.0,6355.28630979795,2148.0
2070,122.45571,0.0,0.0,0.0,310.164948453609,0.0,1764.4439613,0.0,6000.0,2197.064619753609
2071,2245.36082474227,3402.11217525773,0.0,0.0,5.81139563018963e-14,0.0,-3.203673790945e-30,0.0,8805.0414885,2245.36082474227
2072,2232.98969072165,3280.47930927835,0.0,0.0,1.9837988014086e-13,0.0,-9.997461619612059e-30,0.0,11509.796679,2232.98969072165
2073,2164.94845360825,6437.59354639175,0.0,0.0,2.11930209777721e-13,0.0,9.868038089233399e-30,0.0,16817.592558,2164.94845360825
2074,2177.31958762887,9172.65541237113,0.0,0.0,7.166428593875681e-14,0.0,-5.37579233035373e-30,0.0,24380.4469455,2177.31958762887
2075,2183.50515463918,11747.8408453608,0.0,0.0,-2.51106093139872e-13,0.0,-1.96311512409391e-29,0.0,34066.5417225,2183.50515463918
2076,2245.36082474227,10934.4551752577,0.0,0.0,5.81139563018963e-14,0.0,-3.203673790945e-30,0.0,43082.0000145,2245.36082474227
2077,2294.84536082474,9803.81263917526,0.0,0.0,2.3250952643346703e-15,0.0,4.98841313778767e-32,0.0,51165.2435355,2294.84536082474
2078,2307.21649484536,7808.83750515464,0.0,0.0,-1.37940828574629e-13,0.0,-4.30837425345009e-32,0.0,57603.6300585,2307.21649484536
2079,2338.14432989691,5755.87667010309,0.0,0.0,-2.35968221012892e-13,0.0,1.25560204057978e-29,0.0,62349.350373,2338.1443298969098
2080,1199.0316,0.0,0.0,0.0,1265.68081099656,0.0,4.45398043975526e-14,0.0,60899.5441748367,2464.71241099656
2081,18.674565,0.0,0.0,0.0,2618.42574106529,0.0,-1.14037800107764e-13,0.0,57900.2019743037,2637.1003060652897
2082,0.0,0.0,0.0,0.0,2460.48109965636,0.0,-6.543243991685521e-15,0.0,55081.7814706882,2460.48109965636
2083,0.0,0.0,0.0,0.0,2618.55670103093,0.0,3.73933003690591e-14,0.0,52082.2892587398,2618.55670103093
2084,0.0,0.0,0.0,0.0,2646.04810996564,0.0,-7.57899554493846e-14,0.0,49051.3063149075,2646.04810996564
2085,0.0,0.0,0.0,0.0,2639.17525773196,0.0,-1.46742750825744e-13,0.0,46028.1960540461,2639.17525773196
2086,0.0,0.0,0.0,0.0,2694.15807560137,0.0,2.3885174861251402e-14,0.0,42942.1043294168,2694.15807560137
2087,0.0,0.0,0.0,0.0,2810.99656357388,0.0,3.90993842877199e-14,0.0,39722.1769942807,2810.99656357388
2088,0.0,0.0,0.0,0.0,2714.77663230241,0.0,-1.60250876333552e-13,0.0,36612.4672207384,2714.77663230241
2089,0.0,0.0,0.0,0.0,2749.14089347079,0.0,1.94513100548247e-13,0.0,33463.3940323411,2749.14089347079
2090,0.0,0.0,0.0,0.0,2680.41237113402,0.0,-1.18020415891468e-13,0.0,30393.0476736538,2680.41237113402
2091,0.0,0.0,0.0,0.0,2680.41237113402,0.0,-1.18020415891468e-13,0.0,27322.7013149665,2680.41237113402
2092,0.0,0.0,0.0,0.0,2529.20962199313,0.0,-9.10041648758531e-14,0.0,24425.5539816411,2529.20962199313
2093,0.0,0.0,0.0,0.0,2694.15807560137,0.0,2.3885174861251402e-14,0.0,21339.4622570118,2694.15807560137
2094,0.0,0.0,0.0,0.0,2673.53951890034,0.0,-1.88973211267828e-13,0.0,18276.9885812955,2673.53951890034
2095,28.964598,0.0,0.0,0.0,2744.44941573883,0.0,1.54941747282569e-13,0.0,15133.2893650998,2773.41401373883
2096,2404.1277,0.0,0.0,0.0,174.107824742268,0.0,3.0661834400232203e-15,0.0,14933.8531397363,2578.235524742268
2097,1893.0132,0.0,0.0,0.0,700.775711340206,0.0,2.9098102969520703e-14,0.0,14131.1318209045,2593.788911340206
2098,1751.0571,0.0,0.0,0.0,961.597494845361,0.0,2.3308639453825702e-14,0.0,13029.6455725135,2712.654594845361
2099,2523.71134020619,1411.50565979382,0.0,0.0,1.86417092994119e-13,0.0,4.4963288576881596e-30,0.0,14193.4319890135,2523.71134020619
2100,2245.36082474227,645.779375257732,0.0,0.0,5.81139563018963e-14,0.0,-3.203673790945e-30,0.0,14725.8770839135,2245.36082474227
2101,2164.94845360825,1124.33884639175,0.0,0.0,2.11930209777721e-13,0.0,9.868038089233399e-30,0.0,15652.8944627635,2164.94845360825
2102,2208.24742268041,1338.64657731959,0.0,0.0,-2.6363106499505902e-14,0.0,-1.0407950251167099e-30,0.0,16756.6085657635,2208.24742268041
2103,1452.8436,0.0,0.0,0.0,818.719024054983,0.0,1.04355973179348e-14,0.0,15818.7860868918,2271.5626240549827
2104,279.2712,0.0,0.0,0.0,2122.68835738832,0.0,1.01371148939725e-14,0.0,13387.2988504791,2401.9595573883203
2105,145.11978,0.0,0.0,0.0,2189.27126391753,0.0,4.61804306154035e-14,0.0,10879.5425344223,2334.39104391753
2106,0.0,0.0,0.0,0.0,2398.62542955326,0.0,1.48870472268842e-13,0.0,8131.97617754573,2398.62542955326
2107,0.0,0.0,0.0,0.0,1861.21520299743,0.0,511.159127783247,0.0,6000.0,2372.374330780677
2108,0.0,0.0,0.0,0.0,0.0,0.0,2154.0,0.0,6000.0,2154.0
2109,0.0,0.0,0.0,0.0,0.0,0.0,2046.0,0.0,6000.0,2046.0
2110,0.0,0.0,0.0,0.0,0.0,0.0,2226.0,0.0,6000.0,2226.0
2111,0.0,0.0,0.0,0.0,0.0,0.0,2250.0,0.0,6000.0,2250.0
2112,0.0,0.0,0.0,0.0,0.0,0.0,2142.0,0.0,12000.0,2142.0
2113,0.0,0.0,0.0,0.0,0.0,0.0,2226.0,0.0,12000.0,2226.0
2114,0.0,0.0,0.0,0.0,0.0,0.0,2178.0,0.0,12000.0,2178.0
2115,0.0,0.0,0.0,0.0,0.0,0.0,2184.0,0.0,12000.0,2184.0
2116,0.0,0.0,0.0,0.0,0.0,0.0,2100.0,0.0,12000.0,2100.0
2117,0.0,0.0,0.0,0.0,0.0,0.0,2196.0,0.0,12000.0,2196.0
2118,109.65006,0.0,0.0,0.0,0.0,0.0,2035.6394418,0.0,12000.0,2145.2895018
2119,93.55359,0.0,0.0,0.0,0.0,0.0,2051.2530177,0.0,12000.0,2144.8066077
2120,196.72731,0.0,0.0,0.0,0.0,0.0,2065.1745093,0.0,12000.0,2261.9018193
2121,2451.8637,0.0,0.0,0.0,0.0,0.0,69.6922110000002,0.0,12000.0,2521.555911
2122,2170.1472,0.0,0.0,0.0,0.0,0.0,288.957216,0.0,12000.0,2459.104416
2123,2449.48453608247,1541.58046391753,0.0,0.0,0.0,0.0,1.52451705326177e-14,0.0,13271.0330925,2449.48453608247
2124,2542.26804123711,76.344058762887,0.0,0.0,0.0,0.0,1.99616360096678e-13,0.0,13333.97876895,2542.26804123711
2125,2505.15463917526,1430.88136082474,0.0,0.0,0.0,0.0,1.25867884271054e-13,0.0,14513.74045095,2505.15463917526
2126,2474.22680412371,274.972895876289,0.0,0.0,0.0,0.0,2.11445797869657e-13,0.0,14740.4556036,2474.22680412371
2127,683.2839,0.0,0.0,0.0,0.0,0.0,1761.214617,0.0,14740.4556036,2444.498517
2128,134.57067,0.0,0.0,0.0,0.0,0.0,2257.4664501,0.0,14740.4556036,2392.0371201000003
2129,7.114731,0.0,0.0,0.0,0.0,0.0,2387.09871093,0.0,14740.4556036,2394.21344193
2130,0.0,0.0,0.0,0.0,0.0,0.0,2352.0,0.0,14740.4556036,2352.0
2131,0.0,0.0,0.0,0.0,0.0,0.0,2430.0,0.0,14740.4556036,2430.0
2132,0.0,0.0,0.0,0.0,0.0,0.0,2454.0,0.0,14740.4556036,2454.0
2133,0.0,0.0,0.0,0.0,0.0,0.0,2400.0,0.0,14740.4556036,2400.0
2134,0.0,0.0,0.0,0.0,0.0,0.0,2490.0,0.0,14740.4556036,2490.0
2135,0.0,0.0,0.0,0.0,0.0,0.0,2538.0,0.0,14740.4556036,2538.0
2136,0.0,0.0,0.0,0.0,0.0,0.0,2430.0,0.0,14740.4556036,2430.0
2137,0.0,0.0,0.0,0.0,0.0,0.0,2526.0,0.0,14740.4556036,2526.0
2138,0.0,0.0,0.0,0.0,0.0,0.0,2418.0,0.0,14740.4556036,2418.0
2139,0.0,0.0,0.0,0.0,0.0,0.0,2460.0,0.0,14740.4556036,2460.0
2140,0.0,0.0,0.0,0.0,0.0,0.0,2352.0,0.0,14740.4556036,2352.0
2141,0.0,0.0,0.0,0.0,0.0,0.0,2454.0,0.0,14740.4556036,2454.0
2142,19.67472,0.0,0.0,0.0,0.0,0.0,2494.9155216,0.0,14740.4556036,2514.5902416
2143,630.3336,0.0,0.0,0.0,2206.84582817869,0.0,1.6171747643798998e-13,0.0,12212.5680570036,2837.17942817869
2144,2579.38144329897,729.050956701031,0.0,0.0,-1.92142147122071e-13,0.0,8.645390415100429e-30,0.0,12813.6705708036,2579.38144329897
2145,2628.86597938144,2527.36302061856,0.0,0.0,-2.47931008159633e-13,0.0,5.01219263484387e-30,0.0,14897.4813813036,2628.8659793814395
2146,1414.4676,0.0,0.0,0.0,1411.18720274914,0.0,-1.02261537855435e-14,0.0,13281.0011948784,2825.65480274914
2147,2517.52577319588,1250.20182680412,0.0,0.0,3.91263775445419e-15,0.0,-2.46041953736201e-32,0.0,14311.7926010784,2517.52577319588
2148,2486.59793814433,1611.44406185567,0.0,0.0,1.01940030192717e-13,0.0,3.90450534248468e-30,0.0,15640.4282300784,2486.59793814433
2149,2536.0824742268,192.790425773196,0.0,0.0,4.6151169155155304e-14,0.0,2.7130756222812103e-31,0.0,15799.3839361284,2536.0824742268
2150,2542.26804123711,718.284058762887,0.0,0.0,2.2865562439482e-13,0.0,1.0301645177353399e-29,0.0,16391.6091425784,2542.2680412371105
2151,2418.55670103093,624.223298969072,0.0,0.0,1.15490359829577e-13,0.0,-9.28642232105115e-30,0.0,16906.2812525784,2418.55670103093
2152,855.8667,0.0,0.0,0.0,1894.39782474227,0.0,-5.89352605389197e-14,0.0,14736.2951990363,2750.2645247422697
2153,76.82727,0.0,0.0,0.0,2732.50578247423,0.0,-9.51905118596233e-14,0.0,11606.2771206008,2809.3330524742296
2154,0.0,0.0,0.0,0.0,2817.86941580756,0.0,1.1005217966408e-13,0.0,8378.4771024936,2817.86941580756
2155,0.0,0.0,0.0,0.0,2076.41051047691,0.0,683.293624353658,0.0,6000.0,2759.704134830568
2156,0.0,0.0,0.0,0.0,0.0,0.0,2508.0,0.0,6000.0,2508.0
2157,0.0,0.0,0.0,0.0,0.0,0.0,2370.0,0.0,6000.0,2370.0
2158,0.0,0.0,0.0,0.0,0.0,0.0,2490.0,0.0,6000.0,2490.0
2159,0.0,0.0,0.0,0.0,0.0,0.0,2490.0,0.0,6000.0,2490.0
2160,0.0,0.0,0.0,0.0,0.0,0.0,2340.0,0.0,12000.0,2340.0
2161,0.0,0.0,0.0,0.0,0.0,0.0,2394.0,0.0,12000.0,2394.0
2162,0.0,0.0,0.0,0.0,0.0,0.0,2436.0,0.0,12000.0,2436.0
2163,0.0,0.0,0.0,0.0,0.0,0.0,2352.0,0.0,12000.0,2352.0
2164,0.0,0.0,0.0,0.0,0.0,0.0,2292.0,0.0,12000.0,2292.0
2165,0.0,0.0,0.0,0.0,0.0,0.0,2472.0,0.0,12000.0,2472.0
2166,110.35284,0.0,0.0,0.0,1792.11024158076,0.0,752.4455043,0.0,9947.18185385939,2654.9085858807603
2167,93.81957,0.0,0.0,0.0,2768.60826701031,0.0,1.21788105408545e-13,0.0,6775.80926850966,2862.42783701031
2168,1951.2714,0.0,0.0,0.0,677.281491408935,0.0,3.14437924434133e-14,0.0,6000.0,2628.552891408935
2169,2474.22680412371,5650.99419587629,0.0,0.0,2.42205954031681e-13,0.0,-1.39080916103095e-29,0.0,10659.2447145,2474.2268041237103
2170,2703.09278350515,8298.22221649485,0.0,0.0,-7.89768825568285e-14,0.0,-4.822969458876259e-30,0.0,17501.128932,2703.09278350515
2171,2659.79381443299,6824.49918556701,0.0,0.0,1.59316433720398e-13,0.0,8.840565936505619e-30,0.0,23127.9285105,2659.79381443299
2172,2573.19587628866,7936.29012371134,0.0,0.0,1.30628231956557e-13,0.0,8.631310774316031e-31,0.0,29671.3997175,2573.19587628866
2173,2560.82474226804,6914.92725773196,0.0,0.0,-2.34380678522772e-13,0.0,-1.9197544152819e-29,0.0,35372.7572415,2560.82474226804
2174,2684.53608247423,4843.20491752577,0.0,0.0,-1.2121541395753e-13,0.0,3.90523345585547e-31,0.0,39365.979696,2684.53608247423
2175,2511.34020618557,3387.76079381443,0.0,0.0,-1.78591817485211e-13,0.0,6.473271875691689e-30,0.0,42159.1884705,2511.34020618557
2176,1711.515,0.0,0.0,0.0,971.168900343643,0.0,-3.95431795746084e-14,0.0,41046.7384128326,2682.683900343643
2177,328.99893,0.0,0.0,0.0,2280.49374329897,0.0,-9.50839518351306e-14,0.0,38434.4889932462,2609.4926732989697
2178,0.0,0.0,0.0,0.0,2666.66666666667,0.0,1.37068430679695e-13,0.0,35379.8880005008,2666.66666666667
2179,0.0,0.0,0.0,0.0,2783.50515463918,0.0,1.52282640106164e-13,0.0,32191.4513972486,2783.50515463918
2180,0.0,0.0,0.0,0.0,2769.75945017182,0.0,1.0377049353443801e-14,0.0,29018.7601599384,2769.75945017182
2181,0.0,0.0,0.0,0.0,2632.30240549828,0.0,1.79298891121779e-13,0.0,26003.522582048,2632.30240549828
2182,0.0,0.0,0.0,0.0,2666.66666666667,0.0,1.37068430679695e-13,0.0,22948.9215893027,2666.66666666667
2183,0.0,0.0,0.0,0.0,0.0,0.0,2274.0,0.0,22948.9215893027,2274.0
2184,0.0,0.0,0.0,0.0,2604.81099656357,0.0,-1.04512290383661e-13,0.0,19965.1747432963,2604.81099656357
2185,0.0,0.0,0.0,0.0,2087.08421756437,0.0,427.975478066302,0.0,17574.4711722031,2515.059695630672
2186,0.0,0.0,0.0,0.0,2501.71821305842,0.0,2.21790909425906e-14,0.0,14708.8145707616,2501.71821305842
2187,0.0,0.0,0.0,0.0,2570.44673539519,0.0,-6.22818299415769e-14,0.0,11764.4311396102,2570.44673539519
2188,0.0,0.0,0.0,0.0,2398.62542955326,0.0,1.48870472268842e-13,0.0,9016.86478273363,2398.62542955326
2189,0.0,0.0,0.0,0.0,2233.67697594502,0.0,3.39811325317374e-14,0.0,6458.24281716087,2233.67697594502
2190,1705.938,0.0,0.0,0.0,400.045979381443,0.0,3.38226509800678e-15,0.0,6000.0,2105.983979381443
2191,2047.42268041237,3.97783283464461e-14,-3.97783283464461e-14,223.707219587629,2.86319832929959e-14,0.0,-8.13730932774122e-31,0.0,6000.0,2047.42268041237
2192,2035.05154639175,3092.21675257732,0.0,3810.55670103093,-8.3739510027187e-14,0.0,2.2872512239576597e-30,0.0,8549.5327125,2035.05154639175
2193,2103.09278350515,4619.19751546392,0.0,3810.55670103093,-9.72898396640475e-14,0.0,4.4593697633664e-30,0.0,12358.061064,2103.09278350515
2194,2028.86597938144,5873.13531958763,0.0,3810.55670103093,-1.3606548107705101e-14,0.0,2.6770845014002404e-31,0.0,17200.461135,2028.86597938144
2195,2022.68041237113,1997.06588659794,0.0,3810.55670103093,5.6526413811776704e-14,0.0,1.00286795735416e-30,0.0,18847.0419585,2022.68041237113
2196,2053.60824742268,518.185051546392,0.0,3810.55670103093,-4.1500978626485904e-14,0.0,2.5831629815594097e-30,0.0,19274.2855335,2053.60824742268
2197,2053.60824742268,0.0,0.0,2259.83075257732,-4.1500978626485904e-14,0.0,2.5831629815594097e-30,0.0,19274.2855335,2053.60824742268
2198,1985.56701030928,781.970405680458,-1.13686837721616e-13,613.497384010263,-2.79506489896254e-14,0.0,4.11044442150674e-31,0.0,19919.0201329835,1985.56701030928
2199,1923.71134020619,2823.01765979381,0.0,0.0,-8.453328127224681e-14,0.0,-3.87358474498808e-30,0.0,22246.5981934835,1923.71134020619
2200,1991.75257731959,1303.04932268041,0.0,0.0,-9.80836109091073e-14,0.0,-1.7014662055793397e-30,0.0,23320.9623600335,1991.75257731959
2201,330.92514,0.0,0.0,0.0,1900.3466371134,0.0,-5.14213620357513e-14,0.0,21144.162088426,2231.2717771134
2202,27.005043,0.0,0.0,0.0,2258.6541904811,0.0,-1.30138292692406e-13,0.0,18556.929338734,2285.6592334811003
2203,0.0,0.0,0.0,0.0,2268.0412371134,0.0,-8.249327910346331e-15,0.0,15958.9439583063,2268.0412371134
2204,0.0,0.0,0.0,0.0,2295.53264604811,0.0,-1.2143258372878998e-13,0.0,13329.4678459946,2295.53264604811
2205,0.0,0.0,0.0,0.0,2109.96563573883,0.0,-5.21858722710909e-14,0.0,10912.5541738997,2109.96563573883
2206,0.0,0.0,0.0,0.0,2048.10996563574,0.0,1.0322784398943599e-13,0.0,8566.49464854375,2048.10996563574
2207,0.0,0.0,0.0,0.0,2240.54982817869,0.0,1.04933927908097e-13,0.0,6000.0,2240.54982817869
2208,0.0,0.0,0.0,0.0,0.0,0.0,2016.0,0.0,12000.0,2016.0
2209,0.0,0.0,0.0,0.0,0.0,0.0,1992.0,0.0,12000.0,1992.0
2210,0.0,0.0,0.0,0.0,0.0,0.0,2058.0,0.0,12000.0,2058.0
2211,0.0,0.0,0.0,0.0,0.0,0.0,2052.0,0.0,12000.0,2052.0
2212,0.0,0.0,0.0,0.0,2301.05508934708,0.0,25.1789069999994,0.0,9364.19806489452,2326.2339963470795
2213,0.0,0.0,0.0,0.0,2474.22680412371,0.0,1.35362346761034e-13,0.0,6530.03219533701,2474.22680412371
2214,1909.3269,0.0,0.0,0.0,462.71810652921,0.0,1.5942301890222402e-14,0.0,6000.0,2372.04500652921
2215,2301.03092783505,4617.37407216495,0.0,0.0,1.84829550504e-13,0.0,-7.825343080203319e-30,0.0,9807.0249225,2301.03092783505
2216,2325.77319587629,4217.02280412371,0.0,0.0,-9.5702297173928e-14,0.0,-5.256576546996309e-30,0.0,13283.9602245,2325.77319587629
2217,2393.81443298969,3710.83286597938,0.0,3810.55670103093,-1.09252626810789e-13,0.0,-3.0844580075875697e-30,0.0,16343.5419225,2393.81443298969
2218,2369.07216494845,7461.00827373446,0.0,3724.48656131709,1.71279220867139e-13,0.0,-5.653224540794589e-30,0.0,22495.1432441941,2369.07216494845
2219,2443.29896907217,11501.1510309278,0.0,0.0,-1.6504148784835e-13,0.0,4.30115333628296e-30,0.0,31977.8422691941,2443.29896907217
2220,2443.29896907217,7212.67203092784,0.0,0.0,-1.6504148784835e-13,0.0,4.30115333628296e-30,0.0,37924.6903586941,2443.29896907217
2221,2437.11340206186,3838.10359793814,0.0,0.0,1.57728891230278e-13,0.0,-3.4811060013858595e-30,0.0,41089.2067751941,2437.11340206186
2222,2387.62886597938,932.464534020618,0.0,0.0,2.1351775226784e-13,0.0,1.52091778870695e-31,0.0,41858.0237834941,2387.62886597938
2223,1623.4803,0.0,0.0,0.0,931.528189003436,0.0,1.7679757924937499e-16,0.0,40790.9811844065,2555.008489003436
2224,2486.59793814433,2956.00806185567,0.0,0.0,1.01940030192717e-13,0.0,3.90450534248468e-30,0.0,43228.2098314065,2486.59793814433
2225,207.77328,0.0,0.0,0.0,2339.58753539519,0.0,1.0238137011135099e-13,0.0,40548.2699283192,2547.36081539519
2226,79.92504,0.0,0.0,0.0,2529.75110103093,0.0,-1.88319136105564e-13,0.0,37650.5023440914,2609.67614103093
2227,0.0,0.0,0.0,0.0,2577.31958762887,0.0,8.670965434782951e-15,0.0,34698.2462299689,2577.31958762887
2228,0.0,0.0,0.0,0.0,2611.68384879725,0.0,-3.35594950073008e-14,0.0,31706.6267009916,2611.68384879725
2229,0.0,0.0,0.0,0.0,2652.92096219931,0.0,-4.8371600730247e-15,0.0,28667.7710741882,2652.92096219931
2230,0.0,0.0,0.0,0.0,2597.9381443299,0.0,-1.7546508576002099e-13,0.0,25691.8969111528,2597.9381443299
2231,0.0,0.0,0.0,0.0,2501.71821305842,0.0,2.21790909425906e-14,0.0,22826.2403097113,2501.71821305842
2232,0.0,0.0,0.0,0.0,2591.06529209622,0.0,1.50576556187503e-13,0.0,19858.2388296469,2591.06529209622
2233,0.0,0.0,0.0,0.0,2501.71821305842,0.0,2.21790909425906e-14,0.0,16992.5822282055,2501.71821305842
2234,0.0,0.0,0.0,0.0,2405.49828178694,0.0,-1.77171169678681e-13,0.0,14237.1431883579,2405.49828178694
2235,0.0,0.0,0.0,0.0,2357.3883161512,0.0,1.20148137334566e-13,0.0,11536.8129293072,2357.3883161512
2236,0.0,0.0,0.0,0.0,2357.3883161512,0.0,1.20148137334566e-13,0.0,8836.48267025661,2357.3883161512
2237,0.0,0.0,0.0,0.0,2206.18556701031,0.0,1.47164388350181e-13,0.0,6309.35143656782,2206.18556701031
2238,1983.7467,0.0,0.0,0.0,270.063804123711,0.0,-1.57206446898007e-14,0.0,6000.0,2253.810504123711
2239,2338.14432989691,4465.83467010309,0.0,0.0,-2.35968221012892e-13,0.0,1.25560204057978e-29,0.0,9682.0806855,2338.1443298969098
2240,2369.07216494845,1899.97185283838,0.0,2606.30498221317,1.71279220867139e-13,0.0,-5.653224540794589e-30,0.0,11248.6074781652,2369.07216494845
2241,2331.9587628866,0.0,0.0,3544.0932371134,8.68021580657368e-14,0.0,4.77376106812902e-30,0.0,11248.6074781652,2331.9587628866
2242,2400.0,171.910298969072,0.0,3810.55670103093,7.32518284288763e-14,0.0,-4.07292951658934e-30,0.0,11390.3475196652,2400.0
2243,2338.14432989691,9673.58267010309,0.0,0.0,-2.35968221012892e-13,0.0,1.25560204057978e-29,0.0,19366.2164311652,2338.1443298969098
2244,2069.8275,0.0,0.0,0.0,325.621219931272,0.0,8.36596786500947e-15,0.0,18993.2253430424,2395.448719931272
2245,2338.14432989691,2775.34067010309,0.0,0.0,-2.35968221012892e-13,0.0,1.25560204057978e-29,0.0,21281.4937255424,2338.1443298969098
2246,2307.21649484536,8873.65450515464,0.0,0.0,-1.37940828574629e-13,0.0,-4.30837425345009e-32,0.0,28597.8218650424,2307.21649484536
2247,2393.81443298969,123.701867010309,0.0,0.0,-1.09252626810789e-13,0.0,-3.0844580075875697e-30,0.0,28699.8140543924,2393.81443298969
2248,426.3714,0.0,0.0,0.0,2206.66637113402,0.0,5.73881630418431e-15,0.0,26172.132071421,2633.03777113402
2249,46.82691,0.0,0.0,0.0,2669.61958453608,0.0,4.02124903767317e-14,0.0,23114.1485839799,2716.44649453608
2250,13.207272,0.0,0.0,0.0,2617.62765883162,0.0,-1.0811569135371e-14,0.0,20115.7205669906,2630.83493083162
2251,0.0,0.0,0.0,0.0,2453.60824742268,0.0,-7.74960393680454e-14,0.0,17305.1727463461,2453.60824742268
2252,0.0,0.0,0.0,0.0,2522.33676975945,0.0,-1.61956960252213e-13,0.0,14415.8980959916,2522.33676975945
2253,0.0,0.0,0.0,0.0,2439.86254295533,0.0,1.7759280720311799e-13,0.0,11621.0956412891,2439.86254295533
2254,0.0,0.0,0.0,0.0,2432.98969072165,0.0,1.06640011826758e-13,0.0,8834.16586955752,2432.98969072165
2255,0.0,0.0,0.0,0.0,2474.22680412371,0.0,1.35362346761034e-13,0.0,6000.0,2474.22680412371
2256,0.0,0.0,0.0,0.0,0.0,0.0,2160.0,0.0,12000.0,2160.0
2257,0.0,0.0,0.0,0.0,0.0,0.0,2136.0,0.0,12000.0,2136.0
2258,0.0,0.0,0.0,0.0,0.0,0.0,2058.0,0.0,12000.0,2058.0
2259,0.0,0.0,0.0,0.0,0.0,0.0,2034.0,0.0,12000.0,2034.0
2260,0.0,0.0,0.0,0.0,788.79869701031,0.0,1345.37873751,0.0,11096.4505188885,2134.1774345203103
2261,0.0,0.0,0.0,0.0,2247.42268041237,0.0,1.75886723284457e-13,0.0,8522.08318737379,2247.42268041237
2262,10.151817,0.0,0.0,0.0,2201.77862257732,0.0,1.9717876864180799e-13,0.0,6000.0,2211.93043957732
2263,1985.56701030928,2299.55798969072,0.0,0.0,-2.79506489896254e-14,0.0,4.11044442150674e-31,0.0,7895.9855625,1985.56701030928
2264,1954.63917525773,4665.29882474227,0.0,0.0,7.00767434486373e-14,0.0,4.34015398000897e-30,0.0,11742.5244435,1954.63917525773
2265,1973.19587628866,7744.82412371134,0.0,0.0,1.12315274849338e-13,0.0,-8.733388244528351e-31,0.0,18128.1319335,1973.19587628866
2266,1960.82474226804,201.506857731959,0.0,0.0,-5.62184708446113e-17,0.0,2.08284725916509e-34,0.0,18294.2743377,1960.82474226804
2267,1979.38144329897,4320.87355670103,0.0,0.0,4.2182312929856505e-14,0.0,2.5235550898806896e-30,0.0,21856.8345852,1979.38144329897
2268,1973.19587628866,1766.43612371134,0.0,0.0,1.12315274849338e-13,0.0,-8.733388244528351e-31,0.0,23313.2611692,1973.19587628866
2269,1973.19587628866,1432.64682371134,0.0,0.0,1.12315274849338e-13,0.0,-8.733388244528351e-31,0.0,24494.47847535,1973.19587628866
2270,1942.26804123711,3763.66595876289,0.0,0.0,-4.22947498715457e-14,0.0,1.93173157467721e-30,0.0,27597.62105835,1942.26804123711
2271,1905.15463917526,1048.71316082474,0.0,0.0,1.25865604486199e-13,0.0,7.973351760265529e-30,0.0,28462.28505945,1905.15463917526
2272,702.1443,0.0,0.0,0.0,1329.8053024055,0.0,-3.69734371076804e-14,0.0,26939.0258356178,2031.9496024055
2273,46.70601,0.0,0.0,0.0,1941.23158109966,0.0,2.9596292671917804e-14,0.0,24715.392867577,1987.93759109966
2274,0.0,0.0,0.0,0.0,2054.98281786942,0.0,1.74180639365796e-13,0.0,22361.46065925,2054.98281786942
2275,0.0,0.0,0.0,0.0,2061.85567010309,0.0,-1.51861002581727e-13,0.0,19999.6557679521,2061.85567010309
2276,0.0,0.0,0.0,0.0,1599.41961325724,0.0,451.70667762643,0.0,18167.5599910251,2051.1262908836698
2277,0.0,0.0,0.0,0.0,0.0,0.0,1902.0,0.0,18167.5599910251,1902.0
2278,0.0,0.0,0.0,0.0,0.0,0.0,2148.0,0.0,18167.5599910251,2148.0
2279,0.0,0.0,0.0,0.0,0.0,0.0,2190.0,0.0,18167.5599910251,2190.0
2280,0.0,0.0,0.0,0.0,0.0,0.0,2142.0,0.0,18167.5599910251,2142.0
2281,0.0,0.0,0.0,0.0,0.0,0.0,2166.0,0.0,18167.5599910251,2166.0
2282,0.0,0.0,0.0,0.0,0.0,0.0,2172.0,0.0,18167.5599910251,2172.0
2283,0.0,0.0,0.0,0.0,0.0,0.0,2178.0,0.0,18167.5599910251,2178.0
2284,0.0,0.0,0.0,0.0,2357.3883161512,0.0,1.20148137334566e-13,0.0,15467.2297319745,2357.3883161512
2285,0.0,0.0,0.0,0.0,2323.02405498282,0.0,1.6237859777665e-13,0.0,12806.2628877788,2323.02405498282
2286,174.64278,0.0,0.0,0.0,2218.32360068729,0.0,5.30477635274324e-15,0.0,10265.2278354452,2392.96638068729
2287,114.9447,0.0,0.0,0.0,2305.27335738832,0.0,8.95874900617392e-14,0.0,7624.5939781848,2420.21805738832
2288,919.4328,0.0,0.0,0.0,1418.27054295533,0.0,-5.43240642817094e-14,0.0,6000.0,2337.7033429553303
2289,2257.73195876289,148.623340206185,0.0,3810.55670103093,-8.21519675370675e-14,-7.64294306540785e-14,3.59011403772205e-30,0.0,6122.539944,2257.73195876289
2290,2307.21649484536,4688.73680412371,0.0,3810.55670103093,-1.37940828574629e-13,-7.64294306540785e-14,-4.30837425345009e-32,0.0,9988.403439,2307.21649484536
2291,2239.17525773196,8739.14604123711,0.0,3810.55670103093,-1.24390498937769e-13,-7.64294306540785e-14,-2.21520228194323e-30,0.0,17193.82935,2239.17525773196
2292,2239.17525773196,8160.93204123711,0.0,3810.55670103093,-1.24390498937769e-13,-7.64294306540785e-14,-2.21520228194323e-30,0.0,23922.517818,2239.17525773196
2293,2220.61855670103,8076.06074226804,0.0,3810.55670103093,-1.6662903033847e-13,-7.64294306540785e-14,-8.02051860160852e-30,0.0,30581.2299,2220.61855670103
2294,2288.65979381443,6072.44950515464,0.0,3810.55670103093,-1.8017935997533e-13,-7.64294306540785e-14,-5.8484000621997896e-30,0.0,35587.964517,2288.65979381443
2295,2313.40206185567,3036.5172371134,0.0,3810.55670103093,4.4563626665035705e-14,-7.64294306540785e-14,-1.0315552515362699e-30,0.0,38091.572979,2313.40206185567
2296,2381.44329896907,0.0,0.0,3347.34470103093,3.10132970281752e-14,514.68,1.14056328787246e-30,0.0,37502.0197143952,2381.44329896907
2297,2100.0564,0.0,0.0,0.0,443.236302405498,4233.95189003436,3.8944190522282897e-16,0.0,32144.4158284389,2543.292702405498
2298,92.35746,0.0,0.0,0.0,2564.04726666667,4233.95189003436,-1.28686310911045e-13,0.0,24357.4752136611,2656.4047266666703
2299,0.0,0.0,0.0,0.0,2838.48797250859,1778.65318111374,-7.408387153072381e-14,0.0,19068.6537318485,2838.48797250859
2300,0.0,0.0,0.0,0.0,2824.74226804124,0.0,1.8100497504044e-13,0.0,15832.9810307704,2824.74226804124
2301,0.0,0.0,0.0,0.0,2742.26804123711,0.0,1.23560305171887e-13,0.0,12691.7805253441,2742.26804123711
2302,0.0,0.0,0.0,0.0,2927.83505154639,0.0,5.4313593714188305e-14,0.0,9338.01757970107,2927.83505154639
2303,0.0,0.0,0.0,0.0,2914.08934707904,0.0,-8.759199703853141e-14,0.0,6000.0,2914.08934707904
2304,0.0,0.0,0.0,0.0,0.0,0.0,2460.0,0.0,12000.0,2460.0
2305,0.0,0.0,0.0,0.0,0.0,0.0,2454.0,0.0,12000.0,2454.0
2306,0.0,0.0,0.0,0.0,0.0,0.0,2376.0,0.0,12000.0,2376.0
2307,0.0,0.0,0.0,0.0,0.0,0.0,2394.0,0.0,12000.0,2394.0
2308,0.0,0.0,0.0,0.0,0.0,0.0,2298.0,0.0,12000.0,2298.0
2309,0.0,0.0,0.0,0.0,185.931230652921,0.0,2237.68203564,0.0,11787.0203543495,2423.613266292921
2310,8.560188,0.0,0.0,0.0,2815.23094804124,0.0,-4.2747617094034404e-14,0.0,8562.24263608917,2823.79113604124
2311,492.0006,0.0,0.0,0.0,2236.83782130584,0.0,-1.63373602963713e-13,0.0,6000.0,2728.83842130584
2312,2430.92783505155,-3.44206166247257e-14,3.44206166247257e-14,1040.65326494845,-2.47755640093864e-14,0.0,2.6206778864767996e-31,0.0,6000.0,2430.92783505155
2313,2511.34020618557,4895.43909278351,0.0,3810.55670103093,-1.78591817485211e-13,0.0,6.473271875691689e-30,0.0,10036.289532,2511.34020618557
2314,2616.49484536082,7436.35645360825,0.0,3810.55670103093,-1.07665084320669e-13,0.0,-1.78159519382318e-30,0.0,16167.565428,2616.49484536082
2315,2709.27835051546,9130.51394845361,0.0,3810.55670103093,1.03527572682836e-13,0.0,5.2073681562490696e-30,0.0,23695.6741785,2709.27835051546
2316,2684.53608247423,9664.29624523156,0.0,456.388672294217,-1.2121541395753e-13,0.0,3.90523345585547e-31,0.0,31663.8864326934,2684.53608247423
2317,2696.90721649485,10520.1537835052,0.0,0.0,2.437934965218e-13,0.0,-1.5864196724179897e-30,0.0,40337.7532271934,2696.9072164948507
2318,2740.20618556701,8744.63081443299,0.0,0.0,5.5001802445737005e-15,0.0,-9.9092522125117e-32,0.0,47547.7013336934,2740.20618556701
2319,2591.75257731959,2301.28172164949,0.0,3810.55670103093,1.72866763357259e-13,0.0,6.66844739709689e-30,0.0,49445.1081131934,2591.75257731959
2320,2498.96907216495,0.0,0.0,1875.54392783505,-3.83258936462469e-14,0.0,-3.20515952975361e-31,0.0,49445.1081131934,2498.96907216495
2321,1723.4217,0.0,0.0,0.0,896.083563573883,0.0,3.31967050534379e-14,0.0,48418.6664596151,2619.505263573883
2322,59.35059,0.0,0.0,0.0,2758.79716804124,0.0,1.1085674097451399e-13,0.0,45258.5322465094,2818.14775804124
2323,0.0,0.0,0.0,0.0,2886.59793814433,0.0,2.5591258779912202e-14,0.0,41952.0053986923,2886.59793814433
2324,0.0,0.0,0.0,0.0,2831.61512027491,0.0,-1.45036666907084e-13,0.0,38708.4600146432,2831.61512027491
2325,0.0,0.0,0.0,0.0,2810.99656357388,0.0,3.90993842877199e-14,0.0,35488.532679507,2810.99656357388
2326,0.0,0.0,0.0,0.0,2893.47079037801,0.0,9.654405415627211e-14,0.0,32174.1331487189,2893.47079037801
2327,0.0,0.0,0.0,0.0,2914.08934707904,0.0,-8.759199703853141e-14,0.0,28836.1155690178,2914.08934707904
2328,0.0,0.0,0.0,0.0,2714.77663230241,0.0,-1.60250876333552e-13,0.0,25726.4057954756,2714.77663230241
2329,0.0,0.0,0.0,0.0,2797.25085910653,0.0,-1.02806206465e-13,0.0,22522.2238262814,2797.25085910653
2330,0.0,0.0,0.0,0.0,2728.52233676976,0.0,-1.8345285580832402e-14,0.0,19396.7686867971,2728.52233676976
2331,0.0,0.0,0.0,0.0,2721.64948453608,0.0,-8.92980809571922e-14,0.0,16279.1862302838,2721.64948453608
2332,0.0,0.0,0.0,0.0,2687.2852233677,0.0,-4.70676205151085e-14,0.0,13200.9671886255,2687.2852233677
2333,0.0,0.0,0.0,0.0,2783.50515463918,0.0,1.52282640106164e-13,0.0,10012.5305853733,2783.50515463918
2334,231.20565,0.0,0.0,0.0,2732.79555498282,0.0,-1.87503709350198e-13,0.0,6882.18057966565,2964.00120498282
2335,1972.8501,0.0,0.0,0.0,770.14364604811,0.0,-3.00095172781878e-14,0.0,6000.0,2742.99374604811
2336,2635.05154639175,885.10475257732,0.0,3810.55670103093,-6.54265529199679e-14,-7.64294306540785e-14,4.0237211258421e-30,0.0,6729.7688685,2635.05154639175
2337,2628.86597938144,5456.51331958763,0.0,3810.55670103093,-2.47931008159633e-13,-7.64294306540785e-14,5.01219263484387e-30,0.0,11228.6641005,2628.8659793814395
2338,2641.23711340206,8968.68918556701,0.0,3810.55670103093,1.17077902319697e-13,-7.64294306540785e-14,3.0352496168403298e-30,0.0,18623.348334,2641.23711340206
2339,2635.05154639175,9643.52975257732,0.0,3810.55670103093,-6.54265529199679e-14,-7.64294306540785e-14,4.0237211258421e-30,0.0,26574.438615,2635.05154639175
2340,2597.9381443299,10424.6461546392,0.0,3810.55670103093,-1.4990361572137e-13,-7.64294306540785e-14,-7.58691151348847e-30,0.0,35169.5593695,2597.9381443299
2341,2276.28865979381,7527.74263917526,0.0,3810.55670103093,-3.99134361363664e-14,-7.64294306540785e-14,-1.6233787667397498e-30,0.0,41376.1831755,2276.28865979381
2342,2350.51546391753,6095.30183505155,0.0,3810.55670103093,1.29040689466438e-13,-7.64294306540785e-14,1.05790773877943e-29,0.0,46401.7595385,2350.51546391753
2343,2517.52577319588,3436.89352577319,0.0,3810.55670103093,3.91263775445419e-15,-7.64294306540785e-14,-2.46041953736201e-32,0.0,49235.4782505,2517.52577319588
2344,2523.71134020619,0.0,0.0,1047.23005979381,1.86417092994119e-13,3070.3629347079,4.4963288576881596e-30,0.0,45718.4531248323,2523.71134020619
2345,763.6278,0.0,0.0,0.0,2024.37690034364,4233.95189003436,-4.7335687546834704e-14,0.0,38549.6916238266,2788.0047003436403
2346,49.12635,0.0,0.0,0.0,2742.6660257732,4233.95189003436,7.44482982387019e-14,0.0,30558.1476194651,2791.7923757732
2347,0.0,0.0,0.0,0.0,2907.21649484536,4233.95189003436,-1.58544792414891e-13,0.0,22378.1151052844,2907.21649484536
2348,0.0,0.0,0.0,0.0,2920.96219931271,2902.90548347689,-1.66392016621715e-14,0.0,15707.0181032345,2920.96219931271
2349,0.0,0.0,0.0,0.0,2783.50515463918,0.0,1.52282640106164e-13,0.0,12518.5814999823,2783.50515463918
2350,0.0,0.0,0.0,0.0,2865.9793814433,0.0,-1.87267127349167e-13,0.0,9235.67270107816,2865.9793814433
2351,0.0,0.0,0.0,0.0,2824.74226804124,0.0,1.8100497504044e-13,0.0,6000.0,2824.74226804124
2352,0.0,0.0,0.0,0.0,2578.20618556701,0.0,89.2259999999995,0.0,9046.72830977433,2667.4321855670096
2353,0.0,0.0,0.0,0.0,0.0,0.0,2340.0,0.0,9046.72830977433,2340.0
2354,0.0,0.0,0.0,0.0,0.0,0.0,2364.0,0.0,9046.72830977433,2364.0
2355,0.0,0.0,0.0,0.0,0.0,0.0,2256.0,0.0,9046.72830977433,2256.0
2356,0.0,0.0,0.0,0.0,0.0,0.0,2178.0,0.0,9046.72830977433,2178.0
2357,0.0,0.0,0.0,0.0,2659.79381443299,0.0,6.61156353033352e-14,0.0,6000.0,2659.79381443299
2358,2480.41237113402,-1.11927913612051e-13,1.11927913612051e-13,56.7560288659794,-8.0564425046948e-14,0.0,4.8929768514864396e-30,0.0,6000.0,2480.41237113402
2359,2387.62886597938,1177.53343298969,0.0,3810.55670103093,2.1351775226784e-13,0.0,1.52091778870695e-31,0.0,6970.8763155,2387.62886597938
2360,2313.40206185567,2322.1932371134,0.0,3810.55670103093,4.4563626665035705e-14,0.0,-1.0315552515362699e-30,0.0,8885.5246395,2313.40206185567
2361,2430.92783505155,5499.62146391753,0.0,3810.55670103093,-2.47755640093864e-14,0.0,2.6206778864767996e-31,0.0,13419.9625365,2430.92783505155
2362,2424.74226804124,6206.67603092783,0.0,3810.55670103093,-2.07280019249051e-13,0.0,-1.5041629833823198e-30,0.0,18537.366924,2424.74226804124
2363,2455.67010309278,9049.03419587629,0.0,3810.55670103093,1.9996742263098e-13,0.0,2.32421031827943e-30,0.0,25998.2956185,2455.67010309278
2364,2622.68041237113,7727.46788659794,0.0,3810.55670103093,7.48393709189958e-14,0.0,-2.77006670282495e-30,0.0,32369.592891,2622.68041237113
2365,2498.96907216495,6979.25622680412,0.0,3810.55670103093,-3.83258936462469e-14,0.0,-3.20515952975361e-31,0.0,38123.98965,2498.96907216495
2366,2727.83505154639,4947.61524742268,0.0,3810.55670103093,1.45766104083537e-13,0.0,1.10126844759144e-29,0.0,42203.2984215,2727.83505154639
2367,2579.38144329897,2104.2618556701,0.0,3810.55670103093,-1.92142147122071e-13,0.0,8.645390415100429e-30,0.0,43938.2623215,2579.38144329897
2368,2523.71134020619,294.353449712523,-1.13686837721616e-13,2328.37521008129,1.86417092994119e-13,0.0,4.4963288576881596e-30,0.0,44180.956740788,2523.71134020619
2369,1249.5366,0.0,0.0,0.0,1312.65692783505,0.0,6.167627640222951e-14,0.0,42677.3405577009,2562.19352783505
2370,93.95373,0.0,0.0,0.0,2576.01933780069,0.0,-1.65954327013294e-13,0.0,39726.5738477344,2669.9730678006904
2371,0.0,0.0,0.0,0.0,2694.15807560137,0.0,2.3885174861251402e-14,0.0,36640.4821231051,2694.15807560137
2372,0.0,0.0,0.0,0.0,2790.37800687285,0.0,-1.7375900184136e-13,0.0,33444.1728368819,2790.37800687285
2373,0.0,0.0,0.0,0.0,2735.39518900344,0.0,5.26075097955275e-14,0.0,30310.8450144267,2735.39518900344
2374,0.0,0.0,0.0,0.0,2652.92096219931,0.0,-4.8371600730247e-15,0.0,27271.9893876234,2652.92096219931
2375,0.0,0.0,0.0,0.0,2728.52233676976,0.0,-1.8345285580832402e-14,0.0,24146.5342481391,2728.52233676976
2376,0.0,0.0,0.0,0.0,2694.15807560137,0.0,2.3885174861251402e-14,0.0,21060.4425235098,2694.15807560137
2377,0.0,0.0,0.0,0.0,2707.90378006873,0.0,1.65790765613971e-13,0.0,17958.6054329385,2707.90378006873
2378,0.0,0.0,0.0,0.0,2639.17525773196,0.0,-1.46742750825744e-13,0.0,14935.4951720772,2639.17525773196
2379,0.0,0.0,0.0,0.0,2549.82817869416,0.0,1.21854221253227e-13,0.0,12014.7297898387,2549.82817869416
2380,0.0,0.0,0.0,0.0,2501.71821305842,0.0,2.21790909425906e-14,0.0,9149.07318839724,2501.71821305842
2381,0.0,0.0,0.0,0.0,2749.14089347079,0.0,1.94513100548247e-13,0.0,6000.0,2749.14089347079
2382,2486.59793814433,0.0,0.0,150.58986185567,1.01940030192717e-13,0.0,3.90450534248468e-30,0.0,6000.0,2486.59793814433
2383,2455.67010309278,1186.08819587629,0.0,3810.55670103093,1.9996742263098e-13,-7.64294306540785e-14,2.32421031827943e-30,0.0,6977.9297175,2455.67010309278
2384,2393.81443298969,1264.86986597938,0.0,3810.55670103093,-1.09252626810789e-13,-7.64294306540785e-14,-3.0844580075875697e-30,0.0,8020.814922,2393.81443298969
2385,2449.48453608247,4094.4197628866,0.0,3810.55670103093,1.74629673913147e-14,-7.64294306540785e-14,5.5797954624942105e-31,0.0,11396.6640165,2449.48453608247
2386,2183.50515463918,8118.1271443299,0.0,3810.55670103093,-2.51106093139872e-13,-7.64294306540785e-14,-1.96311512409391e-29,0.0,18090.059847,2183.50515463918
2387,2331.9587628866,13031.2885360825,0.0,3810.55670103093,8.68021580657368e-14,-7.64294306540785e-14,4.77376106812902e-30,0.0,28834.357245,2331.9587628866
2388,2226.80412371134,13109.8061752577,0.0,3810.55670103093,1.58754249011952e-14,-7.64294306540785e-14,-7.44883267514968e-31,0.0,39643.3924365,2226.80412371134
2389,2301.03092783505,7836.06037113402,0.0,3810.55670103093,1.84829550504e-13,-7.64294306540785e-14,-7.825343080203319e-30,0.0,46104.2242125,2301.03092783505
2390,2313.40206185567,5774.2002371134,0.0,3810.55670103093,4.4563626665035705e-14,-7.64294306540785e-14,-1.0315552515362699e-30,0.0,50865.052308,2313.40206185567
2391,2294.84536082474,3113.53493814433,0.0,3810.55670103093,2.3250952643346703e-15,-7.64294306540785e-14,4.98841313778767e-32,0.0,53432.1618645,2294.84536082474
2392,2313.40206185567,1282.3362371134,0.0,3810.55670103093,4.4563626665035705e-14,-7.64294306540785e-14,-1.0315552515362699e-30,0.0,54489.448092,2313.40206185567
2393,2387.62886597938,0.0,0.0,324.930334020619,2.1351775226784e-13,3872.91818556701,1.52091778870695e-31,0.0,50053.1156915796,2387.62886597938
2394,311.49534,0.0,0.0,0.0,2327.43358556701,4233.95189003436,6.64347396394174e-14,0.0,42537.2102212458,2638.92892556701
2395,0.0,0.0,0.0,0.0,2707.90378006873,4233.95189003436,1.65790765613971e-13,0.0,34585.485513224,2707.90378006873
2396,0.0,0.0,0.0,0.0,2742.26804123711,4233.95189003436,1.23560305171887e-13,0.0,26594.3973903471,2742.26804123711
2397,0.0,0.0,0.0,0.0,2831.61512027491,4233.95189003436,-1.45036666907084e-13,0.0,18500.9643888474,2831.61512027491
2398,0.0,0.0,0.0,0.0,2817.86941580756,4233.95189003436,1.1005217966408e-13,0.0,10423.2767532896,2817.86941580756
2399,0.0,0.0,0.0,0.0,2762.88659793814,1098.63400768369,-6.057574602291611e-14,0.0,6000.0,2762.88659793814
2400,0.0,0.0,0.0,0.0,0.0,0.0,2322.0,0.0,12000.0,2322.0
2401,0.0,0.0,0.0,0.0,0.0,0.0,2292.0,0.0,12000.0,2292.0
2402,0.0,0.0,0.0,0.0,0.0,0.0,2280.0,0.0,12000.0,2280.0
2403,0.0,0.0,0.0,0.0,406.384879725086,0.0,1877.226,0.0,11534.4961286081,2283.6108797250863
2404,0.0,0.0,0.0,0.0,2474.22680412371,0.0,1.35362346761034e-13,0.0,8700.33025905063,2474.22680412371
2405,0.0,0.0,0.0,0.0,2357.3883161512,0.0,1.20148137334566e-13,0.0,6000.0,2357.3883161512
2406,2282.47422680412,1.98101274337251e-13,-1.98101274337251e-13,206.934773195876,1.42591019103298e-13,0.0,8.40695884838557e-30,0.0,6000.0,2282.47422680412
2407,2400.0,419.404298969071,0.0,3810.55670103093,7.32518284288763e-14,0.0,-4.07292951658934e-30,0.0,6345.7988445,2400.0
2408,2356.70103092784,322.069268041237,0.0,3810.55670103093,-1.93729689612191e-13,0.0,-3.67628152279106e-30,0.0,6611.344956,2356.70103092784
2409,2393.81443298969,4811.97899150393,9.09494701772928e-13,1623.72857550638,-1.09252626810789e-13,0.0,-3.0844580075875697e-30,0.0,10578.821634495,2393.81443298969
2410,2400.0,9518.166,0.0,0.0,7.32518284288763e-14,0.0,-4.07292951658934e-30,0.0,18426.549501495,2400.0
2411,2375.25773195876,10897.3002680412,0.0,0.0,-1.5149115821149e-13,0.0,2.12903479687423e-30,0.0,27411.373572495,2375.25773195876
2412,2455.67010309278,10655.2718969072,0.0,0.0,1.9996742263098e-13,0.0,2.32421031827943e-30,0.0,36196.645251495,2455.67010309278
2413,2591.75257731959,9399.53842268041,0.0,0.0,1.72866763357259e-13,0.0,6.66844739709689e-30,0.0,43946.564680995,2591.75257731959
2414,2517.52577319588,7769.85522680412,0.0,0.0,3.91263775445419e-15,0.0,-2.46041953736201e-32,0.0,50352.810315495,2517.52577319588
2415,2542.26804123711,1792.67625773196,0.0,3810.55670103093,2.2865562439482e-13,0.0,1.0301645177353399e-29,0.0,51830.871889995,2542.2680412371105
2416,2536.0824742268,0.0,0.0,1694.3645257732,4.6151169155155304e-14,0.0,2.7130756222812103e-31,0.0,51830.871889995,2536.0824742268
2417,944.6112,0.0,0.0,0.0,1809.53852920962,0.0,9.57554720479152e-14,0.0,49758.0900695945,2754.14972920962
2418,162.17097,0.0,0.0,0.0,2644.55230137457,0.0,-1.16265126768101e-13,0.0,46728.8205376649,2806.7232713745702
2419,0.0,0.0,0.0,0.0,2982.81786941581,0.0,-1.72052917922699e-13,0.0,43312.0761282539,2982.81786941581
2420,0.0,0.0,0.0,0.0,2962.19931271478,0.0,1.20831332721046e-14,0.0,39918.9497677559,2962.19931271478
2421,0.0,0.0,0.0,0.0,3085.91065292096,0.0,9.82501380749329e-14,0.0,36384.11511378,3085.91065292096
2422,0.0,0.0,0.0,0.0,3092.78350515464,0.0,1.69202933451293e-13,0.0,32841.4077768331,3092.78350515464
2423,0.0,0.0,0.0,0.0,3044.6735395189,0.0,6.952780314065681e-14,0.0,29353.8092206831,3044.6735395189
2424,0.0,0.0,0.0,0.0,2865.9793814433,0.0,-1.87267127349167e-13,0.0,26070.900421779,2865.9793814433
2425,0.0,0.0,0.0,0.0,2907.21649484536,0.0,-1.58544792414891e-13,0.0,22740.7555250489,2907.21649484536
2426,0.0,0.0,0.0,0.0,2934.70790378007,0.0,1.25266389090548e-13,0.0,19379.1198964349,2934.70790378007
2427,0.0,0.0,0.0,0.0,2893.47079037801,0.0,9.654405415627211e-14,0.0,16064.7203656468,2893.47079037801
2428,0.0,0.0,0.0,0.0,2659.79381443299,0.0,6.61156353033352e-14,0.0,13017.9920558724,2659.79381443299
2429,20.753655,0.0,0.0,0.0,3062.8510362543,0.0,-1.19160057756577e-13,0.0,9509.5716248824,3083.6046912543
2430,44.59143,0.0,0.0,0.0,3063.85602852234,0.0,-5.3674654004037e-14,0.0,6000.0,3108.44745852234
2431,2944.32989690722,1198.03240206186,0.0,3810.55670103093,-3.51508086660079e-14,-7.64294306540785e-14,2.28520967455342e-30,0.0,6987.7777155,2944.32989690722
2432,2832.98969072165,1360.61860824742,0.0,3810.55670103093,2.16692837248079e-13,-7.64294306540785e-14,2.7578174063994696e-30,0.0,8109.607758,2832.98969072165
2433,2696.90721649485,4209.30708247423,0.0,3810.55670103093,2.437934965218e-13,-7.64294306540785e-14,-1.5864196724179897e-30,0.0,11580.1814475,2696.9072164948507
2434,2795.87628865979,7310.91201030928,0.0,3810.55670103093,1.32215774446677e-13,-7.64294306540785e-14,-8.8528152329311e-30,0.0,17608.0284,2795.87628865979
2435,2808.24742268041,7217.65487628866,0.0,3810.55670103093,-8.05014939228682e-15,-7.64294306540785e-14,-6.81676263748158e-31,0.0,23558.9848455,2808.24742268041
2436,2783.50515463918,6712.3091443299,0.0,3810.55670103093,-2.32793136032653e-13,0.0,-6.87587221492756e-30,0.0,29093.283735,2783.50515463918
2437,2721.64948453608,6582.20681443299,0.0,3810.55670103093,-3.67383511561274e-14,0.0,9.82346860789029e-31,0.0,34520.3132535,2721.64948453608
2438,1227.3846,0.0,0.0,0.0,1763.38709965636,0.0,9.13533908069588e-14,0.0,32500.3967590483,2990.7716996563604
2439,2734.0206185567,1808.71568041237,0.0,3810.55670103093,-1.7700427499509099e-13,0.0,-3.2426744346710094e-30,0.0,33991.6828375483,2734.0206185567
2440,2696.90721649485,0.0,0.0,2801.85878350515,2.437934965218e-13,0.0,-1.5864196724179897e-30,0.0,33991.6828375483,2696.9072164948507
2441,2410.2117,0.0,0.0,0.0,263.567756013746,2151.34449140645,5.25033804901202e-16,0.0,31225.4603319123,2673.779456013746
2442,42.45891,0.0,0.0,0.0,2846.29422371134,4233.95189003436,-1.6410998031853e-13,0.0,23115.212778939,2888.75313371134
2443,0.0,0.0,0.0,0.0,2914.08934707904,0.0,-8.759199703853141e-14,0.0,19777.1951992379,2914.08934707904
2444,0.0,0.0,0.0,0.0,2893.47079037801,0.0,9.654405415627211e-14,0.0,16462.7956684498,2893.47079037801
2445,0.0,0.0,0.0,0.0,2989.69072164948,0.0,-1.01100122546339e-13,0.0,13038.1785760678,2989.69072164948
2446,0.0,0.0,0.0,0.0,3072.16494845361,0.0,-4.36554526777868e-14,0.0,9519.08928803392,3072.16494845361
2447,0.0,0.0,0.0,0.0,3072.16494845361,0.0,-4.36554526777868e-14,0.0,6000.0,3072.16494845361
2448,0.0,0.0,0.0,0.0,0.0,0.0,2520.0,0.0,12000.0,2520.0
2449,0.0,0.0,0.0,0.0,0.0,0.0,2724.0,0.0,12000.0,2724.0
2450,0.0,0.0,0.0,0.0,0.0,0.0,2658.0,0.0,12000.0,2658.0
2451,0.0,0.0,0.0,0.0,0.0,0.0,2604.0,0.0,12000.0,2604.0
2452,0.0,0.0,0.0,0.0,271.724972233677,0.0,2198.78409924,0.0,11688.745736273,2470.509071473677
2453,24.068148,0.0,0.0,0.0,2633.05142776632,0.0,-7.08108213349477e-14,0.0,8672.65017182131,2657.11957576632
2454,300.09876,0.0,0.0,0.0,2333.2236,0.0,6.73545194729286e-14,0.0,6000.0,2633.32236
2455,2393.81443298969,5631.13756701031,0.0,0.0,-1.09252626810789e-13,0.0,-3.0844580075875697e-30,0.0,10642.872924,2393.81443298969
2456,2350.51546391753,4185.88453608247,0.0,0.0,1.29040689466438e-13,0.0,1.05790773877943e-29,0.0,14094.134724,2350.51546391753
2457,2356.70103092784,4902.40796907216,0.0,0.0,-1.93729689612191e-13,0.0,-3.67628152279106e-30,0.0,18136.1700945,2356.70103092784
2458,2505.15463917526,8557.78036082474,0.0,0.0,1.44178561593418e-13,0.0,-1.3089874619771299e-30,0.0,25192.060002,2505.15463917526
2459,2542.26804123711,12948.5319587629,0.0,0.0,2.2865562439482e-13,0.0,1.0301645177353399e-29,0.0,35868.124602,2542.2680412371105
2460,2498.96907216495,10278.3669278351,0.0,0.0,-3.83258936462469e-14,0.0,-3.20515952975361e-31,0.0,44342.638134,2498.96907216495
2461,2369.07216494845,7371.25583505155,0.0,0.0,1.71279220867139e-13,0.0,-5.653224540794589e-30,0.0,50420.23857,2369.07216494845
2462,2610.30927835052,9035.16872164949,0.0,0.0,2.1510529475795998e-13,0.0,-9.563854531492008e-30,0.0,57869.735181,2610.30927835052
2463,2616.49484536082,6833.51715463918,0.0,0.0,-1.07665084320669e-13,0.0,-1.78159519382318e-30,0.0,63503.970075,2616.49484536082
2464,2672.16494845361,2995.31505154639,0.0,0.0,1.90505098814342e-14,0.0,-8.938599210179621e-31,0.0,65973.607335,2672.16494845361
2465,831.9129,0.0,0.0,0.0,2024.10594158076,0.0,5.81652165393734e-14,0.0,63655.0438280347,2856.01884158076
2466,269.48493,0.0,0.0,0.0,2662.77161271478,0.0,5.8844967321496e-14,0.0,60604.9045236649,2932.25654271478
2467,0.0,0.0,0.0,0.0,3072.16494845361,0.0,-4.36554526777868e-14,0.0,57085.815235631,3072.16494845361
2468,0.0,0.0,0.0,0.0,3037.80068728522,0.0,-1.4249922357030702e-15,0.0,53606.0893624521,3037.80068728522
2469,0.0,0.0,0.0,0.0,2859.10652920962,0.0,1.38774514598356e-13,0.0,50331.0532465189,2859.10652920962
2470,0.0,0.0,0.0,0.0,2982.81786941581,0.0,-1.72052917922699e-13,0.0,46914.3088371079,2982.81786941581
2471,0.0,0.0,0.0,0.0,2996.56357388316,0.0,-3.01473271699792e-14,0.0,43481.8190617549,2996.56357388316
2472,0.0,0.0,0.0,0.0,2859.10652920962,0.0,1.38774514598356e-13,0.0,40206.7829458218,2859.10652920962
2473,0.0,0.0,0.0,0.0,2907.21649484536,0.0,-1.58544792414891e-13,0.0,36876.6380490917,2907.21649484536
2474,0.0,0.0,0.0,0.0,2934.70790378007,0.0,1.25266389090548e-13,0.0,33515.0024204777,2934.70790378007
2475,0.0,0.0,0.0,0.0,2996.56357388316,0.0,-3.01473271699792e-14,0.0,30082.5126451247,2996.56357388316
2476,0.0,0.0,0.0,0.0,2762.88659793814,0.0,-6.057574602291611e-14,0.0,26917.6940907855,2762.88659793814
2477,48.84984,0.0,0.0,0.0,2811.7017814433,0.0,-6.13985275396031e-14,0.0,23696.9589459478,2860.5516214433
2478,1960.5066,0.0,0.0,0.0,763.240089347079,0.0,1.62487624943478e-14,0.0,22822.6862204643,2723.746689347079
2479,2641.23711340206,0.0,0.0,2891.69288659794,1.17077902319697e-13,0.0,3.0352496168403298e-30,0.0,22822.6862204643,2641.23711340206
2480,2678.35051546392,0.0,0.0,2562.78148453608,2.01554965121099e-13,0.0,-7.39173599208328e-30,0.0,22822.6862204643,2678.35051546392
2481,2690.72164948454,0.0,0.0,3595.57135051546,6.128904128213531e-14,0.0,-5.9794816341622105e-31,0.0,22822.6862204643,2690.72164948454
2482,2696.90721649485,2868.37798348247,0.0,248.834800022689,2.437934965218e-13,0.0,-1.5864196724179897e-30,0.0,25187.6638678456,2696.9072164948507
2483,2585.56701030928,4201.44698969072,0.0,0.0,-9.637691882406331e-15,0.0,-6.07187936996662e-31,0.0,28651.7569108456,2585.56701030928
2484,2653.60824742268,1947.49475257732,0.0,0.0,-2.3188021519266902e-14,0.0,-1.1897716786196999e-30,0.0,30257.4663343456,2653.60824742268
2485,2715.46391752577,1517.08908247423,0.0,0.0,-2.19242806395792e-13,0.0,-9.0479907543363e-30,0.0,31508.3062828456,2715.46391752577
2486,2820.61855670103,85.0296432989689,0.0,0.0,-1.48316073231251e-13,0.0,4.73476042440301e-30,0.0,31578.4132237456,2820.61855670103
2487,2686.086,0.0,0.0,0.0,53.2606872852232,0.0,-1.8380662551372103e-15,0.0,31517.4044181497,2739.346687285223
2488,1182.7374,0.0,0.0,0.0,1867.97791752577,0.0,-5.5493779926405105e-15,0.0,29377.681717662,3050.71531752577
2489,525.3768,0.0,0.0,0.0,2515.90435738832,0.0,-9.28467891771797e-14,0.0,26495.775237263,3041.28115738832
2490,46.98486,0.0,0.0,0.0,2992.4681395189,0.0,5.21546683876275e-14,0.0,23067.976681113,3039.4529995189
2491,0.0,0.0,0.0,0.0,2865.9793814433,0.0,-1.87267127349167e-13,0.0,19785.0678822089,2865.9793814433
2492,0.0,0.0,0.0,0.0,2852.23367697594,0.0,6.782171922199599e-14,0.0,16517.9044492468,2852.23367697594
2493,0.0,0.0,0.0,0.0,3017.18213058419,0.0,1.8271105895909998e-13,0.0,13061.7966249808,3017.18213058419
2494,0.0,0.0,0.0,0.0,3120.27491408935,0.0,5.60196776328492e-14,0.0,9487.59855614994,3120.27491408935
2495,0.0,0.0,0.0,0.0,3044.6735395189,0.0,6.952780314065681e-14,0.0,6000.0,3044.6735395189
2496,0.0,0.0,0.0,0.0,0.0,0.0,2496.0,0.0,12000.0,2496.0
2497,0.0,0.0,0.0,0.0,0.0,0.0,2514.0,0.0,12000.0,2514.0
2498,0.0,0.0,0.0,0.0,0.0,0.0,2514.0,0.0,12000.0,2514.0
2499,0.0,0.0,0.0,0.0,0.0,0.0,2538.0,0.0,12000.0,2538.0
2500,0.0,0.0,0.0,0.0,886.344592439863,0.0,1668.2211708,0.0,10984.714098007,2554.565763239863
2501,137.96406,0.0,0.0,0.0,2760.79594707904,0.0,7.35710087466384e-14,0.0,7822.29033273895,2898.76000707904
2502,1228.0203,0.0,0.0,0.0,1590.8594604811,0.0,-2.35494122682647e-14,0.0,6000.0,2818.8797604811
2503,2715.46391752577,2002.17108247423,0.0,0.0,-2.19242806395792e-13,0.0,-9.0479907543363e-30,0.0,7650.7900575,2715.46391752577
2504,2641.23711340206,5570.83688659794,0.0,0.0,1.17077902319697e-13,0.0,3.0352496168403298e-30,0.0,12243.9450705,2641.23711340206
2505,2591.75257731959,7419.58642268041,0.0,0.0,1.72866763357259e-13,0.0,6.66844739709689e-30,0.0,18361.394076,2591.75257731959
2506,2709.27835051546,3394.88464948454,0.0,0.0,1.03527572682836e-13,0.0,5.2073681562490696e-30,0.0,21160.4764695,2709.27835051546
2507,2684.53608247423,6675.50291752577,0.0,0.0,-1.2121541395753e-13,0.0,3.90523345585547e-31,0.0,26664.428625,2684.53608247423
2508,2715.46391752577,2801.78808247423,0.0,0.0,-2.19242806395792e-13,0.0,-9.0479907543363e-30,0.0,28974.502899,2715.46391752577
2509,2579.38144329897,969.150556701031,0.0,0.0,-1.92142147122071e-13,0.0,8.645390415100429e-30,0.0,29773.567533,2579.38144329897
2510,2709.27835051546,90.3132494845363,0.0,0.0,1.03527572682836e-13,0.0,5.2073681562490696e-30,0.0,29848.0308072,2709.27835051546
2511,2530.6008,0.0,0.0,0.0,40.4550103092783,0.0,-2.10239823717501e-15,0.0,29801.6905892054,2571.0558103092785
2512,1819.9779,0.0,0.0,0.0,981.238759450172,0.0,-1.1444642994273501e-14,0.0,28677.7057559292,2801.2166594501723
2513,941.7252,0.0,0.0,0.0,1833.36375257732,0.0,-6.81386258481756e-14,0.0,26577.6327289219,2775.08895257732
2514,0.0,0.0,0.0,0.0,2941.58075601375,0.0,1.96219184466908e-13,0.0,23208.1244173369,2941.58075601375
2515,0.0,0.0,0.0,0.0,2948.45360824742,0.0,-1.29822457480615e-13,0.0,19830.7434227808,2948.45360824742
2516,0.0,0.0,0.0,0.0,3099.65635738832,0.0,-1.5683870849622998e-13,0.0,16280.1634028629,3099.65635738832
2517,0.0,0.0,0.0,0.0,2975.94501718213,0.0,1.5398872402482399e-13,0.0,12871.2916764229,2975.94501718213
2518,0.0,0.0,0.0,0.0,0.0,0.0,2574.0,0.0,12871.2916764229,2574.0
2519,0.0,0.0,0.0,0.0,0.0,0.0,2532.0,0.0,12871.2916764229,2532.0
2520,0.0,0.0,0.0,0.0,0.0,0.0,2448.0,0.0,12871.2916764229,2448.0
2521,0.0,0.0,0.0,0.0,0.0,0.0,2460.0,0.0,12871.2916764229,2460.0
2522,0.0,0.0,0.0,0.0,0.0,0.0,2292.0,0.0,12871.2916764229,2292.0
2523,0.0,0.0,0.0,0.0,617.771784376325,0.0,1848.68523223947,0.0,12163.6493117307,2466.457016615795
2524,0.0,0.0,0.0,0.0,2646.04810996564,0.0,-7.57899554493846e-14,0.0,9132.66636789835,2646.04810996564
2525,93.30321,0.0,0.0,0.0,2734.81773917526,0.0,3.7599821459322504e-14,0.0,6000.0,2828.12094917526
2526,2610.30927835052,2.98845139590254e-13,1.5590221129620998e-13,931.799421649485,2.1510529475795998e-13,0.0,-9.563854531492008e-30,0.0,6000.0,2610.30927835052
2527,2653.60824742268,2297.57505154639,0.0,3810.55670103093,-2.3188021519266902e-14,-7.64294306540785e-14,-1.1897716786196999e-30,0.0,7894.35063,2653.60824742268
2528,2443.29896907217,7124.70432989691,0.0,3810.55670103093,-1.6504148784835e-13,-7.64294306540785e-14,4.30115333628296e-30,0.0,13768.66935,2443.29896907217
2529,2604.12371134021,4932.09658762887,0.0,3810.55670103093,3.26008395182947e-14,-7.64294306540785e-14,2.4434261016368497e-30,0.0,17835.1829865,2604.12371134021
2530,2721.64948453608,8166.19181443299,0.0,3810.55670103093,-3.67383511561274e-14,-7.64294306540785e-14,9.82346860789029e-31,0.0,24568.2081375,2721.64948453608
2531,2684.53608247423,6600.48321649485,0.0,3810.55670103093,-1.2121541395753e-13,-7.64294306540785e-14,3.90523345585547e-31,0.0,30010.3065495,2684.53608247423
2532,2709.27835051546,1134.10994845361,0.0,3810.55670103093,1.03527572682836e-13,-7.64294306540785e-14,5.2073681562490696e-30,0.0,30945.380202,2709.27835051546
2533,1235.6799,0.0,0.0,0.0,1582.34879381443,4233.95189003436,3.4929371285387003e-15,0.0,24282.9510108788,2818.02869381443
2534,2721.64948453608,3669.64781443299,0.0,3810.55670103093,-3.67383511561274e-14,-7.64294306540785e-14,9.82346860789029e-31,0.0,27308.5756338788,2721.64948453608
2535,2690.72164948454,2232.14764948454,0.0,3810.55670103093,6.128904128213531e-14,-7.64294306540785e-14,-5.9794816341622105e-31,0.0,29148.9813708788,2690.72164948454
2536,2641.23711340206,0.0,0.0,3256.06988659794,1.17077902319697e-13,616.0964604811,3.0352496168403298e-30,0.0,28443.2580484491,2641.23711340206
2537,2418.55670103093,0.0,0.0,423.525398969072,1.15490359829577e-13,0.0,-9.28642232105115e-30,0.0,28443.2580484491,2418.55670103093
2538,187.37628,0.0,0.0,0.0,2437.85224329897,3533.11890584937,-6.751958593423e-14,0.0,21603.6576485083,2625.22852329897
2539,0.0,0.0,0.0,0.0,2652.92096219931,0.0,-4.8371600730247e-15,0.0,18564.802021705,2652.92096219931
2540,0.0,0.0,0.0,0.0,2804.12371134021,0.0,-3.185341108864e-14,0.0,15352.7473695398,2804.12371134021
2541,0.0,0.0,0.0,0.0,2776.6323024055,0.0,8.13298447298036e-14,0.0,12172.1834492586,2776.6323024055
2542,0.0,0.0,0.0,0.0,2701.03092783505,0.0,9.48379702376113e-14,0.0,9078.2190416583,2701.03092783505
2543,0.0,0.0,0.0,0.0,2687.2852233677,0.0,-4.70676205151085e-14,0.0,6000.0,2687.2852233677
2544,0.0,0.0,0.0,0.0,2659.79381443299,0.0,6.61156353033352e-14,0.0,8953.27169022567,2659.79381443299
2545,0.0,0.0,0.0,0.0,128.488591408935,0.0,2095.8294597,0.0,8806.09117314785,2224.318051108935
2546,0.0,0.0,0.0,0.0,0.0,0.0,2226.0,0.0,8806.09117314785,2226.0
2547,0.0,0.0,0.0,0.0,0.0,0.0,2124.0,0.0,8806.09117314785,2124.0
2548,0.0,0.0,0.0,0.0,0.0,0.0,2100.0,0.0,8806.09117314785,2100.0
2549,40.61499,0.0,0.0,0.0,2449.71759415808,0.0,7.98955141007354e-15,0.0,6000.0,2490.33258415808
2550,2381.44329896907,1115.35520103093,0.0,0.0,3.10132970281752e-14,0.0,1.14056328787246e-30,0.0,6919.61036325,2381.44329896907
2551,2338.14432989691,1257.18377010309,0.0,0.0,-2.35968221012892e-13,0.0,1.25560204057978e-29,0.0,7956.1583817,2338.1443298969098
2552,2430.92783505155,5218.72716494845,0.0,0.0,-2.47755640093864e-14,0.0,2.6206778864767996e-31,0.0,12258.9989292,2430.92783505155
2553,2400.0,1840.119,0.0,0.0,7.32518284288763e-14,0.0,-4.07292951658934e-30,0.0,13776.1770447,2400.0
2554,1952.9211,0.0,0.0,0.0,524.245742268041,0.0,2.5601291295395e-14,0.0,13175.6664579096,2477.166842268041
2555,2492.78350515464,8052.42649484536,0.0,0.0,-2.20830348885912e-13,0.0,6.679555560264071e-31,0.0,19814.8921029096,2492.78350515464
2556,2455.67010309278,3391.20989690722,0.0,0.0,1.9996742263098e-13,0.0,2.32421031827943e-30,0.0,22610.9446629096,2455.67010309278
2557,2505.15463917526,6203.27236082474,0.0,0.0,1.44178561593418e-13,0.0,-1.3089874619771299e-30,0.0,27725.5427244096,2505.15463917526
2558,2315.1375,0.0,0.0,0.0,176.76589347079,0.0,3.52565246947519e-15,0.0,27523.0617467798,2491.90339347079
2559,2622.68041237113,6596.49058762887,0.0,0.0,7.48393709189958e-14,0.0,-2.77006670282495e-30,0.0,32961.8682362798,2622.68041237113
2560,1043.9481,0.0,0.0,0.0,1671.67278694158,0.0,-3.34103006825942e-14,0.0,31047.0082283284,2715.62088694158
2561,887.4723,0.0,0.0,0.0,1714.95059450172,0.0,9.33137133687398e-14,0.0,29082.5745576506,2602.42289450172
2562,119.56425,0.0,0.0,0.0,2581.92746563574,0.0,1.08723567865418e-13,0.0,26125.0402327528,2701.49171563574
2563,0.0,0.0,0.0,0.0,2749.14089347079,0.0,1.94513100548247e-13,0.0,22975.9670443556,2749.14089347079
2564,0.0,0.0,0.0,0.0,2783.50515463918,0.0,1.52282640106164e-13,0.0,19787.5304411034,2783.50515463918
2565,0.0,0.0,0.0,0.0,2783.50515463918,0.0,1.52282640106164e-13,0.0,16599.0938378512,2783.50515463918
2566,0.0,0.0,0.0,0.0,0.0,0.0,2340.0,0.0,16599.0938378512,2340.0
2567,0.0,0.0,0.0,0.0,0.0,0.0,2340.0,0.0,16599.0938378512,2340.0
2568,0.0,0.0,0.0,0.0,0.0,0.0,2274.0,0.0,16599.0938378512,2274.0
2569,0.0,0.0,0.0,0.0,0.0,0.0,2196.0,0.0,16599.0938378512,2196.0
2570,0.0,0.0,0.0,0.0,2027.78055480835,0.0,425.747575652308,0.0,14276.321151931,2453.528130460658
2571,0.0,0.0,0.0,0.0,2549.82817869416,0.0,1.21854221253227e-13,0.0,11355.5557696925,2549.82817869416
2572,0.0,0.0,0.0,0.0,2439.86254295533,0.0,1.7759280720311799e-13,0.0,8560.75331498998,2439.86254295533
2573,140.59344,0.0,0.0,0.0,2235.53764398625,0.0,1.6249291057566202e-14,0.0,6000.0,2376.13108398625
2574,2183.50515463918,-2.86948827988827e-13,-1.67798522897637e-13,1388.07194536082,-2.51106093139872e-13,0.0,-1.96311512409391e-29,0.0,6000.0,2183.50515463918
2575,2313.40206185567,0.0,0.0,1991.26193814433,4.4563626665035705e-14,0.0,-1.0315552515362699e-30,0.0,6000.0,2313.40206185567
2576,2381.44329896907,6698.904,0.0,3810.55670103093,3.10132970281752e-14,-7.64294306540785e-14,1.14056328787246e-30,0.0,11523.246348,2381.44329896907
2577,2412.37113402062,4983.68316494845,0.0,3810.55670103093,-6.70140954100875e-14,-7.64294306540785e-14,2.72085831207771e-30,0.0,15632.2931175,2412.37113402062
2578,2480.41237113402,7160.24792783505,0.0,3810.55670103093,-8.0564425046948e-14,-7.64294306540785e-14,4.8929768514864396e-30,0.0,21535.917534,2480.41237113402
2579,2523.71134020619,5969.80295876289,0.0,3810.55670103093,1.86417092994119e-13,-7.64294306540785e-14,4.4963288576881596e-30,0.0,26458.0200735,2523.71134020619
2580,2536.0824742268,1942.42082474227,0.0,3810.55670103093,4.6151169155155304e-14,-7.64294306540785e-14,2.7130756222812103e-31,0.0,28059.5460435,2536.0824742268
2581,2461.85567010309,6321.50662886598,0.0,3810.55670103093,-1.22802956447649e-13,-7.64294306540785e-14,1.01064696559482e-29,0.0,33271.628259,2461.85567010309
2582,2443.29896907217,5218.85232989691,0.0,3810.55670103093,-1.6504148784835e-13,-7.64294306540785e-14,4.30115333628296e-30,0.0,37574.572005,2443.29896907217
2583,2511.34020618557,1771.26609278351,0.0,3810.55670103093,-1.78591817485211e-13,-7.64294306540785e-14,6.473271875691689e-30,0.0,39034.9808985,2511.34020618557
2584,2430.92783505155,0.0,0.0,3219.97716494845,-2.47755640093864e-14,656.199484536083,2.6206778864767996e-31,0.0,38283.3205496614,2430.92783505155
2585,2116.7523,0.0,0.0,0.0,390.321041237113,4233.95189003436,1.82579658791531e-14,0.0,32986.3297921912,2507.0733412371133
2586,98.02923,0.0,0.0,0.0,2598.98241340206,4233.95189003436,4.64534764670824e-14,0.0,25159.3718272011,2697.01164340206
2587,0.0,0.0,0.0,0.0,2756.01374570447,2444.34466356576,-1.31528541399276e-13,0.0,19202.4893423554,2756.01374570447
2588,0.0,0.0,0.0,0.0,2783.50515463918,0.0,1.52282640106164e-13,0.0,16014.0527391032,2783.50515463918
2589,0.0,0.0,0.0,0.0,2872.85223367698,0.0,-1.16314331972808e-13,0.0,12723.2712572281,2872.85223367698
2590,0.0,0.0,0.0,0.0,2934.70790378007,0.0,1.25266389090548e-13,0.0,9361.63562861405,2934.70790378007
2591,0.0,0.0,0.0,0.0,2934.70790378007,0.0,1.25266389090548e-13,0.0,6000.0,2934.70790378007
2592,0.0,0.0,0.0,0.0,0.0,0.0,2484.0,0.0,12000.0,2484.0
2593,0.0,0.0,0.0,0.0,0.0,0.0,2514.0,0.0,12000.0,2514.0
2594,0.0,0.0,0.0,0.0,0.0,0.0,2532.0,0.0,12000.0,2532.0
2595,0.0,0.0,0.0,0.0,0.0,0.0,2562.0,0.0,12000.0,2562.0
2596,0.0,0.0,0.0,0.0,2447.23094501718,0.0,329.567385,0.0,9196.75722220254,2776.79833001718
2597,179.0295,0.0,0.0,0.0,2790.76905498282,0.0,3.45159795056255e-14,0.0,6000.0,2969.79855498282
2598,2802.0618556701,-2.64736939575933e-13,-1.90010411310531e-13,998.889844329897,-1.90554604631952e-13,0.0,-1.0705558952622799e-30,0.0,6000.0,2802.0618556701
2599,2690.72164948454,2382.72664948454,0.0,3810.55670103093,6.128904128213531e-14,0.0,-5.9794816341622105e-31,0.0,7964.5581225,2690.72164948454
2600,2628.86597938144,6814.68831958763,0.0,3810.55670103093,-2.47931008159633e-13,0.0,5.01219263484387e-30,0.0,13583.268642,2628.8659793814395
2601,2579.38144329897,3665.1978556701,0.0,3810.55670103093,-1.92142147122071e-13,0.0,8.645390415100429e-30,0.0,16605.224274,2579.38144329897
2602,2752.57731958763,6248.67797938144,0.0,3810.55670103093,-1.3476574359438999e-13,0.0,2.5626418849942797e-30,0.0,21757.259268,2752.57731958763
2603,2672.16494845361,3835.35235051546,0.0,3810.55670103093,1.90505098814342e-14,0.0,-8.938599210179621e-31,0.0,24919.507281,2672.16494845361
2604,2455.67010309278,367.12719587629,0.0,3810.55670103093,1.9996742263098e-13,0.0,2.32421031827943e-30,0.0,25222.203654,2455.67010309278
2605,2362.88659793814,2125.21070103093,0.0,3810.55670103093,-1.12252343725259e-14,0.0,-5.32699610245165e-31,0.0,26974.439877,2362.88659793814
2606,2418.55670103093,5213.83759793814,0.0,3810.55670103093,1.15490359829577e-13,0.0,-9.28642232105115e-30,0.0,31273.2489765,2418.55670103093
2607,2331.9587628866,6460.13953608248,0.0,3810.55670103093,8.68021580657368e-14,0.0,4.77376106812902e-30,0.0,36599.634024,2331.9587628866
2608,2270.10309278351,3463.19815753326,4.54747350886464e-13,2422.65174968323,-2.22417891376031e-13,0.0,1.03839018663891e-29,0.0,39455.0409048862,2270.10309278351
2609,2195.1384,0.0,0.0,0.0,117.658364261168,0.0,5.0691155526670605e-15,0.0,39320.2661462823,2312.796764261168
2610,366.23496,0.0,0.0,0.0,2081.04477525773,0.0,-1.20904096023264e-13,0.0,36936.4806076137,2447.27973525773
2611,0.0,0.0,0.0,0.0,2584.19243986254,0.0,7.96237608111428e-14,0.0,33976.3518105203,2584.19243986254
2612,0.0,0.0,0.0,0.0,2549.82817869416,0.0,1.21854221253227e-13,0.0,31055.5864282818,2549.82817869416
2613,0.0,0.0,0.0,0.0,2460.48109965636,0.0,-6.543243991685521e-15,0.0,28237.1659246663,2460.48109965636
2614,0.0,0.0,0.0,0.0,2542.95532646048,0.0,5.09014258768667e-14,0.0,25324.2732253988,2542.95532646048
2615,0.0,0.0,0.0,0.0,2542.95532646048,0.0,5.09014258768667e-14,0.0,22411.3805261314,2542.95532646048
2616,0.0,0.0,0.0,0.0,2432.98969072165,0.0,1.06640011826758e-13,0.0,19624.4507543998,2432.98969072165
2617,0.0,0.0,0.0,0.0,2501.71821305842,0.0,2.21790909425906e-14,0.0,16758.7941529584,2501.71821305842
2618,0.0,0.0,0.0,0.0,2467.35395189003,0.0,6.44095513846744e-14,0.0,13932.5009663718,2467.35395189003
2619,0.0,0.0,0.0,0.0,2570.44673539519,0.0,-6.22818299415769e-14,0.0,10988.1175352204,2570.44673539519
2620,0.0,0.0,0.0,0.0,2405.49828178694,0.0,-1.77171169678681e-13,0.0,8232.67849537283,2405.49828178694
2621,534.4443,0.0,0.0,0.0,1949.12832646048,0.0,3.05198148113215e-14,0.0,6000.0,2483.57262646048
2622,2307.21649484536,0.0,0.0,1559.72320515464,-1.37940828574629e-13,0.0,-4.30837425345009e-32,0.0,6000.0,2307.21649484536
2623,2350.51546391753,2671.84283505155,0.0,3810.55670103093,1.29040689466438e-13,-7.64294306540785e-14,1.05790773877943e-29,0.0,8202.9344175,2350.51546391753
2624,2375.25773195876,5052.46456701031,0.0,3810.55670103093,-1.5149115821149e-13,-7.64294306540785e-14,2.12903479687423e-30,0.0,12368.691453,2375.25773195876
2625,2301.03092783505,7469.34337113402,0.0,3810.55670103093,1.84829550504e-13,-7.64294306540785e-14,-7.825343080203319e-30,0.0,18527.1650625,2301.03092783505
2626,2319.58762886598,8646.95567010309,0.0,3810.55670103093,2.27068081904701e-13,-7.64294306540785e-14,-2.02002676053804e-30,0.0,25656.5800125,2319.58762886598
2627,2387.62886597938,10199.2474329897,0.0,3810.55670103093,2.1351775226784e-13,-7.64294306540785e-14,1.52091778870695e-31,0.0,34065.859521,2387.62886597938
2628,2443.29896907217,9276.06132989691,0.0,3810.55670103093,-1.6504148784835e-13,-7.64294306540785e-14,4.30115333628296e-30,0.0,41713.9720875,2443.29896907217
2629,2294.84536082474,7178.34893814433,0.0,3810.55670103093,2.3250952643346703e-15,-7.64294306540785e-14,4.98841313778767e-32,0.0,47632.520787,2294.84536082474
2630,2400.0,6250.95729896907,0.0,3810.55670103093,7.32518284288763e-14,-7.64294306540785e-14,-4.07292951658934e-30,0.0,52786.43508,2400.0
2631,2350.51546391753,3147.72083505155,0.0,3810.55670103093,1.29040689466438e-13,-7.64294306540785e-14,1.05790773877943e-29,0.0,55381.7309085,2350.51546391753
2632,2301.03092783505,636.933371134021,0.0,3810.55670103093,1.84829550504e-13,-7.64294306540785e-14,-7.825343080203319e-30,0.0,55906.882473,2301.03092783505
2633,2158.5993,0.0,0.0,0.0,123.893103092784,4233.95189003436,5.19387751135409e-15,0.0,50915.0783571614,2282.492403092784
2634,163.29729,0.0,0.0,0.0,2430.24241546392,4233.95189003436,-1.47113890109083e-13,0.0,43281.4079041278,2593.53970546392
2635,0.0,0.0,0.0,0.0,2756.01374570447,4233.95189003436,-1.31528541399276e-13,0.0,35274.574415309,2756.01374570447
2636,0.0,0.0,0.0,0.0,2680.41237113402,4233.95189003436,-1.18020415891468e-13,0.0,27354.3404391711,2680.41237113402
2637,0.0,0.0,0.0,0.0,2632.30240549828,4233.95189003436,1.79298891121779e-13,0.0,19489.2152438302,2632.30240549828
2638,0.0,0.0,0.0,0.0,2652.92096219931,2133.19830992558,-4.8371600730247e-15,0.0,14006.8334888188,2652.92096219931
2639,0.0,0.0,0.0,0.0,2756.01374570447,4233.95189003436,-1.31528541399276e-13,0.0,6000.0,2756.01374570447
2640,0.0,0.0,0.0,0.0,0.0,0.0,2424.0,0.0,12000.0,2424.0
2641,0.0,0.0,0.0,0.0,0.0,0.0,2568.0,0.0,12000.0,2568.0
2642,0.0,0.0,0.0,0.0,0.0,0.0,2586.0,0.0,12000.0,2586.0
2643,0.0,0.0,0.0,0.0,65.5205670103097,0.0,2480.800545,0.0,11924.9478041119,2546.3211120103097
2644,0.0,0.0,0.0,0.0,2804.12371134021,0.0,-3.185341108864e-14,0.0,8712.89315194672,2804.12371134021
2645,559.2015,0.0,0.0,0.0,2368.35572164948,0.0,-1.26760192171017e-13,0.0,6000.0,2927.55722164948
2646,2752.57731958763,-1.87229642588608e-13,1.87229642588608e-13,1294.06268041237,-1.3476574359438999e-13,0.0,2.5626418849942797e-30,0.0,6000.0,2752.57731958763
2647,2703.09278350515,2656.77151546392,0.0,3810.55670103093,-7.89768825568285e-14,-7.64294306540785e-14,-4.822969458876259e-30,0.0,8190.5081145,2703.09278350515
2648,2758.76288659794,7043.39641237113,0.0,3810.55670103093,4.77387116452748e-14,-7.64294306540785e-14,1.5741703759925098e-30,0.0,13997.7884565,2758.76288659794
2649,2746.39175257732,5345.26654639175,0.0,3810.55670103093,1.88004635484239e-13,-7.64294306540785e-14,-5.219617452674539e-30,0.0,18404.960724,2746.39175257732
2650,2672.16494845361,9002.11135051547,0.0,3810.55670103093,1.90505098814342e-14,-7.64294306540785e-14,-8.938599210179621e-31,0.0,25827.2015325,2672.16494845361
2651,2703.09278350515,10389.2235154639,0.0,3810.55670103093,-7.89768825568285e-14,-7.64294306540785e-14,-4.822969458876259e-30,0.0,34393.116321,2703.09278350515
2652,2771.13402061856,13193.3762783505,0.0,3810.55670103093,-9.2527212193689e-14,-7.64294306540785e-14,-2.6508509194675297e-30,0.0,45271.0550625,2771.13402061856
2653,2783.50515463918,8191.5011443299,0.0,3810.55670103093,-2.32793136032653e-13,-7.64294306540785e-14,-6.87587221492756e-30,0.0,52024.947756,2783.50515463918
2654,2907.21649484536,9300.42380412371,0.0,3810.55670103093,-1.1962787146740998e-13,-7.64294306540785e-14,-9.325422964777159e-30,0.0,59693.1471825,2907.21649484536
2655,2672.16494845361,6315.83035051547,0.0,3810.55670103093,1.90505098814342e-14,-7.64294306540785e-14,-8.938599210179621e-31,0.0,64900.5493065,2672.16494845361
2656,2703.09278350515,0.0,0.0,3552.97521649485,-7.89768825568285e-14,286.201649484536,-4.822969458876259e-30,0.0,64572.7123655097,2703.09278350515
2657,2435.4369,0.0,0.0,0.0,256.158312714777,4233.95189003436,1.2221616274947401e-14,0.0,59429.4017094397,2691.595212714777
2658,340.69776,0.0,0.0,0.0,2563.02768934708,4233.95189003436,-1.69160636273085e-13,0.0,51643.6289953716,2903.72544934708
2659,0.0,0.0,0.0,0.0,2989.69072164948,4233.95189003436,-1.01100122546339e-13,0.0,43369.124285539,2989.69072164948
2660,0.0,0.0,0.0,0.0,3017.18213058419,0.0,1.8271105895909998e-13,0.0,39913.016461273,3017.18213058419
2661,0.0,0.0,0.0,0.0,2982.81786941581,0.0,-1.72052917922699e-13,0.0,36496.272051862,2982.81786941581
2662,0.0,0.0,0.0,0.0,3127.14776632302,0.0,1.26972473009209e-13,0.0,32914.2013000602,3127.14776632302
2663,0.0,0.0,0.0,0.0,3147.76632302406,0.0,-5.71635781855945e-14,0.0,29308.5124993453,3147.76632302406
2664,0.0,0.0,0.0,0.0,2989.69072164948,0.0,-1.01100122546339e-13,0.0,25883.8954069633,2989.69072164948
2665,0.0,0.0,0.0,0.0,2996.56357388316,0.0,-3.01473271699792e-14,0.0,22451.4056316103,2996.56357388316
2666,0.0,0.0,0.0,0.0,2955.3264604811,0.0,-5.88696621042553e-14,0.0,19066.1519540833,2955.3264604811
2667,0.0,0.0,0.0,0.0,3003.43642611684,0.0,4.08054682063807e-14,0.0,15625.7894957593,3003.43642611684
2668,0.0,0.0,0.0,0.0,2838.48797250859,0.0,-7.408387153072381e-14,0.0,12374.3714287392,2838.48797250859
2669,305.10909,0.0,0.0,0.0,2685.04488281787,140.043608148393,1.88032780248935e-13,0.0,9138.30213782706,2990.15397281787
2670,2795.87628865979,0.0,0.0,1344.79271134021,1.32215774446677e-13,2739.73776632302,-8.8528152329311e-30,0.0,6000.0,2795.87628865979
2671,2709.27835051546,2612.01494845361,4.54747350886464e-13,3810.55670103093,1.03527572682836e-13,-1.03527572682836e-13,5.2073681562490696e-30,0.0,8153.606325,2709.27835051546
2672,2727.83505154639,6855.37824742268,0.0,3810.55670103093,1.45766104083537e-13,-1.45766104083537e-13,1.10126844759144e-29,0.0,13805.86569,2727.83505154639
2673,2771.13402061856,4737.63027835052,9.09494701772928e-13,3810.55670103093,-9.2527212193689e-14,9.2527212193689e-14,-2.6508509194675297e-30,0.0,17712.0418545,2771.13402061856
2674,2789.69072164948,9487.75957731959,0.0,3810.55670103093,-5.02886807929879e-14,5.02886807929879e-14,-2.3549391618657898e-30,0.0,25534.699626,2789.69072164948
2675,2672.16494845361,9123.16735051546,0.0,3810.55670103093,1.90505098814342e-14,0.0,-8.938599210179621e-31,0.0,33056.7511065,2672.16494845361
2676,2734.0206185567,12611.6376804124,0.0,3810.55670103093,-1.7700427499509099e-13,1.7700427499509099e-13,-3.2426744346710094e-30,0.0,43455.046374,2734.0206185567
2677,2734.0206185567,7553.88368041237,9.09494701772928e-13,3810.55670103093,-1.7700427499509099e-13,0.0,-3.2426744346710094e-30,0.0,49683.2234685,2734.0206185567
2678,2870.10309278351,9007.12920618557,0.0,3810.55670103093,-2.04104934268812e-13,2.04104934268812e-13,1.10156264414645e-30,0.0,57109.601499,2870.10309278351
2679,2696.90721649485,5978.93208247423,0.0,3810.55670103093,2.437934965218e-13,-2.437934965218e-13,-1.5864196724179897e-30,0.0,62039.231001,2696.9072164948507
2680,2622.68041237113,1760.03888659794,0.0,3810.55670103093,7.48393709189958e-14,-7.48393709189958e-14,-2.77006670282495e-30,0.0,63490.383063,2622.68041237113
2681,2641.23711340206,0.0,0.0,801.901286597938,1.17077902319697e-13,3342.9504604811,3.0352496168403298e-30,0.0,59661.1156397685,2641.23711340206
2682,546.2886,0.0,0.0,-7.475724160666341e-14,2204.00923024055,4233.95189003436,1.57164964118977e-13,0.0,52286.5897288007,2750.29783024055
2683,0.0,0.0,0.0,0.0,2907.21649484536,4233.95189003436,-1.58544792414891e-13,0.0,44106.55721462,2907.21649484536
2684,0.0,0.0,0.0,0.0,2769.75945017182,4233.95189003436,1.0377049353443801e-14,0.0,36083.9783598592,2769.75945017182
2685,0.0,0.0,0.0,0.0,2756.01374570447,4233.95189003436,-1.31528541399276e-13,0.0,28077.1448710404,2756.01374570447
2686,0.0,0.0,0.0,0.0,2810.99656357388,4233.95189003436,3.90993842877199e-14,0.0,20007.3299184536,2810.99656357388
2687,0.0,0.0,0.0,0.0,2838.48797250859,4233.95189003436,-7.408387153072381e-14,0.0,11906.0242339829,2838.48797250859
2688,0.0,0.0,0.0,0.0,0.0,0.0,2376.0,0.0,12000.0,2376.0
2689,0.0,0.0,0.0,0.0,0.0,0.0,2526.0,0.0,12000.0,2526.0
2690,0.0,0.0,0.0,0.0,0.0,0.0,2454.0,0.0,12000.0,2454.0
2691,0.0,0.0,0.0,0.0,0.0,0.0,2532.0,0.0,12000.0,2532.0
2692,0.0,0.0,0.0,0.0,1671.59164226804,0.0,1018.7004963,0.0,10085.2329412737,2690.29213856804
2693,98.98941,0.0,0.0,0.0,2893.4481927835,0.0,-3.2149486285988803e-14,0.0,6770.8592954736,2992.4376027835
2694,2066.5008,0.0,0.0,0.0,672.960164948453,0.0,-4.74625491532016e-14,0.0,6000.0,2739.460964948453
2695,2604.12371134021,4.5292248373369e-14,-4.5292248373369e-14,2898.69828865979,3.26008395182947e-14,0.0,2.4434261016368497e-30,0.0,6000.0,2604.12371134021
2696,2591.75257731959,3481.26572164949,0.0,3810.55670103093,1.72866763357259e-13,-7.64294306540785e-14,6.66844739709689e-30,0.0,8870.3035875,2591.75257731959
2697,2579.38144329897,5979.4188556701,0.0,3810.55670103093,-1.92142147122071e-13,-7.64294306540785e-14,8.645390415100429e-30,0.0,13800.334434,2579.38144329897
2698,2647.42268041237,5852.5266185567,0.0,3810.55670103093,-2.05692476758932e-13,-7.64294306540785e-14,1.08175089545092e-29,0.0,18625.742631,2647.42268041237
2699,2517.52577319588,9944.4335257732,0.0,3810.55670103093,3.91263775445419e-15,-7.64294306540785e-14,-2.46041953736201e-32,0.0,26824.928073,2517.52577319588
2700,2536.0824742268,9397.62182474227,0.0,3810.55670103093,4.6151169155155304e-14,-7.64294306540785e-14,2.7130756222812103e-31,0.0,34573.2672675,2536.0824742268
2701,2604.12371134021,8726.99158762887,0.0,3810.55670103093,3.26008395182947e-14,-7.64294306540785e-14,2.4434261016368497e-30,0.0,41768.6718315,2604.12371134021
2702,2604.12371134021,6135.01258762887,0.0,3810.55670103093,3.26008395182947e-14,-7.64294306540785e-14,2.4434261016368497e-30,0.0,46826.98971,2604.12371134021
2703,2560.82474226804,6434.42455670103,0.0,3810.55670103093,-2.34380678522772e-13,-7.64294306540785e-14,-1.9197544152819e-29,0.0,52132.172757,2560.82474226804
2704,2517.52577319588,0.0,0.0,3071.60322680412,3.91263775445419e-15,821.059415807561,-2.46041953736201e-32,0.0,51191.6694170143,2517.52577319588
2705,2498.96907216495,0.0,0.0,383.060727835052,-3.83258936462469e-14,3808.32885910653,-3.20515952975361e-31,0.0,46829.3224993664,2498.96907216495
2706,477.2469,0.0,0.0,0.0,2191.37515120275,4233.95189003436,1.74422920819955e-13,0.0,39469.2686147879,2668.6220512027503
2707,0.0,0.0,0.0,0.0,2646.04810996564,1950.28723610499,-7.57899554493846e-14,0.0,34204.2796731262,2646.04810996564
2708,0.0,0.0,0.0,0.0,2639.17525773196,0.0,-1.46742750825744e-13,0.0,31181.1694122648,2639.17525773196
2709,0.0,0.0,0.0,0.0,2659.79381443299,0.0,6.61156353033352e-14,0.0,28134.4411024905,2659.79381443299
2710,0.0,0.0,0.0,0.0,2591.06529209622,0.0,1.50576556187503e-13,0.0,25166.4396224261,2591.06529209622
2711,0.0,0.0,0.0,0.0,2577.31958762887,0.0,8.670965434782951e-15,0.0,22214.1835083037,2577.31958762887
2712,0.0,0.0,0.0,0.0,2570.44673539519,0.0,-6.22818299415769e-14,0.0,19269.8000771523,2570.44673539519
2713,0.0,0.0,0.0,0.0,2542.95532646048,0.0,5.09014258768667e-14,0.0,16356.9073778848,2542.95532646048
2714,0.0,0.0,0.0,0.0,2474.22680412371,0.0,1.35362346761034e-13,0.0,13522.7415083273,2474.22680412371
2715,0.0,0.0,0.0,0.0,2432.98969072165,0.0,1.06640011826758e-13,0.0,10735.8117365958,2432.98969072165
2716,0.0,0.0,0.0,0.0,2412.37113402062,0.0,-1.06218374302322e-13,0.0,7972.5000137772,2412.37113402062
2717,745.0521,0.0,0.0,0.0,1721.99251202749,0.0,-6.6517471509493e-14,0.0,6000.0,2467.04461202749
2718,2387.62886597938,0.0,0.0,1861.10913402062,2.1351775226784e-13,0.0,1.52091778870695e-31,0.0,6000.0,2387.62886597938
2719,2257.73195876289,3135.47734020619,0.0,3810.55670103093,-8.21519675370675e-14,8.21519675370675e-14,3.59011403772205e-30,0.0,8585.201067,2257.73195876289
2720,2381.44329896907,7298.958,0.0,3810.55670103093,3.10132970281752e-14,-3.10132970281752e-14,1.14056328787246e-30,0.0,14603.191938,2381.44329896907
2721,2375.25773195876,5532.47656701031,0.0,3810.55670103093,-1.5149115821149e-13,1.5149115821149e-13,2.12903479687423e-30,0.0,19164.7188675,2375.25773195876
2722,2387.62886597938,12807.7234329897,1.81898940354586e-12,3810.55670103093,0.0,0.0,1.86400997729824e-13,0.0,29724.686838,2387.62886597938
2723,2406.18556701031,13745.4857319588,0.0,3810.55670103093,-2.49518550649752e-13,0.0,-7.309479303047609e-30,0.0,41057.839824,2406.1855670103096
2724,2424.74226804124,13483.8030309278,0.0,3810.55670103093,-2.07280019249051e-13,0.0,-1.5041629833823198e-30,0.0,52175.235423,2424.74226804124
2725,2480.41237113402,7288.94792783505,9.09494701772928e-13,3810.55670103093,-8.0564425046948e-14,8.0564425046948e-14,4.8929768514864396e-30,0.0,58184.9729895,2480.41237113402
2726,2468.0412371134,6145.98306185567,0.0,3810.55670103093,5.97014987920158e-14,-5.97014987920158e-14,-1.90081097718061e-30,0.0,63252.336024,2468.0412371134
2727,2498.96907216495,3348.31722680412,4.54747350886464e-13,3810.55670103093,-3.83258936462469e-14,3.83258936462469e-14,-3.20515952975361e-31,0.0,66013.0235775,2498.96907216495
2728,2474.22680412371,2170.76749484536,4.54747350886464e-13,3810.55670103093,2.42205954031681e-13,-2.42205954031681e-13,-1.39080916103095e-29,0.0,67802.821377,2474.2268041237103
2729,2251.899,0.0,0.0,-7.475724160666341e-14,192.048075601375,4233.95189003436,9.32240609259582e-15,0.0,62732.9474186544,2443.9470756013748
2730,221.6565,0.0,0.0,-7.475724160666341e-14,2447.87307560137,4233.95189003436,-8.93296582027834e-14,0.0,55079.0814786363,2669.52957560137
2731,0.0,0.0,0.0,0.0,2721.64948453608,4233.95189003436,-8.92980809571922e-14,0.0,47111.6114046725,2721.64948453608
2732,0.0,0.0,0.0,0.0,2694.15807560137,4233.95189003436,2.3885174861251402e-14,0.0,39175.6320625926,2694.15807560137
2733,0.0,0.0,0.0,0.0,2790.37800687285,4233.95189003436,-1.7375900184136e-13,0.0,31129.4351589188,2790.37800687285
2734,0.0,0.0,0.0,0.0,2721.64948453608,4233.95189003436,-8.92980809571922e-14,0.0,23161.965084955,2721.64948453608
2735,0.0,0.0,0.0,0.0,2639.17525773196,4233.95189003436,-1.46742750825744e-13,0.0,15288.967206643,2639.17525773196
2736,0.0,0.0,0.0,0.0,0.0,0.0,2268.0,0.0,12000.0,2268.0
2737,0.0,0.0,0.0,0.0,0.0,0.0,2226.0,0.0,12000.0,2226.0
2738,0.0,0.0,0.0,0.0,0.0,0.0,2172.0,0.0,12000.0,2172.0
2739,0.0,0.0,0.0,0.0,1226.66135738832,0.0,987.124634999999,0.0,10594.8896249847,2213.785992388319
2740,0.0,0.0,0.0,0.0,2467.35395189003,0.0,6.44095513846744e-14,0.0,7768.59643839822,2467.35395189003
2741,800.1045,0.0,0.0,0.0,1543.98469072165,0.0,-1.4082984217506501e-14,0.0,6000.0,2344.08919072165
2742,2294.84536082474,1882.13263917526,0.0,0.0,2.3250952643346703e-15,0.0,4.98841313778767e-32,0.0,7551.818361,2294.84536082474
2743,2362.88659793814,4324.98940206185,0.0,0.0,-1.12252343725259e-14,0.0,-5.32699610245165e-31,0.0,11117.772123,2362.88659793814
2744,2338.14432989691,5022.36467010309,0.0,0.0,-2.35968221012892e-13,0.0,1.25560204057978e-29,0.0,15258.7117935,2338.1443298969098
2745,2338.14432989691,11199.1846701031,0.0,0.0,-2.35968221012892e-13,0.0,1.25560204057978e-29,0.0,24492.439554,2338.1443298969098
2746,2369.07216494845,10460.2898350515,0.0,0.0,1.71279220867139e-13,0.0,-5.653224540794589e-30,0.0,33116.948523,2369.07216494845
2747,2263.9175257732,2531.4054742268,0.0,0.0,1.0035248770259699e-13,0.0,2.6016425287202897e-30,0.0,35204.0923365,2263.9175257732
2748,2239.17525773196,639.964642268042,0.0,0.0,-1.24390498937769e-13,0.0,-2.21520228194323e-30,0.0,35731.74318405,2239.17525773196
2749,2307.21649484536,10720.9675051546,0.0,0.0,-1.37940828574629e-13,0.0,-4.30837425345009e-32,0.0,44571.18089205,2307.21649484536
2750,2319.58762886598,6171.53137113402,0.0,0.0,2.27068081904701e-13,0.0,-2.02002676053804e-30,0.0,49659.60850755,2319.58762886598
2751,2356.70103092784,3325.20896907216,0.0,0.0,-1.93729689612191e-13,0.0,-3.67628152279106e-30,0.0,52401.24330255,2356.70103092784
2752,2331.9587628866,108.649537113402,0.0,0.0,8.68021580657368e-14,0.0,4.77376106812902e-30,0.0,52490.8248459,2331.9587628866
2753,1172.9328,0.0,0.0,0.0,1356.53514776632,0.0,-8.194594310181761e-14,0.0,50936.9472425022,2529.4679477663203
2754,87.36936,0.0,0.0,0.0,2507.73392989691,0.0,-1.24693617333987e-13,0.0,48064.3997855756,2595.10328989691
2755,0.0,0.0,0.0,0.0,2721.64948453608,0.0,-8.92980809571922e-14,0.0,44946.8173290623,2721.64948453608
2756,0.0,0.0,0.0,0.0,2865.9793814433,0.0,-1.87267127349167e-13,0.0,41663.9085301582,2865.9793814433
2757,0.0,0.0,0.0,0.0,2797.25085910653,0.0,-1.02806206465e-13,0.0,38459.726560964,2797.25085910653
2758,0.0,0.0,0.0,0.0,2907.21649484536,0.0,-1.58544792414891e-13,0.0,35129.5816642339,2907.21649484536
2759,0.0,0.0,0.0,0.0,2941.58075601375,0.0,1.96219184466908e-13,0.0,31760.0733526489,2941.58075601375
2760,0.0,0.0,0.0,0.0,2797.25085910653,0.0,-1.02806206465e-13,0.0,28555.8913834547,2797.25085910653
2761,0.0,0.0,0.0,0.0,2872.85223367698,0.0,-1.16314331972808e-13,0.0,25265.1099015795,2872.85223367698
2762,0.0,0.0,0.0,0.0,2790.37800687285,0.0,-1.7375900184136e-13,0.0,22068.8006153563,2790.37800687285
2763,0.0,0.0,0.0,0.0,2762.88659793814,0.0,-6.057574602291611e-14,0.0,18903.9820610171,2762.88659793814
2764,0.0,0.0,0.0,0.0,2529.20962199313,0.0,-9.10041648758531e-14,0.0,16006.8347276917,2529.20962199313
2765,35.920638,0.0,0.0,0.0,2468.6792452921,0.0,-1.04754108951091e-13,0.0,13179.023450152,2504.5998832921
2766,373.94526,0.0,0.0,0.0,2271.79049003436,0.0,7.218742030862241e-15,0.0,10576.7433928389,2645.73575003436
2767,2585.56701030928,6510.44198969072,0.0,0.0,-9.637691882406331e-15,0.0,-6.07187936996662e-31,0.0,15944.6028133389,2585.56701030928
2768,2635.05154639175,1486.54645360825,0.0,0.0,-6.54265529199679e-14,0.0,4.0237211258421e-30,0.0,17170.2603643389,2635.05154639175
2769,2529.8969072165,2856.81433470412,-4.54747350886464e-13,3165.98875807938,-1.3635328608451e-13,0.0,-9.7590300528972e-30,0.0,19525.7037833025,2529.8969072165
2770,2647.42268041237,0.0,0.0,3400.19031958763,-2.05692476758932e-13,0.0,1.08175089545092e-29,0.0,19525.7037833025,2647.42268041237
2771,2517.52577319588,1529.0915257732,0.0,3810.55670103093,3.91263775445419e-15,0.0,-2.46041953736201e-32,0.0,20786.4397463025,2517.52577319588
2772,2622.68041237113,0.0,0.0,1611.70558762887,7.48393709189958e-14,0.0,-2.77006670282495e-30,0.0,20786.4397463025,2622.68041237113
2773,2517.52577319588,0.0,0.0,1997.30922680412,3.91263775445419e-15,0.0,-2.46041953736201e-32,0.0,20786.4397463025,2517.52577319588
2774,2585.56701030928,7974.11198969072,0.0,0.0,-9.637691882406331e-15,0.0,-6.07187936996662e-31,0.0,27361.0950818025,2585.56701030928
2775,2604.12371134021,196.950587628867,0.0,3810.55670103093,3.26008395182947e-14,0.0,2.4434261016368497e-30,0.0,27523.4808413025,2604.12371134021
2776,2554.63917525773,264.80412371134,0.0,3810.55670103093,8.83897005558564e-14,0.0,-4.94218524223368e-30,0.0,27741.8118413025,2554.63917525773
2777,134.95989,0.0,0.0,0.0,2612.93116460481,0.0,-6.35706044878418e-14,0.0,24748.7635427861,2747.89105460481
2778,9.30267,0.0,0.0,0.0,2731.93174123711,0.0,1.35365375337736e-13,0.0,21619.4030144503,2741.23441123711
2779,0.0,0.0,0.0,0.0,2742.26804123711,0.0,1.23560305171887e-13,0.0,18478.2025090241,2742.26804123711
2780,0.0,0.0,0.0,0.0,2756.01374570447,0.0,-1.31528541399276e-13,0.0,15321.2566376558,2756.01374570447
2781,0.0,0.0,0.0,0.0,2659.79381443299,0.0,6.61156353033352e-14,0.0,12274.5283278815,2659.79381443299
2782,0.0,0.0,0.0,0.0,2756.01374570447,0.0,-1.31528541399276e-13,0.0,9117.58245651327,2756.01374570447
2783,0.0,0.0,0.0,0.0,2721.64948453608,0.0,-8.92980809571922e-14,0.0,6000.0,2721.64948453608
2784,0.0,0.0,0.0,0.0,0.0,0.0,2358.0,0.0,12000.0,2358.0
2785,0.0,0.0,0.0,0.0,0.0,0.0,2436.0,0.0,12000.0,2436.0
2786,0.0,0.0,0.0,0.0,0.0,0.0,2370.0,0.0,12000.0,2370.0
2787,0.0,0.0,0.0,0.0,0.0,0.0,2346.0,0.0,12000.0,2346.0
2788,0.0,0.0,0.0,0.0,0.0,0.0,2148.0,0.0,12000.0,2148.0
2789,44.62146,0.0,0.0,0.0,0.0,0.0,2062.7171838,0.0,12000.0,2107.3386438
2790,402.7686,0.0,0.0,0.0,1957.97761512028,0.0,-1.65308165109929e-14,0.0,9757.18486240518,2360.74621512028
2791,1455.4644,0.0,0.0,0.0,884.535546391752,0.0,5.48069228031082e-16,0.0,8743.97117810764,2339.999946391752
2792,1788.2514,0.0,0.0,0.0,384.188020618557,0.0,2.37608830755295e-14,0.0,8303.89326216428,2172.439420618557
2793,2208.24742268041,464.013077319587,0.0,0.0,-2.6363106499505902e-14,0.0,-1.0407950251167099e-30,0.0,8686.47204441428,2208.24742268041
2794,2319.58762886598,3261.81937113402,0.0,0.0,2.27068081904701e-13,0.0,-2.02002676053804e-30,0.0,11375.8421159143,2319.58762886598
2795,2270.10309278351,2667.0629072165,0.0,0.0,-2.22417891376031e-13,0.0,1.03839018663891e-29,0.0,13574.8354829143,2270.10309278351
2796,2263.9175257732,6267.95647422681,0.0,0.0,1.0035248770259699e-13,0.0,2.6016425287202897e-30,0.0,18742.7655959143,2263.9175257732
2797,2251.54639175258,5032.56160824742,0.0,0.0,2.40618411541561e-13,0.0,1.78454729483074e-29,0.0,22892.1126419143,2251.5463917525803
2798,2251.54639175258,5159.93560824742,0.0,0.0,2.40618411541561e-13,0.0,1.78454729483074e-29,0.0,27146.4795509143,2251.5463917525803
2799,2276.28865979381,4682.48134020619,0.0,0.0,-3.99134361363664e-14,0.0,-1.6233787667397498e-30,0.0,31007.1854159143,2276.28865979381
2800,2288.65979381443,4215.95520618557,0.0,0.0,-1.8017935997533e-13,0.0,-5.8484000621997896e-30,0.0,34483.2404834143,2288.65979381443
2801,2171.13402061856,972.336179381443,0.0,0.0,-1.10840169300908e-13,0.0,-4.3873208213519595e-30,0.0,35284.9316633143,2171.13402061856
2802,756.3894,0.0,0.0,0.0,1571.93846735395,0.0,-6.86030104415743e-14,0.0,33484.3148622216,2328.32786735395
2803,0.0,0.0,0.0,0.0,2432.98969072165,0.0,1.06640011826758e-13,0.0,30697.38509049,2432.98969072165
2804,0.0,0.0,0.0,0.0,2364.26116838488,0.0,1.91100932710926e-13,0.0,27989.1821484684,2364.26116838488
2805,0.0,0.0,0.0,0.0,2508.5910652921,0.0,9.31318863189505e-14,0.0,25115.6528640559,2508.5910652921
2806,0.0,0.0,0.0,0.0,890.204775750343,0.0,1610.85123076995,0.0,24095.9452171483,2501.056006520293
2807,0.0,0.0,0.0,0.0,0.0,0.0,2352.0,0.0,24095.9452171483,2352.0
2808,0.0,0.0,0.0,0.0,2659.79381443299,0.0,6.61156353033352e-14,0.0,21049.2169073739,2659.79381443299
2809,0.0,0.0,0.0,0.0,2810.99656357388,0.0,3.90993842877199e-14,0.0,17829.2895722378,2810.99656357388
2810,0.0,0.0,0.0,0.0,2646.04810996564,0.0,-7.57899554493846e-14,0.0,14798.3066284054,2646.04810996564
2811,0.0,0.0,0.0,0.0,2666.66666666667,0.0,1.37068430679695e-13,0.0,11743.7056356601,2666.66666666667
2812,0.0,0.0,0.0,0.0,2591.06529209622,0.0,1.50576556187503e-13,0.0,8775.70415559571,2591.06529209622
2813,250.05708,0.0,0.0,0.0,2423.18972783505,0.0,4.30444964620423e-15,0.0,6000.0,2673.24680783505
2814,2393.81443298969,-1.51784346111099e-13,-3.02963004775365e-13,1811.71156701031,-1.09252626810789e-13,0.0,-3.0844580075875697e-30,0.0,6000.0,2393.81443298969
2815,2492.78350515464,1600.47779381443,-4.54747350886464e-13,3810.55670103093,-2.20830348885912e-13,5.63607772506946e-13,6.679555560264071e-31,0.0,7319.593941,2492.78350515464
2816,2542.26804123711,7675.24125773196,0.0,3810.55670103093,2.2865562439482e-13,-2.2865562439482e-13,1.0301645177353399e-29,0.0,13647.830358,2542.2680412371105
2817,2529.8969072165,9988.57339175258,0.0,3810.55670103093,-1.3635328608451e-13,1.3635328608451e-13,-9.7590300528972e-30,0.0,21883.4091195,2529.8969072165
2818,2498.96907216495,8639.48622680412,0.0,3810.55670103093,-3.83258936462469e-14,3.83258936462469e-14,-3.20515952975361e-31,0.0,29006.6655135,2498.96907216495
2819,2610.30927835052,10962.8770206186,0.0,3810.55670103093,2.1510529475795998e-13,-2.1510529475795998e-13,-9.563854531492008e-30,0.0,38045.557617,2610.30927835052
2820,2597.9381443299,9610.20915463917,0.0,3810.55670103093,-1.4990361572137e-13,1.4990361572137e-13,-7.58691151348847e-30,0.0,45969.175065,2597.9381443299
2821,2567.01030927835,10610.4039896907,0.0,3810.55670103093,-5.18762232831074e-14,5.18762232831074e-14,1.85160258643337e-30,0.0,54717.4531545,2567.01030927835
2822,2690.72164948454,5818.54864948454,0.0,3810.55670103093,6.128904128213531e-14,-6.128904128213531e-14,-5.9794816341622105e-31,0.0,59514.846516,2690.72164948454
2823,2511.34020618557,1000.6650927835,-4.54747350886464e-13,3810.55670103093,-1.78591817485211e-13,0.0,6.473271875691689e-30,0.0,60339.894885,2511.34020618557
2824,2437.11340206186,0.0,0.0,2645.32759793815,1.57728891230278e-13,1294.69900343643,-3.4811060013858595e-30,0.0,58856.8490620488,2437.11340206186
2825,2430.92783505155,0.0,0.0,301.962064948454,-2.47755640093864e-14,3898.43848453608,2.6206778864767996e-31,0.0,54391.2837876661,2430.92783505155
2826,1046.9238,0.0,0.0,-7.475724160666341e-14,1482.79944329897,4233.95189003436,-4.64197668162042e-15,0.0,47842.8859258868,2529.72324329897
2827,0.0,0.0,0.0,0.0,2666.66666666667,4233.95189003436,1.37068430679695e-13,0.0,39938.3973156909,2666.66666666667
2828,0.0,0.0,0.0,0.0,2735.39518900344,4233.95189003436,5.26075097955275e-14,0.0,31955.181875785,2735.39518900344
2829,0.0,0.0,0.0,0.0,2673.53951890034,4233.95189003436,-1.88973211267828e-13,0.0,24042.8205826181,2673.53951890034
2830,0.0,0.0,0.0,0.0,2900.34364261168,4233.95189003436,1.67496849532632e-13,0.0,15870.6607514084,2900.34364261168
2831,0.0,0.0,0.0,0.0,2948.45360824742,4233.95189003436,-1.29822457480615e-13,0.0,7643.39213940182,2948.45360824742
2832,0.0,0.0,0.0,0.0,725.504316151204,0.0,1826.634732,0.0,11168.9526733663,2552.139048151204
2833,0.0,0.0,0.0,0.0,0.0,0.0,2508.0,0.0,11168.9526733663,2508.0
2834,0.0,0.0,0.0,0.0,0.0,0.0,2490.0,0.0,11168.9526733663,2490.0
2835,0.0,0.0,0.0,0.0,0.0,0.0,2592.0,0.0,11168.9526733663,2592.0
2836,0.0,0.0,0.0,0.0,2776.6323024055,0.0,8.13298447298036e-14,0.0,7988.38875308511,2776.6323024055
2837,1017.1044,0.0,0.0,0.0,1735.8633814433,0.0,9.65340933970596e-14,0.0,6000.0,2752.9677814433003
2838,2610.30927835052,2.98845139590254e-13,1.5590221129620998e-13,953.280621649484,2.1510529475795998e-13,0.0,-9.563854531492008e-30,0.0,6000.0,2610.30927835052
2839,2597.9381443299,-2.08260642843516e-13,2.08260642843516e-13,3395.3478556701,-1.4990361572137e-13,0.0,-7.58691151348847e-30,0.0,6000.0,2597.9381443299
2840,2517.52577319588,2080.2785257732,0.0,3810.55670103093,3.91263775445419e-15,0.0,-2.46041953736201e-32,0.0,7715.1896445,2517.52577319588
2841,2480.41237113402,2711.20592783505,0.0,3810.55670103093,-8.0564425046948e-14,0.0,4.8929768514864396e-30,0.0,9950.578932,2480.41237113402
2842,2628.86597938144,8287.01631958763,0.0,3810.55670103093,-2.47931008159633e-13,0.0,5.01219263484387e-30,0.0,16783.2238875,2628.8659793814395
2843,2511.34020618557,5297.80209278351,0.0,3810.55670103093,-1.78591817485211e-13,0.0,6.473271875691689e-30,0.0,21151.261713,2511.34020618557
2844,2424.74226804124,8049.77703092784,0.0,3810.55670103093,-2.07280019249051e-13,0.0,-1.5041629833823198e-30,0.0,27788.302875,2424.74226804124
2845,2468.0412371134,3920.21947319225,4.54747350886464e-13,3277.53828969435,5.97014987920158e-14,0.0,-1.90081097718061e-30,0.0,31020.523830647,2468.0412371134
2846,2573.19587628866,7251.99612371134,0.0,0.0,1.30628231956557e-13,0.0,8.631310774316031e-31,0.0,36999.794634647,2573.19587628866
2847,2511.34020618557,5757.82979381443,0.0,0.0,-1.78591817485211e-13,0.0,6.473271875691689e-30,0.0,41747.125299647,2511.34020618557
2848,2449.48453608247,2342.17246391753,0.0,0.0,1.74629673913147e-14,0.0,5.5797954624942105e-31,0.0,43678.246496147,2449.48453608247
2849,2369.07216494845,954.035935051547,0.0,0.0,1.71279220867139e-13,0.0,-5.653224540794589e-30,0.0,44464.849124597,2369.07216494845
2850,215.23359,0.0,0.0,0.0,2509.99246013746,0.0,1.80900614417356e-13,0.0,41589.7145769023,2725.22605013746
2851,126.10923,0.0,0.0,0.0,2650.25664020619,0.0,1.56217379302713e-14,0.0,38553.9108653259,2776.36587020619
2852,0.0,0.0,0.0,0.0,2824.74226804124,0.0,1.8100497504044e-13,0.0,35318.2381642478,2824.74226804124
2853,0.0,0.0,0.0,0.0,2707.90378006873,0.0,1.65790765613971e-13,0.0,32216.4010736765,2707.90378006873
2854,0.0,0.0,0.0,0.0,2852.23367697594,0.0,6.782171922199599e-14,0.0,28949.2376407144,2852.23367697594
2855,0.0,0.0,0.0,0.0,2831.61512027491,0.0,-1.45036666907084e-13,0.0,25705.6922566652,2831.61512027491
2856,0.0,0.0,0.0,0.0,2728.52233676976,0.0,-1.8345285580832402e-14,0.0,22580.2371171809,2728.52233676976
2857,0.0,0.0,0.0,0.0,2886.59793814433,0.0,2.5591258779912202e-14,0.0,19273.7102693638,2886.59793814433
2858,0.0,0.0,0.0,0.0,2783.50515463918,0.0,1.52282640106164e-13,0.0,16085.2736661116,2783.50515463918
2859,0.0,0.0,0.0,0.0,2762.88659793814,0.0,-6.057574602291611e-14,0.0,12920.4551117724,2762.88659793814
2860,0.0,0.0,0.0,0.0,2570.44673539519,0.0,-6.22818299415769e-14,0.0,9976.071680621,2570.44673539519
2861,22.478196,0.0,0.0,0.0,2806.63934694158,0.0,1.76880091634753e-13,0.0,6761.13542982881,2829.11754294158
2862,1931.8728,0.0,0.0,0.0,664.47123024055,0.0,-4.4180710236502304e-14,0.0,6000.0,2596.34403024055
2863,2542.26804123711,337.196257731959,0.0,3810.55670103093,2.2865562439482e-13,-7.64294306540785e-14,1.0301645177353399e-29,0.0,6278.0183145,2542.2680412371105
2864,2517.52577319588,2524.3325257732,0.0,3810.55670103093,3.91263775445419e-15,-7.64294306540785e-14,-2.46041953736201e-32,0.0,8359.330482,2517.52577319588
2865,2597.9381443299,5824.75215463917,0.0,3810.55670103093,-1.4990361572137e-13,-7.64294306540785e-14,-7.58691151348847e-30,0.0,13161.8386335,2597.9381443299
2866,2542.26804123711,7315.97325773196,0.0,3810.55670103093,2.2865562439482e-13,-7.64294306540785e-14,1.0301645177353399e-29,0.0,19193.8585845,2542.2680412371105
2867,2369.07216494845,10323.4551340206,0.0,3810.55670103093,1.71279220867139e-13,-7.64294306540785e-14,-5.653224540794589e-30,0.0,27705.5473425,2369.07216494845
2868,2616.49484536082,8538.06745360825,0.0,3810.55670103093,-1.07665084320669e-13,-7.64294306540785e-14,-1.78159519382318e-30,0.0,34745.183958,2616.49484536082
2869,2461.85567010309,7485.07162886598,0.0,3810.55670103093,-1.22802956447649e-13,-7.64294306540785e-14,1.01064696559482e-29,0.0,40916.625516,2461.85567010309
2870,2536.0824742268,3088.39682474227,0.0,3810.55670103093,4.6151169155155304e-14,-7.64294306540785e-14,2.7130756222812103e-31,0.0,43463.008698,2536.0824742268
2871,2117.5674,0.0,0.0,0.0,306.941147766323,4233.95189003436,-5.91631370088089e-16,0.0,38261.5275550439,2424.508547766323
2872,2430.92783505155,0.0,0.0,3052.23816494845,-2.47755640093864e-14,842.576151202749,2.6206778864767996e-31,0.0,37296.3773245711,2430.92783505155
2873,1398.072,0.0,0.0,0.0,1099.50762886598,4233.95189003436,2.86261259828176e-15,0.0,31187.0307966211,2497.57962886598
2874,17.468217,0.0,0.0,0.0,2578.5290143299,0.0,1.92391043566307e-13,0.0,28233.3893139981,2595.9972313299
2875,0.0,0.0,0.0,0.0,2536.0824742268,2089.88632816499,-2.00513694994932e-14,0.0,22934.455977925,2536.0824742268
2876,0.0,0.0,0.0,0.0,2659.79381443299,0.0,6.61156353033352e-14,0.0,19887.7276681507,2659.79381443299
2877,0.0,0.0,0.0,0.0,2680.41237113402,4233.95189003436,-1.18020415891468e-13,0.0,11967.4936920128,2680.41237113402
2878,0.0,0.0,0.0,0.0,2611.68384879725,0.0,-3.35594950073008e-14,0.0,8975.87416303539,2611.68384879725
2879,0.0,0.0,0.0,0.0,2597.9381443299,0.0,-1.7546508576002099e-13,0.0,6000.0,2597.9381443299
2880,0.0,0.0,0.0,0.0,0.0,0.0,2172.0,0.0,12000.0,2172.0
2881,0.0,0.0,0.0,0.0,0.0,0.0,2136.0,0.0,12000.0,2136.0
2882,0.0,0.0,0.0,0.0,0.0,0.0,2118.0,0.0,12000.0,2118.0
2883,0.0,0.0,0.0,0.0,0.0,0.0,2082.0,0.0,12000.0,2082.0
2884,0.0,0.0,0.0,0.0,0.0,0.0,1992.0,0.0,12000.0,1992.0
2885,0.0,0.0,0.0,0.0,0.0,0.0,2040.0,0.0,12000.0,2040.0
2886,19.517511,0.0,0.0,0.0,0.0,0.0,2189.06801433,0.0,12000.0,2208.58552533
2887,81.06033,0.0,0.0,0.0,2410.20116494845,0.0,49.2658628999997,0.0,9239.1739233122,2540.5273578484494
2888,1822.5948,0.0,0.0,0.0,517.849993127148,0.0,-3.30724781016884e-14,0.0,8645.98950964994,2340.444793127148
2889,1347.3486,0.0,0.0,0.0,1121.50270103093,0.0,-6.73567820168036e-14,0.0,7361.33578567408,2468.85130103093
2890,1212.8727,0.0,0.0,0.0,1188.44614089347,0.0,-3.56329256929416e-14,0.0,6000.0,2401.31884089347
2891,2251.54639175258,2189.03260824742,0.0,0.0,2.40618411541561e-13,0.0,1.78454729483074e-29,0.0,7804.8573855,2251.5463917525803
2892,2226.80412371134,4928.33087628866,0.0,0.0,1.58754249011952e-14,0.0,-7.44883267514968e-31,0.0,11868.266193,2226.80412371134
2893,2381.44329896907,4380.53270103093,0.0,0.0,3.10132970281752e-14,0.0,1.14056328787246e-30,0.0,15480.015405,2381.44329896907
2894,2301.03092783505,2584.26507216495,0.0,0.0,0.0,0.0,1.61356197589992e-13,0.0,17610.741957,2301.03092783505
2895,2362.88659793814,3734.45140206186,0.0,0.0,0.0,0.0,-9.79962960721507e-15,0.0,20689.797138,2362.88659793814
2896,2276.28865979381,1407.78394020619,0.0,0.0,0.0,0.0,-3.48444297470479e-14,0.0,21850.5149967,2276.28865979381
2897,2381.44329896907,738.065301030928,0.0,0.0,0.0,0.0,2.7074608305596998e-14,0.0,22459.0498374,2381.44329896907
2898,519.8778,0.0,0.0,0.0,0.0,0.0,1781.718534,0.0,22459.0498374,2301.596334
2899,55.33827,0.0,0.0,0.0,0.0,0.0,2208.3218781,0.0,22459.0498374,2263.6601481
2900,0.0,0.0,0.0,0.0,0.0,0.0,2292.0,0.0,22459.0498374,2292.0
2901,0.0,0.0,0.0,0.0,0.0,0.0,2310.0,0.0,22459.0498374,2310.0
2902,0.0,0.0,0.0,0.0,0.0,0.0,2268.0,0.0,22459.0498374,2268.0
2903,0.0,0.0,0.0,0.0,0.0,0.0,2166.0,0.0,22459.0498374,2166.0
2904,0.0,0.0,0.0,0.0,2515.46391752577,0.0,1.6408468169530998e-13,0.0,19577.6478700165,2515.46391752577
2905,0.0,0.0,0.0,0.0,2025.10789636635,0.0,422.080806472173,0.0,17257.9366485201,2447.1887028385227
2906,0.0,0.0,0.0,0.0,2515.46391752577,0.0,1.6408468169530998e-13,0.0,14376.5346811367,2515.46391752577
2907,0.0,0.0,0.0,0.0,2460.48109965636,0.0,-6.543243991685521e-15,0.0,11558.1141775211,2460.48109965636
2908,0.0,0.0,0.0,0.0,2474.22680412371,0.0,1.35362346761034e-13,0.0,8723.94830796361,2474.22680412371
2909,0.0,0.0,0.0,0.0,2378.00687285223,0.0,-6.39879138602378e-14,0.0,6000.0,2378.00687285223
2910,2245.36082474227,789.197975257732,0.0,0.0,5.81139563018963e-14,0.0,-3.203673790945e-30,0.0,6650.6937306,2245.36082474227
2911,2400.0,7324.455,0.0,0.0,7.32518284288763e-14,0.0,-4.07292951658934e-30,0.0,12689.7068781,2400.0
2912,2325.77319587629,5658.80574738798,0.0,1988.03305673573,-9.5702297173928e-14,0.0,-5.256576546996309e-30,0.0,17355.3922168214,2325.77319587629
2913,2319.58762886598,1660.14467010309,0.0,3810.55670103093,2.27068081904701e-13,0.0,-2.02002676053804e-30,0.0,18724.1814973214,2319.58762886598
2914,2375.25773195876,1870.64956701031,0.0,3810.55670103093,-1.5149115821149e-13,0.0,2.12903479687423e-30,0.0,20266.5320653214,2375.25773195876
2915,2406.18556701031,1857.73973195876,0.0,3810.55670103093,-2.49518550649752e-13,0.0,-7.309479303047609e-30,0.0,21798.2384743214,2406.1855670103096
2916,2276.28865979381,574.276639175258,0.0,3810.55670103093,-3.99134361363664e-14,0.0,-1.6233787667397498e-30,0.0,22271.7295633214,2276.28865979381
2917,2331.9587628866,0.0,0.0,2665.9692371134,8.68021580657368e-14,0.0,4.77376106812902e-30,0.0,22271.7295633214,2331.9587628866
2918,2148.4047,0.0,0.0,0.0,142.093288659794,0.0,7.24414890502308e-15,0.0,22108.9652005954,2290.497988659794
2919,2393.81443298969,0.0,0.0,619.005767010309,-1.09252626810789e-13,0.0,-3.0844580075875697e-30,0.0,22108.9652005954,2393.81443298969
2920,2344.32989690722,4609.09710309278,0.0,0.0,-5.3463765773226904e-14,0.0,5.48739772668981e-31,0.0,25909.1657620954,2344.32989690722
2921,1069.6959,0.0,0.0,0.0,1423.13284879725,0.0,5.75524212265983e-14,0.0,24279.0021323162,2492.8287487972502
2922,238.47603,0.0,0.0,0.0,2250.49055085911,0.0,7.76667451256314e-14,0.0,21701.1206307594,2488.96658085911
2923,16.20684,0.0,0.0,0.0,2641.78621443299,0.0,1.78804281859488e-14,0.0,18675.0195832989,2657.99305443299
2924,0.0,0.0,0.0,0.0,2680.41237113402,0.0,-1.18020415891468e-13,0.0,15604.6732246116,2680.41237113402
2925,0.0,0.0,0.0,0.0,2762.88659793814,0.0,-6.057574602291611e-14,0.0,12439.8546702724,2762.88659793814
2926,0.0,0.0,0.0,0.0,2804.12371134021,0.0,-3.185341108864e-14,0.0,9227.80001810717,2804.12371134021
2927,0.0,0.0,0.0,0.0,2817.86941580756,0.0,1.1005217966408e-13,0.0,6000.0,2817.86941580756
2928,0.0,0.0,0.0,0.0,0.0,0.0,2406.0,0.0,12000.0,2406.0
2929,0.0,0.0,0.0,0.0,0.0,0.0,2478.0,0.0,12000.0,2478.0
2930,0.0,0.0,0.0,0.0,0.0,0.0,2448.0,0.0,12000.0,2448.0
2931,0.0,0.0,0.0,0.0,0.0,0.0,2460.0,0.0,12000.0,2460.0
2932,0.0,0.0,0.0,0.0,0.0,0.0,2370.0,0.0,12000.0,2370.0
2933,20.57484,0.0,0.0,0.0,2632.02612749141,0.0,220.283595899999,0.0,8985.07889176242,2872.8845633914093
2934,209.26269,0.0,0.0,0.0,2605.97387250859,0.0,1.58333744111354e-13,0.0,6000.0,2815.23656250859
2935,2604.12371134021,4.5292248373369e-14,-4.5292248373369e-14,561.810488659794,3.26008395182947e-14,0.0,2.4434261016368497e-30,0.0,6000.0,2604.12371134021
2936,2548.45360824742,1280.58269072165,0.0,3810.55670103093,-9.41147546838085e-14,0.0,-3.9537137332319194e-30,0.0,7055.8404285,2548.45360824742
2937,2517.52577319588,5290.3295257732,0.0,3810.55670103093,3.91263775445419e-15,0.0,-2.46041953736201e-32,0.0,11417.7171225,2517.52577319588
2938,2647.42268041237,12130.6686185567,0.0,3810.55670103093,-2.05692476758932e-13,0.0,1.08175089545092e-29,0.0,21419.4533985,2647.42268041237
2939,2610.30927835052,12895.1710206186,0.0,3810.55670103093,2.1510529475795998e-13,0.0,-9.563854531492008e-30,0.0,32051.521905,2610.30927835052
2940,2554.63917525773,347.576236571358,2.27373675443232e-13,3437.78058817091,8.83897005558564e-14,0.0,-4.94218524223368e-30,0.0,32338.0985120531,2554.63917525773
2941,2369.07216494845,7801.15283505155,0.0,0.0,1.71279220867139e-13,0.0,-5.653224540794589e-30,0.0,38770.1490245531,2369.07216494845
2942,2560.82474226804,737.444257731959,0.0,0.0,-2.34380678522772e-13,0.0,-1.9197544152819e-29,0.0,39378.1718150531,2560.82474226804
2943,2616.49484536082,2450.26815463918,0.0,0.0,-1.07665084320669e-13,0.0,-1.78159519382318e-30,0.0,41398.4179085531,2616.49484536082
2944,2511.34020618557,1890.31679381443,0.0,0.0,-1.78591817485211e-13,0.0,6.473271875691689e-30,0.0,42956.9841050531,2511.34020618557
2945,1747.0089,0.0,0.0,0.0,869.875563573883,0.0,-3.0059731479827604e-14,0.0,41960.5630700315,2616.8844635738837
2946,1021.3359,0.0,0.0,0.0,1538.72185223368,0.0,-8.457817228405121e-14,0.0,40197.9950835095,2560.05775223368
2947,90.9051,0.0,0.0,0.0,2703.11804467354,0.0,5.0731184665894905e-14,0.0,37101.6399349716,2794.02314467354
2948,0.0,0.0,0.0,0.0,2920.96219931271,0.0,-1.66392016621715e-14,0.0,33755.7496722996,2920.96219931271
2949,0.0,0.0,0.0,0.0,2859.10652920962,0.0,1.38774514598356e-13,0.0,30480.7135563664,2859.10652920962
2950,0.0,0.0,0.0,0.0,2975.94501718213,0.0,1.5398872402482399e-13,0.0,27071.8418299264,2975.94501718213
2951,0.0,0.0,0.0,0.0,2989.69072164948,0.0,-1.01100122546339e-13,0.0,23647.2247375444,2989.69072164948
2952,0.0,0.0,0.0,0.0,2859.10652920962,0.0,1.38774514598356e-13,0.0,20372.1886216113,2859.10652920962
2953,0.0,0.0,0.0,0.0,2969.07216494845,0.0,8.303592864846451e-14,0.0,16971.1895781423,2969.07216494845
2954,0.0,0.0,0.0,0.0,2934.70790378007,0.0,1.25266389090548e-13,0.0,13609.5539495282,2934.70790378007
2955,0.0,0.0,0.0,0.0,2900.34364261168,0.0,1.67496849532632e-13,0.0,10287.2817357691,2900.34364261168
2956,0.0,0.0,0.0,0.0,2673.53951890034,0.0,-1.88973211267828e-13,0.0,7224.80806005283,2673.53951890034
2957,1307.7714,0.0,0.0,0.0,1069.25743642612,0.0,8.720593023572071e-15,0.0,6000.0,2377.02883642612
2958,2239.17525773196,-1.72815346366007e-13,1.72815346366007e-13,3279.87074226804,-1.24390498937769e-13,0.0,-2.21520228194323e-30,0.0,6000.0,2239.17525773196
2959,2245.36082474227,4461.87547422681,0.0,3810.55670103093,5.81139563018963e-14,-7.64294306540785e-14,-3.203673790945e-30,0.0,9678.8163285,2245.36082474227
2960,2127.83505154639,8536.49724742268,0.0,3810.55670103093,1.27453146976318e-13,-7.64294306540785e-14,-1.7425945500971797e-30,0.0,16717.158309,2127.83505154639
2961,2251.54639175258,6050.8289072165,0.0,3810.55670103093,2.40618411541561e-13,-7.64294306540785e-14,1.78454729483074e-29,0.0,21706.066743,2251.5463917525803
2962,2400.0,6589.55529896907,0.0,3810.55670103093,7.32518284288763e-14,-7.64294306540785e-14,-4.07292951658934e-30,0.0,27139.155087,2400.0
2963,2567.01030927835,9571.91198969073,0.0,3810.55670103093,-5.18762232831074e-14,-7.64294306540785e-14,1.85160258643337e-30,0.0,35031.1965225,2567.01030927835
2964,2665.9793814433,881.359917525773,0.0,3810.55670103093,-1.63453945358231e-13,-7.64294306540785e-14,-5.41479297407974e-30,0.0,35757.8777745,2665.9793814433
2965,2536.0824742268,0.0,0.0,1627.3625257732,4.6151169155155304e-14,0.0,2.7130756222812103e-31,0.0,35757.8777745,2536.0824742268
2966,2505.15463917526,0.0,0.0,3402.05836082474,1.44178561593418e-13,0.0,-1.3089874619771299e-30,0.0,35757.8777745,2505.15463917526
2967,2616.49484536082,0.0,0.0,127.705054639175,-1.07665084320669e-13,372.960050403113,-1.78159519382318e-30,0.0,35330.6612219191,2616.49484536082
2968,1646.7984,0.0,0.0,0.0,1111.80475601375,4233.95189003436,-7.16941088611844e-14,0.0,29207.2286376716,2758.60315601375
2969,137.21448,0.0,0.0,0.0,2768.50166597938,0.0,-1.747073567309e-13,0.0,26035.9781611774,2905.71614597938
2970,0.0,0.0,0.0,0.0,2790.37800687285,0.0,-1.7375900184136e-13,0.0,22839.6688749542,2790.37800687285
2971,0.0,0.0,0.0,0.0,2927.83505154639,0.0,5.4313593714188305e-14,0.0,19485.9059293112,2927.83505154639
2972,0.0,0.0,0.0,0.0,2934.70790378007,0.0,1.25266389090548e-13,0.0,16124.2703006971,2934.70790378007
2973,0.0,0.0,0.0,0.0,2824.74226804124,0.0,1.8100497504044e-13,0.0,12888.597599619,2824.74226804124
2974,0.0,0.0,0.0,0.0,2920.96219931271,0.0,-1.66392016621715e-14,0.0,9542.70733694689,2920.96219931271
2975,0.0,0.0,0.0,0.0,3092.78350515464,0.0,1.69202933451293e-13,0.0,6000.0,3092.78350515464
2976,0.0,0.0,0.0,0.0,0.0,0.0,2508.0,0.0,12000.0,2508.0
2977,0.0,0.0,0.0,0.0,0.0,0.0,2556.0,0.0,12000.0,2556.0
2978,0.0,0.0,0.0,0.0,0.0,0.0,2634.0,0.0,12000.0,2634.0
2979,0.0,0.0,0.0,0.0,0.0,0.0,2634.0,0.0,12000.0,2634.0
2980,0.0,0.0,0.0,0.0,0.0,0.0,2448.0,0.0,12000.0,2448.0
2981,24.888474,0.0,0.0,0.0,2434.37419175258,0.0,442.64951082,0.0,9211.48431643462,2901.91217657258
2982,130.34502,0.0,0.0,0.0,2803.62580824742,0.0,-1.83739910738283e-13,0.0,6000.0,2933.9708282474203
2983,274.79946,0.0,0.0,0.0,0.0,0.0,2469.4445238,0.0,6000.0,2744.2439838
2984,646.1637,0.0,0.0,0.0,0.0,0.0,2043.221211,0.0,6000.0,2689.384911
2985,935.142,0.0,0.0,0.0,0.0,0.0,1468.91226,0.0,6000.0,2404.05426
2986,846.7173,0.0,0.0,0.0,0.0,0.0,1806.684219,0.0,6000.0,2653.401519
2987,2715.46391752577,717.070382474226,0.0,0.0,0.0,0.0,-1.9139896998352699e-13,0.0,6591.22453035,2715.46391752577
2988,1475.9901,0.0,0.0,0.0,0.0,0.0,1160.289603,0.0,6591.22453035,2636.279703
2989,2622.68041237113,1011.50728762887,0.0,0.0,0.0,0.0,6.533477081228341e-14,0.0,7425.212289,2622.68041237113
2990,2591.75257731959,3997.84342268041,0.0,0.0,0.0,0.0,1.50912684410887e-13,0.0,10721.434191,2591.75257731959
2991,2554.63917525773,724.219524742268,0.0,0.0,0.0,0.0,7.71642085852626e-14,0.0,11318.55318915,2554.63917525773
2992,2523.71134020619,6411.03265979381,0.0,0.0,0.0,0.0,1.62742122183866e-13,0.0,16604.44961715,2523.71134020619
2993,2579.38144329897,1882.14055670103,0.0,0.0,0.0,0.0,-1.67740094437568e-13,0.0,18156.27450615,2579.38144329897
2994,303.6423,0.0,0.0,0.0,0.0,0.0,2057.466969,0.0,18156.27450615,2361.109269
2995,113.90574,0.0,0.0,0.0,0.0,0.0,2319.5114322,0.0,18156.27450615,2433.4171722
2996,0.0,0.0,0.0,0.0,0.0,0.0,2460.0,0.0,18156.27450615,2460.0
2997,0.0,0.0,0.0,0.0,0.0,0.0,2448.0,0.0,18156.27450615,2448.0
2998,0.0,0.0,0.0,0.0,0.0,0.0,2490.0,0.0,18156.27450615,2490.0
2999,0.0,0.0,0.0,0.0,0.0,0.0,2532.0,0.0,18156.27450615,2532.0
3000,0.0,0.0,0.0,0.0,0.0,0.0,2442.0,0.0,18156.27450615,2442.0
3001,0.0,0.0,0.0,0.0,2982.81786941581,0.0,-1.72052917922699e-13,0.0,14739.530096739,2982.81786941581
3002,0.0,0.0,0.0,0.0,2810.99656357388,0.0,3.90993842877199e-14,0.0,11519.6027616028,2810.99656357388
3003,0.0,0.0,0.0,0.0,979.501612941114,0.0,1544.89509190241,0.0,10397.6077868707,2524.3967048435243
3004,0.0,0.0,0.0,0.0,2563.57388316151,0.0,-1.33234625317937e-13,0.0,7461.0970386903,2563.57388316151
3005,1431.3975,0.0,0.0,0.0,1275.53771477663,0.0,2.0384364681132e-15,0.0,6000.0,2706.9352147766303
3006,2579.38144329897,-2.66942507586702e-13,-1.87804843299762e-13,2992.97755670103,-1.92142147122071e-13,0.0,8.645390415100429e-30,0.0,6000.0,2579.38144329897
3007,2635.05154639175,4084.07975257732,4.54747350886464e-13,3810.55670103093,-6.54265529199679e-14,6.54265529199679e-14,4.0237211258421e-30,0.0,9367.323756,2635.05154639175
3008,2542.26804123711,8118.55425773196,0.0,3810.55670103093,2.2865562439482e-13,-2.2865562439482e-13,1.0301645177353399e-29,0.0,16061.0717415,2542.2680412371105
3009,2610.30927835052,11025.5890206186,0.0,3810.55670103093,2.1510529475795998e-13,-2.1510529475795998e-13,-9.563854531492008e-30,0.0,25151.669889,2610.30927835052
3010,2622.68041237113,9527.86388659794,0.0,3810.55670103093,7.48393709189958e-14,-7.48393709189958e-14,-2.77006670282495e-30,0.0,33007.3936635,2622.68041237113
3011,2641.23711340206,13419.798185567,0.0,3810.55670103093,1.17077902319697e-13,-1.17077902319697e-13,3.0352496168403298e-30,0.0,44072.0172675,2641.23711340206
3012,2573.19587628866,13569.2714226804,0.0,3810.55670103093,1.30628231956557e-13,-1.30628231956557e-13,8.631310774316031e-31,0.0,55259.8815555,2573.19587628866
3013,2635.05154639175,5341.51775257732,0.0,3810.55670103093,-6.54265529199679e-14,6.54265529199679e-14,4.0237211258421e-30,0.0,59663.9629425,2635.05154639175
3014,2814.43298969072,9802.12230927835,0.0,3810.55670103093,1.74454305847378e-13,-1.74454305847378e-13,-3.0474989132658097e-30,0.0,67745.8127865,2814.43298969072
3015,2696.90721649485,6807.40908247423,0.0,3810.55670103093,2.437934965218e-13,-2.437934965218e-13,-1.5864196724179897e-30,0.0,73358.521575,2696.9072164948507
3016,2684.53608247423,2742.87621649485,9.09494701772928e-13,3810.55670103093,-1.2121541395753e-13,1.2121541395753e-13,3.90523345585547e-31,0.0,75620.0230155,2684.53608247423
3017,442.8918,0.0,0.0,-7.475724160666341e-14,2559.44439175258,4233.95189003436,-1.10504593223921e-13,0.0,67838.354880578,3002.33619175258
3018,169.15938,0.0,0.0,-7.475724160666341e-14,2739.88018487973,4233.95189003436,-4.8338435148168e-14,0.0,59850.0019883511,2909.0395648797303
3019,117.89661,0.0,0.0,-7.475724160666341e-14,2693.7460347079,4233.95189003436,-1.85299338478181e-13,0.0,51914.494628967,2811.6426447079
3020,0.0,0.0,0.0,0.0,2962.19931271478,4233.95189003436,1.20831332721046e-14,0.0,43671.4806510184,2962.19931271478
3021,0.0,0.0,0.0,0.0,2831.61512027491,4233.95189003436,-1.45036666907084e-13,0.0,35578.0476495187,2831.61512027491
3022,0.0,0.0,0.0,0.0,2886.59793814433,4233.95189003436,2.5591258779912202e-14,0.0,27421.633184251,2886.59793814433
3023,0.0,0.0,0.0,0.0,2865.9793814433,4233.95189003436,-1.87267127349167e-13,0.0,19288.8367678963,2865.9793814433
3024,0.0,0.0,0.0,0.0,0.0,0.0,2400.0,0.0,12000.0,2400.0
3025,0.0,0.0,0.0,0.0,0.0,0.0,2460.0,0.0,12000.0,2460.0
3026,0.0,0.0,0.0,0.0,0.0,0.0,2430.0,0.0,12000.0,2430.0
3027,0.0,0.0,0.0,0.0,892.480773883162,0.0,1710.8642844,0.0,10977.6852532839,2603.345058283162
3028,55.49778,0.0,0.0,0.0,2694.34954570447,0.0,-1.96666950199457e-13,0.0,7891.37420436698,2749.84732570447
3029,1136.6277,0.0,0.0,0.0,1651.16968041237,0.0,9.79752628900818e-14,0.0,6000.0,2787.7973804123703
3030,2678.35051546392,2.80019707346115e-13,1.74727643540349e-13,2920.06048453608,2.01554965121099e-13,0.0,-7.39173599208328e-30,0.0,6000.0,2678.35051546392
3031,2777.31958762887,3981.00671134021,9.09494701772928e-13,3810.55670103093,8.997724304597591e-14,0.0,-3.6393224284692894e-30,0.0,9282.3400335,2777.31958762887
3032,2647.42268041237,8093.4276185567,0.0,3810.55670103093,-2.05692476758932e-13,-7.64294306540785e-14,1.08175089545092e-29,0.0,15955.371105,2647.42268041237
3033,2542.26804123711,11155.913257732,0.0,3810.55670103093,2.2865562439482e-13,-7.64294306540785e-14,1.0301645177353399e-29,0.0,25153.421586,2542.2680412371105
3034,2628.86597938144,12914.0933195876,0.0,3810.55670103093,-2.47931008159633e-13,-7.64294306540785e-14,5.01219263484387e-30,0.0,35801.091528,2628.8659793814395
3035,2517.52577319588,11104.0985257732,0.0,3810.55670103093,3.91263775445419e-15,-7.64294306540785e-14,-2.46041953736201e-32,0.0,44956.4207625,2517.52577319588
3036,2536.0824742268,13494.6108247423,0.0,3810.55670103093,4.6151169155155304e-14,-7.64294306540785e-14,2.7130756222812103e-31,0.0,56082.7273875,2536.0824742268
3037,2529.8969072165,9919.30939175258,0.0,3810.55670103093,-1.3635328608451e-13,-7.64294306540785e-14,-9.7590300528972e-30,0.0,64261.197981,2529.8969072165
3038,2573.19587628866,7015.67242268041,0.0,3810.55670103093,1.30628231956557e-13,-7.64294306540785e-14,8.631310774316031e-31,0.0,70045.6198935,2573.19587628866
3039,2505.15463917526,2053.88365979381,0.0,3810.55670103093,1.44178561593418e-13,-7.64294306540785e-14,-1.3089874619771299e-30,0.0,71739.046971,2505.15463917526
3040,2468.0412371134,0.0,0.0,1722.5867628866,5.97014987920158e-14,2319.96659793814,-1.90081097718061e-30,0.0,69081.5823685508,2468.0412371134
3041,2190.9381,0.0,0.0,0.0,259.782408934708,4233.95189003436,-1.3124110848866101e-14,0.0,63934.1203995141,2450.720508934708
3042,1185.4518,0.0,0.0,0.0,1376.98940893471,4233.95189003436,6.542853265211821e-14,0.0,57506.9253262391,2562.4412089347097
3043,228.03768,0.0,0.0,0.0,2427.03717113402,4233.95189003436,3.9326830096680304e-14,0.0,49876.9264016476,2655.07485113402
3044,0.0,0.0,0.0,0.0,2776.6323024055,4233.95189003436,8.13298447298036e-14,0.0,41846.4748639158,2776.6323024055
3045,0.0,0.0,0.0,0.0,2756.01374570447,4233.95189003436,-1.31528541399276e-13,0.0,33839.6413750969,2756.01374570447
3046,0.0,0.0,0.0,0.0,2639.17525773196,0.0,-1.46742750825744e-13,0.0,30816.5311142356,2639.17525773196
3047,0.0,0.0,0.0,0.0,2707.90378006873,0.0,1.65790765613971e-13,0.0,27714.6940236643,2707.90378006873
3048,0.0,0.0,0.0,0.0,2646.04810996564,0.0,-7.57899554493846e-14,0.0,24683.711079832,2646.04810996564
3049,0.0,0.0,0.0,0.0,2687.2852233677,0.0,-4.70676205151085e-14,0.0,21605.4920381737,2687.2852233677
3050,0.0,0.0,0.0,0.0,2707.90378006873,0.0,1.65790765613971e-13,0.0,18503.6549476024,2707.90378006873
3051,0.0,0.0,0.0,0.0,2666.66666666667,0.0,1.37068430679695e-13,0.0,15449.0539548571,2666.66666666667
3052,42.34659,0.0,0.0,0.0,2564.63208213058,2296.21306582045,-1.98261616755725e-13,0.0,9881.07554941486,2606.97867213058
3053,82.88358,0.0,0.0,0.0,2650.17517457045,0.0,1.12937526307935e-13,0.0,6845.3651547179,2733.05875457045
3054,2418.55670103093,0.0,0.0,3146.35329896907,1.15490359829577e-13,738.003780068729,-9.28642232105115e-30,0.0,6000.0,2418.55670103093
3055,2461.85567010309,4064.96662886598,4.54747350886464e-13,3810.55670103093,-1.22802956447649e-13,1.22802956447649e-13,1.01064696559482e-29,0.0,9351.5649855,2461.85567010309
3056,2492.78350515464,7911.65279381443,0.0,3810.55670103093,-2.20830348885912e-13,2.20830348885912e-13,6.679555560264071e-31,0.0,15874.722714,2492.78350515464
3057,2486.59793814433,10880.7463608247,0.0,3810.55670103093,1.01940030192717e-13,-1.01940030192717e-13,3.90450534248468e-30,0.0,24845.8980885,2486.59793814433
3058,2449.48453608247,13050.5747628866,-1.81898940354586e-12,3810.55670103093,1.74629673913147e-14,-1.74629673913147e-14,5.5797954624942105e-31,0.0,35606.0969805,2449.48453608247
3059,2567.01030927835,13786.2519896907,0.0,3810.55670103093,-5.18762232831074e-14,5.18762232831074e-14,1.85160258643337e-30,0.0,46972.861746,2567.01030927835
3060,2591.75257731959,13743.1407216495,0.0,3810.55670103093,1.72866763357259e-13,-1.72866763357259e-13,6.66844739709689e-30,0.0,58304.081271,2591.75257731959
3061,2672.16494845361,12442.5743505155,0.0,3810.55670103093,1.90505098814342e-14,-1.90505098814342e-14,-8.938599210179621e-31,0.0,68562.983823,2672.16494845361
3062,2690.72164948454,10217.1246494845,0.0,3810.55670103093,6.128904128213531e-14,-6.128904128213531e-14,-5.9794816341622105e-31,0.0,76987.0030965,2690.72164948454
3063,2721.64948453608,6871.11881443299,0.0,3810.55670103093,-3.67383511561274e-14,3.67383511561274e-14,9.82346860789029e-31,0.0,82652.240559,2721.64948453608
3064,2628.86597938144,2819.06031958763,9.09494701772928e-13,3810.55670103093,-2.47931008159633e-13,2.47931008159633e-13,5.01219263484387e-30,0.0,84976.5557925,2628.8659793814395
3065,2560.82474226804,0.0,0.0,2138.40225773196,-2.34380678522772e-13,1857.9493814433,-1.9197544152819e-29,0.0,82848.3205331148,2560.82474226804
3066,1258.8537,0.0,0.0,-7.475724160666341e-14,1432.88878694158,4233.95189003436,-7.157849639771e-14,0.0,76357.0940990072,2691.74248694158
3067,292.20711,0.0,0.0,-7.475724160666341e-14,2603.16048487973,4233.95189003436,3.7365951195198e-14,0.0,68525.3502560357,2895.36759487973
3068,0.0,0.0,0.0,0.0,3017.18213058419,4233.95189003436,1.8271105895909998e-13,0.0,60219.3548143191,3017.18213058419
3069,0.0,0.0,0.0,0.0,3030.92783505155,4233.95189003436,-7.237778761206299e-14,0.0,51897.6140066606,3030.92783505155
3070,0.0,0.0,0.0,0.0,2989.69072164948,4233.95189003436,-1.01100122546339e-13,0.0,43623.109296828,2989.69072164948
3071,0.0,0.0,0.0,0.0,2886.59793814433,4233.95189003436,2.5591258779912202e-14,0.0,35466.6948315603,2886.59793814433
3072,0.0,0.0,0.0,0.0,2578.20618556701,0.0,251.226,0.0,9046.72830977433,2829.43218556701
3073,0.0,0.0,0.0,0.0,2659.79381443299,0.0,6.61156353033352e-14,0.0,6000.0,2659.79381443299
3074,0.0,0.0,0.0,0.0,0.0,0.0,2346.0,0.0,6000.0,2346.0
3075,0.0,0.0,0.0,0.0,0.0,0.0,2322.0,0.0,6000.0,2322.0
3076,180.43701,0.0,0.0,0.0,0.0,0.0,2020.9761003,0.0,6000.0,2201.4131103
3077,1583.1465,0.0,0.0,0.0,0.0,0.0,636.347895,0.0,6000.0,2219.494395
3078,2350.51546391753,1.79275842093112e-13,-1.79275842093112e-13,3409.90153608247,1.29040689466438e-13,0.0,1.05790773877943e-29,0.0,6000.0,2350.51546391753
3079,2480.41237113402,4230.33392783505,0.0,3810.55670103093,-8.0564425046948e-14,-7.64294306540785e-14,4.8929768514864396e-30,0.0,9487.9103235,2480.41237113402
3080,2461.85567010309,7900.42162886598,0.0,3810.55670103093,-1.22802956447649e-13,-7.64294306540785e-14,1.01064696559482e-29,0.0,16001.8079565,2461.85567010309
3081,2437.11340206186,8012.01689690722,0.0,3810.55670103093,1.57728891230278e-13,0.0,-3.4811060013858595e-30,0.0,22607.715888,2437.11340206186
3082,2585.56701030928,8783.4172886598,0.0,3810.55670103093,-9.637691882406331e-15,0.0,-6.07187936996662e-31,0.0,29849.6434425,2585.56701030928
3083,2505.15463917526,12896.7416597938,0.0,3810.55670103093,1.44178561593418e-13,0.0,-1.3089874619771299e-30,0.0,40483.006941,2505.15463917526
3084,2622.68041237113,12768.6078865979,0.0,3810.55670103093,7.48393709189958e-14,0.0,-2.77006670282495e-30,0.0,51010.7241435,2622.68041237113
3085,2560.82474226804,5777.78155670103,0.0,3810.55670103093,-2.34380678522772e-13,0.0,-1.9197544152819e-29,0.0,55774.505037,2560.82474226804
3086,2517.52577319588,4274.5355257732,0.0,3810.55670103093,3.91263775445419e-15,0.0,-2.46041953736201e-32,0.0,59298.859578,2517.52577319588
3087,2659.79381443299,0.0,0.0,3631.80318556701,1.59316433720398e-13,0.0,8.840565936505619e-30,0.0,59298.859578,2659.79381443299
3088,2659.79381443299,2839.45648453608,0.0,3810.55670103093,1.59316433720398e-13,0.0,8.840565936505619e-30,0.0,61639.9914495,2659.79381443299
3089,2591.75257731959,0.0,0.0,943.917222680413,1.72866763357259e-13,0.0,6.66844739709689e-30,0.0,61639.9914495,2591.75257731959
3090,1115.1504,0.0,0.0,0.0,1365.75499656357,0.0,-3.98654354033504e-14,0.0,60075.5527363688,2480.9053965635703
3091,167.39112,0.0,0.0,0.0,2645.62498694158,0.0,-2.57638357414155e-15,0.0,57045.0544695399,2813.01610694158
3092,0.0,0.0,0.0,0.0,3030.92783505155,0.0,-7.237778761206299e-14,0.0,53573.201279332,3030.92783505155
3093,0.0,0.0,0.0,0.0,3168.38487972509,0.0,1.55694807943485e-13,0.0,49943.8944297042,3168.38487972509
3094,0.0,0.0,0.0,0.0,3182.13058419244,0.0,-9.939403862767831e-14,0.0,46298.8422141343,3182.13058419244
3095,0.0,0.0,0.0,0.0,3168.38487972509,0.0,1.55694807943485e-13,0.0,42669.5353645065,3168.38487972509
3096,0.0,0.0,0.0,0.0,3030.92783505155,0.0,-7.237778761206299e-14,0.0,39197.6821742986,3030.92783505155
3097,0.0,0.0,0.0,0.0,3037.80068728522,4233.95189003436,-1.4249922357030702e-15,0.0,30868.068683669,3037.80068728522
3098,0.0,0.0,0.0,0.0,2934.70790378007,1114.36048936312,1.25266389090548e-13,0.0,26229.9605586482,2934.70790378007
3099,0.0,0.0,0.0,0.0,3017.18213058419,0.0,1.8271105895909998e-13,0.0,22773.8527343822,3017.18213058419
3100,19.906419,0.0,0.0,0.0,2843.86113810997,0.0,-3.54208020459091e-14,0.0,19516.2798384945,2863.76755710997
3101,1641.8961,0.0,0.0,0.0,1165.36172164948,0.0,-6.40956412893532e-14,0.0,18181.3866865478,2807.25782164948
3102,621.8862,0.0,0.0,0.0,2353.68887285223,4233.95189003436,-1.32697961289714e-13,0.0,10635.4064312367,2975.57507285223
3103,2777.31958762887,340.551711340207,0.0,3810.55670103093,8.997724304597591e-14,-7.64294306540785e-14,-3.6393224284692894e-30,0.0,10916.1913172367,2777.31958762887
3104,2845.36082474227,2130.9774742268,0.0,3810.55670103093,7.642691340911531e-14,-7.64294306540785e-14,-1.4672038890605599e-30,0.0,12673.1822447367,2845.36082474227
3105,2764.94845360825,5004.92084536082,0.0,3810.55670103093,2.3024316688494e-13,-7.64294306540785e-14,-2.1451919381263398e-29,0.0,16799.7394817367,2764.9484536082505
3106,2857.73195876289,1361.18734020619,0.0,3810.55670103093,-6.38390104298484e-14,-7.64294306540785e-14,5.3265839396064894e-30,0.0,17922.0384437367,2857.73195876289
3107,2734.0206185567,0.0,0.0,3141.6803814433,-1.7700427499509099e-13,0.0,-3.2426744346710094e-30,0.0,17922.0384437367,2734.0206185567
3108,2703.09278350515,6315.79051546392,0.0,3810.55670103093,-7.89768825568285e-14,0.0,-4.822969458876259e-30,0.0,23129.4077237367,2703.09278350515
3109,1875.2058,0.0,0.0,0.0,864.891608247423,4233.95189003436,-4.94379362648192e-15,0.0,17288.8080693475,2740.097408247423
3110,2857.73195876289,7430.64034020619,0.0,3810.55670103093,-6.38390104298484e-14,0.0,5.3265839396064894e-30,0.0,23415.3710298475,2857.73195876289
3111,2715.46391752577,6494.3243814433,0.0,3810.55670103093,-2.19242806395792e-13,0.0,-9.0479907543363e-30,0.0,28769.9414823475,2715.46391752577
3112,2511.34020618557,0.0,0.0,2675.65979381443,-1.78591817485211e-13,0.0,6.473271875691689e-30,0.0,28769.9414823475,2511.34020618557
3113,517.9044,0.0,0.0,0.0,2290.53004810997,0.0,-3.59489681611969e-14,0.0,26146.1957227713,2808.4344481099697
3114,0.0,0.0,0.0,0.0,2989.69072164948,0.0,-1.01100122546339e-13,0.0,22721.5786303893,2989.69072164948
3115,0.0,0.0,0.0,0.0,2893.47079037801,0.0,9.654405415627211e-14,0.0,19407.1790996012,2893.47079037801
3116,0.0,0.0,0.0,0.0,2845.36082474227,0.0,-3.1310761543638905e-15,0.0,16147.8883496101,2845.36082474227
3117,0.0,0.0,0.0,0.0,2852.23367697594,0.0,6.782171922199599e-14,0.0,12880.724916648,2852.23367697594
3118,0.0,0.0,0.0,0.0,3024.05498281787,0.0,-1.43330582988423e-13,0.0,9416.74440941101,3024.05498281787
3119,0.0,0.0,0.0,0.0,2982.81786941581,0.0,-1.72052917922699e-13,0.0,6000.0,2982.81786941581
3120,0.0,0.0,0.0,0.0,0.0,0.0,2418.0,0.0,12000.0,2418.0
3121,0.0,0.0,0.0,0.0,0.0,0.0,2598.0,0.0,12000.0,2598.0
3122,0.0,0.0,0.0,0.0,0.0,0.0,2484.0,0.0,12000.0,2484.0
3123,0.0,0.0,0.0,0.0,0.0,0.0,2544.0,0.0,12000.0,2544.0
3124,103.57893,0.0,0.0,0.0,0.0,0.0,2221.5284379,0.0,12000.0,2325.1073679
3125,7.364058,0.0,0.0,0.0,615.606334364262,0.0,1771.43253384,0.0,11294.8381049665,2394.402926204262
3126,364.22412,0.0,0.0,0.0,2289.46460893471,0.0,-5.23217653932756e-14,0.0,8672.31277972627,2653.68872893471
3127,318.92055,0.0,0.0,0.0,2332.92905670103,0.0,1.12828731347571e-13,0.0,6000.0,2651.8496067010296
3128,2350.51546391753,1401.99823608247,0.0,0.0,1.29040689466438e-13,0.0,1.05790773877943e-29,0.0,7155.94754565,2350.51546391753
3129,2400.0,7156.56,0.0,0.0,7.32518284288763e-14,0.0,-4.07292951658934e-30,0.0,13056.53126565,2400.0
3130,2468.0412371134,6975.52525625181,9.09494701772928e-13,969.511506634791,5.97014987920158e-14,0.0,-1.90081097718061e-30,0.0,18807.8518394296,2468.0412371134
3131,2406.18556701031,8594.40473195876,0.0,3810.55670103093,-2.49518550649752e-13,0.0,-7.309479303047609e-30,0.0,25893.9385409296,2406.1855670103096
3132,2369.07216494845,5691.11313402062,0.0,3810.55670103093,1.71279220867139e-13,0.0,-5.653224540794589e-30,0.0,30586.2613199296,2369.07216494845
3133,2560.82474226804,0.0,0.0,963.262057731958,-2.34380678522772e-13,0.0,-1.9197544152819e-29,0.0,30586.2613199296,2560.82474226804
3134,2802.0618556701,5860.8131443299,0.0,0.0,-1.90554604631952e-13,0.0,-1.0705558952622799e-30,0.0,35418.5017574296,2802.0618556701
3135,2758.76288659794,2501.65141237113,0.0,3810.55670103093,4.77387116452748e-14,0.0,1.5741703759925098e-30,0.0,37481.1133469296,2758.76288659794
3136,2777.31958762887,3838.44541237113,0.0,0.0,8.997724304597591e-14,0.0,-3.6393224284692894e-30,0.0,40645.9115894296,2777.31958762887
3137,2573.19587628866,1486.47012371134,0.0,0.0,1.30628231956557e-13,0.0,8.631310774316031e-31,0.0,41871.5062064296,2573.19587628866
3138,1113.0249,0.0,0.0,0.0,1773.61494501718,0.0,-3.39113360592031e-14,0.0,39839.8739670056,2886.63984501718
3139,195.21255,0.0,0.0,0.0,2704.05936597938,0.0,-6.84109491438189e-14,0.0,36742.4405580945,2899.27191597938
3140,0.0,0.0,0.0,0.0,2948.45360824742,0.0,-1.29822457480615e-13,0.0,33365.0595635385,2948.45360824742
3141,0.0,0.0,0.0,0.0,2769.75945017182,0.0,1.0377049353443801e-14,0.0,30192.3683262282,2769.75945017182
3142,0.0,0.0,0.0,0.0,2969.07216494845,0.0,8.303592864846451e-14,0.0,26791.3692827592,2969.07216494845
3143,0.0,0.0,0.0,0.0,2900.34364261168,0.0,1.67496849532632e-13,0.0,23469.0970690001,2900.34364261168
3144,0.0,0.0,0.0,0.0,2934.70790378007,0.0,1.25266389090548e-13,0.0,20107.4614403861,2934.70790378007
3145,0.0,0.0,0.0,0.0,3010.30927835052,0.0,1.11758263582741e-13,0.0,16659.2262990911,3010.30927835052
3146,0.0,0.0,0.0,0.0,2893.47079037801,0.0,9.654405415627211e-14,0.0,13344.826768303,2893.47079037801
3147,0.0,0.0,0.0,0.0,2914.08934707904,0.0,-8.759199703853141e-14,0.0,10006.8091886019,2914.08934707904
3148,182.16627,0.0,0.0,0.0,2553.6067790378,0.0,-6.504022781854641e-14,0.0,7081.71551272816,2735.7730490378003
3149,1760.4054,0.0,0.0,0.0,944.337642611684,0.0,2.69159586043551e-14,0.0,6000.0,2704.7430426116844
3150,2635.05154639175,-9.0896913357143e-14,9.0896913357143e-14,3738.32845360825,-6.54265529199679e-14,0.0,4.0237211258421e-30,0.0,6000.0,2635.05154639175
3151,2758.76288659794,4926.59341237113,0.0,3810.55670103093,4.77387116452748e-14,-7.64294306540785e-14,1.5741703759925098e-30,0.0,10061.9762685,2758.76288659794
3152,2696.90721649485,8935.87308247423,0.0,3810.55670103093,2.437934965218e-13,-7.64294306540785e-14,-1.5864196724179897e-30,0.0,17429.603625,2696.9072164948507
3153,2628.86597938144,6756.11031958763,0.0,3810.55670103093,-2.47931008159633e-13,-7.64294306540785e-14,5.01219263484387e-30,0.0,23000.0165835,2628.8659793814395
3154,2820.61855670103,13659.822742268,0.0,3810.55670103093,-1.48316073231251e-13,-7.64294306540785e-14,4.73476042440301e-30,0.0,34262.5404345,2820.61855670103
3155,2727.83505154639,631.797247422681,0.0,3810.55670103093,1.45766104083537e-13,-7.64294306540785e-14,1.10126844759144e-29,0.0,34783.457265,2727.83505154639
3156,2703.09278350515,6958.62751546392,0.0,3810.55670103093,-7.89768825568285e-14,-7.64294306540785e-14,-4.822969458876259e-30,0.0,40520.8456515,2703.09278350515
3157,2665.9793814433,0.0,0.0,3186.8286185567,-1.63453945358231e-13,693.031202749141,-5.41479297407974e-30,0.0,39726.9954765296,2665.9793814433
3158,2709.27835051546,3743.44394845361,0.0,3810.55670103093,1.03527572682836e-13,-7.64294306540785e-14,5.2073681562490696e-30,0.0,42813.4650120296,2709.27835051546
3159,2635.05154639175,0.0,0.0,3368.14045360825,-6.54265529199679e-14,491.573608247423,4.0237211258421e-30,0.0,42250.3795501196,2635.05154639175
3160,2517.52577319588,0.0,0.0,888.235026804124,3.91263775445419e-15,3247.02408247423,-2.46041953736201e-32,0.0,38530.993430447,2517.52577319588
3161,315.48348,0.0,0.0,0.0,2542.93359037801,1357.64049364619,-9.23440282634082e-14,0.0,34062.9818794456,2858.41707037801
3162,270.39909,0.0,0.0,0.0,2558.66309587629,0.0,-9.9137297312033e-14,0.0,31132.0963171589,2829.0621858762897
3163,72.76347,0.0,0.0,0.0,2750.76682027491,0.0,1.66321653019485e-13,0.0,27981.1606696504,2823.53029027491
3164,0.0,0.0,0.0,0.0,2900.34364261168,0.0,1.67496849532632e-13,0.0,24658.8884558913,2900.34364261168
3165,0.0,0.0,0.0,0.0,2625.4295532646,0.0,1.08346095745419e-13,0.0,21651.523560972,2625.4295532646
3166,0.0,0.0,0.0,0.0,2549.82817869416,4233.95189003436,1.21854221253227e-13,0.0,13880.8705612829,2549.82817869416
3167,0.0,0.0,0.0,0.0,2646.04810996564,4233.95189003436,-7.57899554493846e-14,0.0,6000.0,2646.04810996564
3168,0.0,0.0,0.0,0.0,0.0,0.0,2268.0,0.0,12000.0,2268.0
3169,0.0,0.0,0.0,0.0,0.0,0.0,2442.0,0.0,12000.0,2442.0
3170,0.0,0.0,0.0,0.0,0.0,0.0,2538.0,0.0,12000.0,2538.0
3171,0.0,0.0,0.0,0.0,2696.44700652921,0.0,286.0017633,0.0,8911.28636136402,2982.4487698292096
3172,186.82911,0.0,0.0,0.0,2541.55299347079,0.0,-1.03260417117442e-13,0.0,6000.0,2728.3821034707903
3173,1829.2014,0.0,0.0,0.0,0.0,0.0,781.674642,0.0,6000.0,2610.876042
3174,2653.60824742268,43.5700515463918,0.0,3810.55670103093,-2.3188021519266902e-14,0.0,-1.1897716786196999e-30,0.0,6035.9235075,2653.60824742268
3175,2498.96907216495,797.717226804124,0.0,3810.55670103093,-3.83258936462469e-14,0.0,-3.20515952975361e-31,0.0,6693.641361,2498.96907216495
3176,2468.0412371134,1619.99406185567,0.0,3810.55670103093,5.97014987920158e-14,0.0,-1.90081097718061e-30,0.0,8029.326465,2468.0412371134
3177,2474.22680412371,198.69349484536,0.0,3810.55670103093,2.42205954031681e-13,0.0,-1.39080916103095e-29,0.0,8193.1492515,2474.2268041237103
3178,2498.96907216495,1159.75422680412,0.0,3810.55670103093,-3.83258936462469e-14,0.0,-3.20515952975361e-31,0.0,9149.3666115,2498.96907216495
3179,2474.22680412371,8275.43749484536,0.0,3810.55670103093,2.42205954031681e-13,0.0,-1.39080916103095e-29,0.0,15972.464826,2474.2268041237103
3180,2412.37113402062,6911.60916494846,0.0,3810.55670103093,-6.70140954100875e-14,0.0,2.72085831207771e-30,0.0,21671.0865825,2412.37113402062
3181,2517.52577319588,6802.2815257732,0.0,3810.55670103093,3.91263775445419e-15,0.0,-2.46041953736201e-32,0.0,27279.5677005,2517.52577319588
3182,2455.67010309278,2899.47519587629,0.0,3810.55670103093,1.9996742263098e-13,0.0,2.32421031827943e-30,0.0,29670.1849995,2455.67010309278
3183,2313.40206185567,3515.6712371134,0.0,3810.55670103093,4.4563626665035705e-14,0.0,-1.0315552515362699e-30,0.0,32568.8559345,2313.40206185567
3184,2313.40206185567,4170.8322371134,0.0,3810.55670103093,4.4563626665035705e-14,0.0,-1.0315552515362699e-30,0.0,36007.707114,2313.40206185567
3185,2263.9175257732,1270.87753628477,0.0,412.706937942037,1.0035248770259699e-13,0.0,2.6016425287202897e-30,0.0,37055.5456426668,2263.9175257732
3186,349.62447,0.0,0.0,0.0,2120.11943195876,0.0,1.83180038816722e-14,0.0,34627.0010470668,2469.74390195876
3187,251.82261,0.0,0.0,0.0,2063.83971168385,0.0,-9.36498173024279e-14,0.0,32262.9234850006,2315.66232168385
3188,0.0,0.0,0.0,0.0,2501.71821305842,0.0,2.21790909425906e-14,0.0,29397.2668835591,2501.71821305842
3189,0.0,0.0,0.0,0.0,2426.11683848797,0.0,3.56872164503982e-14,0.0,26618.2097947985,2426.11683848797
3190,0.0,0.0,0.0,0.0,2261.16838487973,0.0,-7.92021232867062e-14,0.0,24028.0970973418,2261.16838487973
3191,0.0,0.0,0.0,0.0,2281.78694158076,0.0,1.33656262842373e-13,0.0,21414.3663509721,2281.78694158076
3192,0.0,0.0,0.0,0.0,2302.40549828179,0.0,1.19140973528221e-13,0.0,18777.0175556894,2302.40549828179
3193,0.0,0.0,0.0,0.0,2371.13402061856,0.0,-1.3494070923659799e-13,0.0,16060.9419306968,2371.13402061856
3194,0.0,0.0,0.0,0.0,2274.91408934708,0.0,6.27034674660135e-14,0.0,13455.0838672981,2274.91408934708
3195,0.0,0.0,0.0,0.0,2295.53264604811,0.0,-1.2143258372878998e-13,0.0,10825.6077549864,2295.53264604811
3196,228.81651,0.0,0.0,0.0,2116.89345395189,0.0,-5.03545765902802e-14,0.0,8400.75843774479,2345.70996395189
3197,235.37358,0.0,0.0,0.0,2095.8621161512,0.0,-1.80904425455439e-13,0.0,6000.0,2331.2356961512
3198,1985.56701030928,483.110288659794,0.0,3810.55670103093,-2.79506489896254e-14,-7.64294306540785e-14,4.11044442150674e-31,0.0,6398.324433,1985.56701030928
3199,2028.86597938144,5405.64231958763,0.0,3810.55670103093,-1.3606548107705101e-14,-7.64294306540785e-14,2.6770845014002404e-31,0.0,10855.2765255,2028.86597938144
3200,1886.59793814433,7152.40936082474,0.0,3810.55670103093,8.36270730854978e-14,-7.64294306540785e-14,2.16803544060024e-30,0.0,16752.4380435,1886.59793814433
3201,1886.59793814433,0.0,0.0,3396.57606185567,8.36270730854978e-14,459.978487972509,2.16803544060024e-30,0.0,16225.5440137491,1886.59793814433
3202,1967.01030927835,5675.25098969072,0.0,3810.55670103093,-7.01891803903265e-14,-7.64294306540785e-14,1.15132684548933e-31,0.0,20904.7884547491,1967.01030927835
3203,2010.30927835052,6338.86602061856,0.0,3810.55670103093,-5.5845079508406205e-14,-7.64294306540785e-14,-1.4055544479776e-30,0.0,26131.1834887491,2010.30927835052
3204,1929.89690721649,9504.64639175258,0.0,3810.55670103093,9.79711739674181e-14,-7.64294306540785e-14,-4.8620562539898396e-30,0.0,33967.7644387491,1929.89690721649
3205,2053.60824742268,1681.86705154639,0.0,3810.55670103093,-4.1500978626485904e-14,-7.64294306540785e-14,2.5831629815594097e-30,0.0,35354.4638227491,2053.60824742268
3206,1905.15463917526,11774.0336597938,0.0,3810.55670103093,1.25865604486199e-13,-7.64294306540785e-14,7.973351760265529e-30,0.0,45062.1545752491,1905.15463917526
3207,1997.9381443299,1659.69315463917,0.0,3810.55670103093,8.44208443305576e-14,-7.64294306540785e-14,-2.68993771458111e-30,0.0,46430.5715812491,1997.9381443299
3208,2059.79381443299,0.0,0.0,3461.98218556701,1.41003476613179e-13,387.305017182131,-3.9147130895059094e-30,0.0,45986.9232225067,2059.79381443299
3209,2220.61855670103,0.0,0.0,1489.52944329897,-1.6662903033847e-13,2578.91917525773,-8.02051860160852e-30,0.0,43032.8348201496,2220.61855670103
3210,1093.1193,0.0,0.0,0.0,1232.158395189,4233.95189003436,-8.262162794780711e-14,0.0,36771.5401062626,2325.277695189
3211,53.33874,0.0,0.0,0.0,2284.37734501718,4233.95189003436,-1.84207533946404e-13,0.0,29304.9544991016,2337.71608501718
3212,0.0,0.0,0.0,0.0,2529.20962199313,4233.95189003436,-9.10041648758531e-14,0.0,21557.9195483256,2529.20962199313
3213,0.0,0.0,0.0,0.0,2467.35395189003,4233.95189003436,6.44095513846744e-14,0.0,13881.7387442885,2467.35395189003
3214,0.0,0.0,0.0,0.0,2426.11683848797,2042.26995125524,3.56872164503982e-14,0.0,8763.31172281858,2426.11683848797
3215,0.0,0.0,0.0,0.0,2412.37113402062,0.0,-1.06218374302322e-13,0.0,6000.0,2412.37113402062
3216,0.0,0.0,0.0,0.0,0.0,0.0,2142.0,0.0,12000.0,2142.0
3217,0.0,0.0,0.0,0.0,0.0,0.0,2124.0,0.0,12000.0,2124.0
3218,0.0,0.0,0.0,0.0,0.0,0.0,2160.0,0.0,12000.0,2160.0
3219,0.0,0.0,0.0,0.0,0.0,0.0,2094.0,0.0,12000.0,2094.0
3220,112.67334,0.0,0.0,0.0,0.0,0.0,2002.7068602,0.0,12000.0,2115.3802002
3221,64.44633,0.0,0.0,0.0,2436.98403195876,0.0,7.072206648210291e-14,0.0,9208.49480875285,2501.4303619587604
3222,2369.07216494845,1140.19853505155,0.0,0.0,1.71279220867139e-13,0.0,-5.653224540794589e-30,0.0,10148.5885009028,2369.07216494845
3223,1884.207,0.0,0.0,0.0,43.8937113402061,0.0,2.03906884504371e-15,0.0,10098.3093355647,1928.1007113402063
3224,1284.1686,0.0,0.0,0.0,758.713010309278,0.0,2.81778387473062e-14,0.0,9229.22226762738,2042.881610309278
3225,1145.9487,0.0,0.0,0.0,919.163529209622,0.0,2.11868985097567e-14,0.0,8176.34308182025,2065.112229209622
3226,2090.72164948454,5562.36535051546,0.0,0.0,4.29760841749162e-14,0.0,-2.3344180653006598e-30,0.0,12762.5133133203,2090.72164948454
3227,2146.39175257732,3006.21024742268,0.0,0.0,1.69691678377019e-13,0.0,4.06272176956811e-30,0.0,15241.1336623203,2146.39175257732
3228,2288.65979381443,4975.90920618557,0.0,0.0,-1.8017935997533e-13,0.0,-5.8484000621997896e-30,0.0,19343.7708028203,2288.65979381443
3229,2369.07216494845,4915.58183505155,0.0,0.0,1.71279220867139e-13,0.0,-5.653224540794589e-30,0.0,23396.6680258203,2369.07216494845
3230,2362.88659793814,6427.63540206186,0.0,0.0,-1.12252343725259e-14,0.0,-5.32699610245165e-31,0.0,28696.2534148203,2362.88659793814
3231,2350.51546391753,7631.84653608247,0.0,0.0,1.29040689466438e-13,0.0,1.05790773877943e-29,0.0,34988.7108838203,2350.51546391753
3232,2209.7322,0.0,0.0,0.0,108.315883161512,0.0,2.9351026199036204e-15,0.0,34864.637707232,2318.048083161512
3233,2301.03092783505,1573.57617216495,0.0,0.0,1.84829550504e-13,0.0,-7.825343080203319e-30,0.0,36162.051261182,2301.03092783505
3234,1130.9415,0.0,0.0,0.0,1361.95503436426,0.0,1.06047704562049e-14,0.0,34601.9653111657,2492.89653436426
3235,128.55726,0.0,0.0,0.0,2406.98677869416,0.0,1.38880883289073e-13,0.0,31844.8212347692,2535.54403869416
3236,0.0,0.0,0.0,0.0,2584.19243986254,0.0,7.96237608111428e-14,0.0,28884.6924376758,2584.19243986254
3237,0.0,0.0,0.0,0.0,2604.81099656357,0.0,-1.04512290383661e-13,0.0,25900.9455916694,2604.81099656357
3238,0.0,0.0,0.0,0.0,2494.84536082474,0.0,-4.8773704433769304e-14,0.0,23043.1616731989,2494.84536082474
3239,0.0,0.0,0.0,0.0,451.999420427731,0.0,1591.40450596659,0.0,22525.4074688143,2043.403926394321
3240,0.0,0.0,0.0,0.0,2522.33676975945,0.0,-1.61956960252213e-13,0.0,19636.1328184599,2522.33676975945
3241,0.0,0.0,0.0,0.0,2522.33676975945,0.0,-1.61956960252213e-13,0.0,16746.8581681054,2522.33676975945
3242,0.0,0.0,0.0,0.0,2508.5910652921,0.0,9.31318863189505e-14,0.0,13873.3288836929,2508.5910652921
3243,0.0,0.0,0.0,0.0,2474.22680412371,0.0,1.35362346761034e-13,0.0,11039.1630141354,2474.22680412371
3244,364.44096,0.0,0.0,0.0,2048.67384742268,0.0,1.5279630689132999e-13,0.0,8692.45757607964,2413.11480742268
3245,0.0,0.0,0.0,0.0,2350.51546391753,0.0,4.9195341958205904e-14,0.0,6000.0,2350.51546391753
3246,2103.09278350515,-1.35164481877729e-13,-3.19582869008735e-13,1819.99521649485,-9.72898396640475e-14,0.0,4.4593697633664e-30,0.0,6000.0,2103.09278350515
3247,2171.13402061856,314.547278350514,0.0,3810.55670103093,-1.10840169300908e-13,-7.64294306540785e-14,-4.3873208213519595e-30,0.0,6259.344231,2171.13402061856
3248,2381.44329896907,3361.518,0.0,3810.55670103093,3.10132970281752e-14,-7.64294306540785e-14,1.14056328787246e-30,0.0,9030.915822,2381.44329896907
3249,2381.44329896907,190.35,0.0,3810.55670103093,3.10132970281752e-14,-7.64294306540785e-14,1.14056328787246e-30,0.0,9187.859397,2381.44329896907
3250,2282.47422680412,2680.99407216495,0.0,3810.55670103093,1.42591019103298e-13,-7.64294306540785e-14,8.40695884838557e-30,0.0,11398.3390095,2282.47422680412
3251,2307.21649484536,3765.56780412371,0.0,3810.55670103093,-1.37940828574629e-13,-7.64294306540785e-14,-4.30837425345009e-32,0.0,14503.049664,2307.21649484536
3252,2381.44329896907,8509.05,0.0,3810.55670103093,3.10132970281752e-14,-7.64294306540785e-14,1.14056328787246e-30,0.0,21518.761389,2381.44329896907
3253,2443.29896907217,6568.87632989691,0.0,3810.55670103093,-1.6504148784835e-13,-7.64294306540785e-14,4.30115333628296e-30,0.0,26934.799923,2443.29896907217
3254,2369.07216494845,6393.73713402062,0.0,3810.55670103093,1.71279220867139e-13,-7.64294306540785e-14,-5.653224540794589e-30,0.0,32206.43619,2369.07216494845
3255,2338.14432989691,2028.23396907216,0.0,3810.55670103093,-2.35968221012892e-13,-7.64294306540785e-14,1.25560204057978e-29,0.0,33878.7150975,2338.1443298969098
3256,2369.07216494845,785.810134020619,0.0,3810.55670103093,1.71279220867139e-13,-7.64294306540785e-14,-5.653224540794589e-30,0.0,34526.615553,2369.07216494845
3257,2288.65979381443,0.0,0.0,3021.58020618557,-1.8017935997533e-13,876.64054982818,-5.8484000621997896e-30,0.0,33522.4453928303,2288.65979381443
3258,430.6536,0.0,0.0,0.0,1995.72280412371,4233.95189003436,-9.03602121054026e-14,0.0,26386.5064533594,2426.37640412371
3259,52.33683,0.0,0.0,0.0,2608.51463333333,4233.95189003436,-9.85939958416301e-14,0.0,18548.6295651948,2660.8514633333302
3260,0.0,0.0,0.0,0.0,2680.41237113402,0.0,-1.18020415891468e-13,0.0,15478.2832065075,2680.41237113402
3261,0.0,0.0,0.0,0.0,2639.17525773196,308.905500449411,-1.46742750825744e-13,0.0,12101.3293025197,2639.17525773196
3262,0.0,0.0,0.0,0.0,2646.04810996564,0.0,-7.57899554493846e-14,0.0,9070.34635868731,2646.04810996564
3263,0.0,0.0,0.0,0.0,2680.41237113402,0.0,-1.18020415891468e-13,0.0,6000.0,2680.41237113402
3264,0.0,0.0,0.0,0.0,0.0,0.0,2280.0,0.0,12000.0,2280.0
3265,0.0,0.0,0.0,0.0,2652.92096219931,0.0,-4.8371600730247e-15,0.0,8961.14437319666,2652.92096219931
3266,0.0,0.0,0.0,0.0,623.048958762887,0.0,1790.078259,0.0,8247.45713520939,2413.127217762887
3267,0.0,0.0,0.0,0.0,0.0,0.0,2394.0,0.0,8247.45713520939,2394.0
3268,271.24305,0.0,0.0,0.0,0.0,0.0,2052.8942415,0.0,8247.45713520939,2324.1372915
3269,714.5853,0.0,0.0,0.0,1962.0300790378,0.0,-5.6768758442448703e-14,0.0,6000.0,2676.6153790378003
3270,2461.85567010309,963.919929896907,0.0,0.0,-1.22802956447649e-13,0.0,1.01064696559482e-29,0.0,6794.7519822,2461.85567010309
3271,2492.78350515464,1873.65649484536,0.0,0.0,-2.20830348885912e-13,0.0,6.679555560264071e-31,0.0,8339.5817622,2492.78350515464
3272,2418.55670103093,4058.21229896907,0.0,0.0,1.15490359829577e-13,0.0,-9.28642232105115e-30,0.0,11685.5778027,2418.55670103093
3273,2406.18556701031,6609.40543298969,0.0,0.0,-2.49518550649752e-13,0.0,-7.309479303047609e-30,0.0,17135.0325822,2406.1855670103096
3274,2418.55670103093,3268.57929896907,0.0,0.0,1.15490359829577e-13,0.0,-9.28642232105115e-30,0.0,19829.9762142,2418.55670103093
3275,2443.29896907217,1708.56303092784,0.0,0.0,-1.6504148784835e-13,0.0,4.30115333628296e-30,0.0,21238.6864332,2443.29896907217
3276,1031.9595,0.0,0.0,0.0,1231.38520618557,0.0,3.65208045248721e-14,0.0,19828.1650057251,2263.34470618557
3277,2177.31958762887,7307.32441237114,0.0,0.0,7.166428593875681e-14,0.0,-5.37579233035373e-30,0.0,25853.0539837251,2177.31958762887
3278,2319.58762886598,2307.99637113402,0.0,0.0,2.27068081904701e-13,0.0,-2.02002676053804e-30,0.0,27755.9969917251,2319.58762886598
3279,2288.65979381443,5046.03120618557,0.0,0.0,-1.8017935997533e-13,0.0,-5.8484000621997896e-30,0.0,31916.4497212251,2288.65979381443
3280,2282.47422680412,1595.14757319588,0.0,0.0,1.42591019103298e-13,0.0,8.40695884838557e-30,0.0,33231.6488953251,2282.47422680412
3281,2108.7651,0.0,0.0,0.0,323.594333333333,0.0,9.38554893063307e-15,0.0,32860.9795558826,2432.359433333333
3282,345.91596,0.0,0.0,0.0,2124.23999862543,0.0,6.561904797064499e-14,0.0,30427.7149526461,2470.15595862543
3283,95.2653,0.0,0.0,0.0,2395.86787972509,0.0,-8.57840591810709e-14,0.0,27683.3073011856,2491.13317972509
3284,0.0,0.0,0.0,0.0,2556.70103092783,0.0,1.92807016629586e-13,0.0,24754.6692359761,2556.70103092783
3285,0.0,0.0,0.0,0.0,2549.82817869416,0.0,1.21854221253227e-13,0.0,21833.9038537377,2549.82817869416
3286,0.0,0.0,0.0,0.0,2632.30240549828,0.0,1.79298891121779e-13,0.0,18818.6662758473,2632.30240549828
3287,0.0,0.0,0.0,0.0,838.979858127425,0.0,1577.57058385476,0.0,17857.6355105238,2416.550441982185
3288,0.0,0.0,0.0,0.0,0.0,0.0,2292.0,0.0,17857.6355105238,2292.0
3289,0.0,0.0,0.0,0.0,2611.68384879725,0.0,-3.35594950073008e-14,0.0,14866.0159815464,2611.68384879725
3290,0.0,0.0,0.0,0.0,2570.44673539519,0.0,-6.22818299415769e-14,0.0,11921.632550395,2570.44673539519
3291,0.0,0.0,0.0,0.0,2618.55670103093,0.0,3.73933003690591e-14,0.0,8922.14033844664,2618.55670103093
3292,394.7658,0.0,0.0,0.0,2111.19951202749,0.0,-7.16369272874663e-15,0.0,6503.81329145066,2505.96531202749
3293,2059.824,0.0,0.0,0.0,439.829003436426,0.0,-5.81254332943284e-15,0.0,6000.0,2499.653003436426
3294,2437.11340206186,332.097896907217,0.0,3810.55670103093,1.57728891230278e-13,-1.57728891230278e-13,-3.4811060013858595e-30,0.0,6273.814716,2437.11340206186
3295,2424.74226804124,5243.80503092784,-9.09494701772928e-13,3810.55670103093,-2.07280019249051e-13,2.07280019249051e-13,-1.5041629833823198e-30,0.0,10597.331964,2424.74226804124
3296,2437.11340206186,9003.78689690722,0.0,3810.55670103093,1.57728891230278e-13,-1.57728891230278e-13,-3.4811060013858595e-30,0.0,18020.9542605,2437.11340206186
3297,2517.52577319588,11783.4785257732,0.0,3810.55670103093,3.91263775445419e-15,-3.91263775445419e-15,-2.46041953736201e-32,0.0,27736.432305,2517.52577319588
3298,2437.11340206186,10105.4198969072,0.0,3810.55670103093,1.57728891230278e-13,-1.57728891230278e-13,-3.4811060013858595e-30,0.0,36068.35101,2437.11340206186
3299,2387.62886597938,9587.53243298969,0.0,3810.55670103093,2.1351775226784e-13,-2.1351775226784e-13,1.52091778870695e-31,0.0,43973.271501,2387.62886597938
3300,2554.63917525773,9487.99212371134,0.0,3810.55670103093,8.83897005558564e-14,-8.83897005558564e-14,-4.94218524223368e-30,0.0,51796.121007,2554.63917525773
3301,2573.19587628866,5942.43142268041,-9.09494701772928e-13,3810.55670103093,1.30628231956557e-13,-1.30628231956557e-13,8.631310774316031e-31,0.0,56695.655715,2573.19587628866
3302,2783.50515463918,5881.6481443299,0.0,3810.55670103093,-2.32793136032653e-13,2.32793136032653e-13,-6.87587221492756e-30,0.0,61545.07461,2783.50515463918
3303,2820.61855670103,3901.47674226804,0.0,3810.55670103093,-1.48316073231251e-13,1.48316073231251e-13,4.73476042440301e-30,0.0,64761.842184,2820.61855670103
3304,2808.24742268041,1378.88687628866,0.0,3810.55670103093,-8.05014939228682e-15,8.05014939228682e-15,-6.81676263748158e-31,0.0,65898.7344135,2808.24742268041
3305,2455.67010309278,0.0,0.0,1904.13989690722,1.9996742263098e-13,2118.24089347079,2.32421031827943e-30,0.0,63472.3416374739,2455.67010309278
3306,1726.4169,0.0,0.0,-7.475724160666341e-14,631.587178694158,4233.95189003436,3.67059044114167e-14,0.0,57898.9864613817,2358.004078694158
3307,119.4336,0.0,0.0,-7.475724160666341e-14,2513.34410996564,4233.95189003436,-1.53787482108986e-13,0.0,50170.1250639017,2632.77770996564
3308,0.0,0.0,0.0,0.0,2673.53951890034,4233.95189003436,-1.88973211267828e-13,0.0,42257.7637707348,2673.53951890034
3309,0.0,0.0,0.0,0.0,2570.44673539519,4233.95189003436,-6.22818299415769e-14,0.0,34463.4927221328,2570.44673539519
3310,0.0,0.0,0.0,0.0,2673.53951890034,4233.95189003436,-1.88973211267828e-13,0.0,26551.1314289659,2673.53951890034
3311,0.0,0.0,0.0,0.0,2680.41237113402,4233.95189003436,-1.18020415891468e-13,0.0,18630.897452828,2680.41237113402
3312,0.0,0.0,0.0,0.0,0.0,0.0,2448.0,0.0,12000.0,2448.0
3313,0.0,0.0,0.0,0.0,0.0,0.0,2508.0,0.0,12000.0,2508.0
3314,0.0,0.0,0.0,0.0,0.0,0.0,2532.0,0.0,12000.0,2532.0
3315,0.0,0.0,0.0,0.0,0.0,0.0,2568.0,0.0,12000.0,2568.0
3316,0.0,0.0,0.0,0.0,0.0,0.0,2430.0,0.0,12000.0,2430.0
3317,82.47369,0.0,0.0,0.0,2149.85674914089,0.0,473.1755787,0.0,9537.39203993025,2705.50601784089
3318,416.949,0.0,0.0,0.0,2498.92264604811,0.0,1.36770457441401e-13,0.0,6674.93769165063,2915.87164604811
3319,2067.6396,0.0,0.0,0.0,589.220604810997,0.0,-4.19269586074993e-14,0.0,6000.0,2656.860204810997
3320,2554.63917525773,1061.24192474227,0.0,0.0,8.83897005558564e-14,0.0,-4.94218524223368e-30,0.0,6874.99396695,2554.63917525773
3321,2727.83505154639,358.102348453609,0.0,0.0,1.45766104083537e-13,0.0,1.10126844759144e-29,0.0,7170.24935325,2727.83505154639
3322,2684.53608247423,1187.30981752577,0.0,0.0,-1.2121541395753e-13,0.0,3.90523345585547e-31,0.0,8149.1862978,2684.53608247423
3323,2703.09278350515,1892.47221649485,0.0,0.0,-7.89768825568285e-14,0.0,-4.822969458876259e-30,0.0,9709.5296403,2703.09278350515
3324,2672.16494845361,3379.69905154639,0.0,0.0,1.90505098814342e-14,0.0,-8.938599210179621e-31,0.0,12496.0915083,2672.16494845361
3325,2610.30927835052,2389.33472164948,0.0,0.0,2.1510529475795998e-13,0.0,-9.563854531492008e-30,0.0,14466.0979863,2610.30927835052
3326,2653.60824742268,6069.63875257732,0.0,0.0,-2.3188021519266902e-14,0.0,-1.1897716786196999e-30,0.0,19470.5151378,2653.60824742268
3327,2653.60824742268,6230.31875257732,0.0,0.0,-2.3188021519266902e-14,0.0,-1.1897716786196999e-30,0.0,24607.4129493,2653.60824742268
3328,2579.38144329897,7385.93755670103,0.0,0.0,-1.92142147122071e-13,0.0,8.645390415100429e-30,0.0,30697.1184648,2579.38144329897
3329,2425.371,0.0,0.0,0.0,191.741271477663,0.0,6.138629642787061e-15,0.0,30477.4835604728,2617.112271477663
3330,49.17432,0.0,0.0,0.0,2818.21410034364,0.0,-1.50027295469648e-14,0.0,27249.2887147183,2867.38842034364
3331,409.7574,0.0,0.0,0.0,2355.71056357388,0.0,-1.29511138589369e-13,0.0,24550.8802799258,2765.46796357388
3332,0.0,0.0,0.0,0.0,2824.74226804124,0.0,1.8100497504044e-13,0.0,21315.2075788476,2824.74226804124
3333,0.0,0.0,0.0,0.0,2687.2852233677,0.0,-4.70676205151085e-14,0.0,18236.9885371893,2687.2852233677
3334,0.0,0.0,0.0,0.0,2804.12371134021,0.0,-3.185341108864e-14,0.0,15024.9338850241,2804.12371134021
3335,0.0,0.0,0.0,0.0,0.0,0.0,2400.0,0.0,15024.9338850241,2400.0
3336,0.0,0.0,0.0,0.0,2487.76903935803,0.0,162.177628640439,0.0,12175.2557185201,2649.946667998469
3337,0.0,0.0,0.0,0.0,0.0,0.0,2454.0,0.0,12175.2557185201,2454.0
3338,0.0,0.0,0.0,0.0,0.0,0.0,2400.0,0.0,12175.2557185201,2400.0
3339,0.0,0.0,0.0,0.0,2776.6323024055,0.0,8.13298447298036e-14,0.0,8994.69179823888,2776.6323024055
3340,255.83415,0.0,0.0,0.0,2203.7123419244,0.0,2.71066943858578e-14,0.0,6470.39358297611,2459.5464919244
3341,2117.0097,0.0,0.0,0.0,410.653597938144,0.0,2.3864738803670602e-14,0.0,6000.0,2527.663297938144
3342,2486.59793814433,115.966360824743,0.0,3810.55670103093,1.01940030192717e-13,-1.01940030192717e-13,3.90450534248468e-30,0.0,6095.6142645,2486.59793814433
3343,2449.48453608247,4848.3677628866,0.0,3810.55670103093,1.74629673913147e-14,-1.74629673913147e-14,5.5797954624942105e-31,0.0,10093.093485,2449.48453608247
3344,2344.32989690722,8718.42640206186,0.0,3810.55670103093,-5.3463765773226904e-14,5.3463765773226904e-14,5.48739772668981e-31,0.0,17281.4360535,2344.32989690722
3345,2567.01030927835,11380.8489896907,0.0,3810.55670103093,-5.18762232831074e-14,5.18762232831074e-14,1.85160258643337e-30,0.0,26664.9460455,2567.01030927835
3346,2529.8969072165,13460.6263917526,0.0,3810.55670103093,-1.3635328608451e-13,1.3635328608451e-13,-9.7590300528972e-30,0.0,37763.2325055,2529.8969072165
3347,2542.26804123711,14178.920257732,-1.81898940354586e-12,3810.55670103093,2.2865562439482e-13,-2.2865562439482e-13,1.0301645177353399e-29,0.0,49453.752258,2542.2680412371105
3348,2622.68041237113,13843.9548865979,0.0,3810.55670103093,7.48393709189958e-14,-7.48393709189958e-14,-2.77006670282495e-30,0.0,60868.093062,2622.68041237113
3349,2536.0824742268,12951.6918247423,0.0,3810.55670103093,4.6151169155155304e-14,-4.6151169155155304e-14,2.7130756222812103e-31,0.0,71546.7629715,2536.0824742268
3350,2622.68041237113,10737.8388865979,0.0,3810.55670103093,7.48393709189958e-14,-7.48393709189958e-14,-2.77006670282495e-30,0.0,80400.1111335,2622.68041237113
3351,2579.38144329897,7794.6348556701,0.0,3810.55670103093,-1.92142147122071e-13,1.92142147122071e-13,8.645390415100429e-30,0.0,86826.787572,2579.38144329897
3352,2511.34020618557,3928.04409278351,0.0,3810.55670103093,-1.78591817485211e-13,1.78591817485211e-13,6.473271875691689e-30,0.0,90065.4599265,2511.34020618557
3353,2468.0412371134,0.0,0.0,3007.3247628866,5.97014987920158e-14,892.479931271478,-1.90081097718061e-30,0.0,89043.1461449748,2468.0412371134
3354,1532.2125,0.0,0.0,-7.475724160666341e-14,1067.30111683849,4233.95189003436,-3.63028698358674e-14,0.0,82970.6913833794,2599.51361683849
3355,461.0892,0.0,0.0,-7.475724160666341e-14,2319.29378694158,4233.95189003436,1.0734754203223999e-13,0.0,75464.1098519063,2780.38298694158
3356,0.0,0.0,0.0,0.0,2982.81786941581,4233.95189003436,-1.72052917922699e-13,0.0,67197.4778250447,2982.81786941581
3357,0.0,0.0,0.0,0.0,2879.72508591065,4233.95189003436,-4.53615365964477e-14,0.0,59048.936042748,2879.72508591065
3358,0.0,0.0,0.0,0.0,2975.94501718213,4233.95189003436,1.5398872402482399e-13,0.0,50790.1766988574,2975.94501718213
3359,0.0,0.0,0.0,0.0,2941.58075601375,4233.95189003436,1.96219184466908e-13,0.0,42570.7807698218,2941.58075601375
3360,0.0,0.0,0.0,0.0,0.0,0.0,2430.0,0.0,12000.0,2430.0
3361,0.0,0.0,0.0,0.0,0.0,0.0,2490.0,0.0,12000.0,2490.0
3362,0.0,0.0,0.0,0.0,0.0,0.0,2436.0,0.0,12000.0,2436.0
3363,0.0,0.0,0.0,0.0,2536.48398316151,0.0,179.6494827,0.0,9094.52006510709,2716.13346586151
3364,318.77469,0.0,0.0,0.0,2271.2354532646,0.0,-6.0539599194583e-14,0.0,6492.87578874443,2590.0101432646
3365,2142.6444,0.0,0.0,0.0,430.280563573883,0.0,-2.27688435864091e-14,0.0,6000.0,2572.924963573884
3366,2554.63917525773,247.527123711341,0.0,3810.55670103093,8.83897005558564e-14,0.0,-4.94218524223368e-30,0.0,6204.0861135,2554.63917525773
3367,2529.8969072165,4962.95539175258,0.0,3810.55670103093,-1.3635328608451e-13,0.0,-9.7590300528972e-30,0.0,10296.042834,2529.8969072165
3368,2567.01030927835,8515.71398969072,0.0,3810.55670103093,-5.18762232831074e-14,0.0,1.85160258643337e-30,0.0,17317.2490185,2567.01030927835
3369,2548.45360824742,11312.6306907216,0.0,3810.55670103093,-9.41147546838085e-14,0.0,-3.9537137332319194e-30,0.0,26644.513023,2548.45360824742
3370,2591.75257731959,12770.1687216495,0.0,3810.55670103093,1.72866763357259e-13,-7.64294306540785e-14,6.66844739709689e-30,0.0,37173.517134,2591.75257731959
3371,2548.45360824742,13428.5756907217,0.0,3810.55670103093,-9.41147546838085e-14,-7.64294306540785e-14,-3.9537137332319194e-30,0.0,48245.377791,2548.45360824742
3372,2597.9381443299,13227.9271546392,0.0,3810.55670103093,-1.4990361572137e-13,-7.64294306540785e-14,-7.58691151348847e-30,0.0,59151.80373,2597.9381443299
3373,2529.8969072165,12557.9713917526,0.0,3810.55670103093,-1.3635328608451e-13,-7.64294306540785e-14,-9.7590300528972e-30,0.0,69505.8511425,2529.8969072165
3374,2647.42268041237,10553.3526185567,0.0,3810.55670103093,-2.05692476758932e-13,-7.64294306540785e-14,1.08175089545092e-29,0.0,78207.0903765,2647.42268041237
3375,2554.63917525773,7841.72412371134,0.0,3810.55670103093,8.83897005558564e-14,-7.64294306540785e-14,-4.94218524223368e-30,0.0,84672.5919165,2554.63917525773
3376,2393.81443298969,4064.28986597938,0.0,3810.55670103093,-1.09252626810789e-13,-7.64294306540785e-14,-3.0844580075875697e-30,0.0,88023.598911,2393.81443298969
3377,2276.28865979381,0.0,0.0,3243.92734020619,-3.99134361363664e-14,629.588178694158,-1.6233787667397498e-30,0.0,87302.4211576275,2276.28865979381
3378,1481.8947,0.0,0.0,-7.475724160666341e-14,930.769920962199,4233.95189003436,2.9039347299470104e-15,0.0,81386.3595184562,2412.664620962199
3379,450.2394,0.0,0.0,0.0,2015.19791752577,4233.95189003436,-7.12262286172813e-14,0.0,74228.1123162109,2465.43731752577
3380,0.0,0.0,0.0,0.0,2515.46391752577,4233.95189003436,1.6408468169530998e-13,0.0,66496.8227313769,2515.46391752577
3381,0.0,0.0,0.0,0.0,2584.19243986254,4233.95189003436,7.96237608111428e-14,0.0,58686.8063168329,2584.19243986254
3382,0.0,0.0,0.0,0.0,2460.48109965636,4233.95189003436,-6.543243991685521e-15,0.0,51018.4981957668,2460.48109965636
3383,0.0,0.0,0.0,0.0,2384.87972508591,348.376973014346,6.96488151612213e-15,0.0,47887.6199619749,2384.87972508591
3384,0.0,0.0,0.0,0.0,2240.54982817869,0.0,1.04933927908097e-13,0.0,45321.1253134312,2240.54982817869
3385,0.0,0.0,0.0,0.0,2343.64261168385,4233.95189003436,1.47863308462497e-13,0.0,37786.652802872,2343.64261168385
3386,0.0,0.0,0.0,0.0,2309.27835051546,4233.95189003436,2.04730070239298e-14,0.0,30291.5437071677,2309.27835051546
3387,0.0,0.0,0.0,0.0,2226.80412371134,4233.95189003436,-3.69716628446225e-14,0.0,22890.9068071153,2226.80412371134
3388,435.5871,0.0,0.0,0.0,1742.81845704467,4233.95189003436,-3.30565469094696e-14,0.0,16044.6635687659,2178.40555704467
3389,0.0,0.0,0.0,0.0,2268.0412371134,4233.95189003436,-8.249327910346331e-15,0.0,8596.79057088761,2268.0412371134
3390,2109.27835051546,0.0,0.0,1770.25834948454,-1.75236329949276e-13,2266.99816838488,-4.12256449085085e-31,0.0,6000.0,2109.27835051546
3391,2208.24742268041,3135.11987628866,4.54747350886464e-13,3810.55670103093,-2.6363106499505902e-14,2.6363106499505902e-14,-1.0407950251167099e-30,0.0,8584.906338,2208.24742268041
3392,2536.0824742268,8173.48982474227,9.09494701772928e-13,3810.55670103093,4.6151169155155304e-14,-4.6151169155155304e-14,2.7130756222812103e-31,0.0,15323.9486985,2536.0824742268
3393,2492.78350515464,10833.1037938144,0.0,3810.55670103093,-2.20830348885912e-13,2.20830348885912e-13,6.679555560264071e-31,0.0,24255.8427765,2492.78350515464
3394,2474.22680412371,12936.7564948454,0.0,3810.55670103093,2.42205954031681e-13,-2.42205954031681e-13,-1.39080916103095e-29,0.0,34922.1985065,2474.2268041237103
3395,2381.44329896907,13974.081,0.0,3810.55670103093,3.10132970281752e-14,-3.10132970281752e-14,1.14056328787246e-30,0.0,46443.828291,2381.44329896907
3396,2474.22680412371,13911.0154948454,0.0,3810.55670103093,2.42205954031681e-13,-2.42205954031681e-13,-1.39080916103095e-29,0.0,57913.4605665,2474.2268041237103
3397,2505.15463917526,12815.6216597938,-1.81898940354586e-12,3810.55670103093,1.44178561593418e-13,-1.44178561593418e-13,-1.3089874619771299e-30,0.0,68479.940625,2505.15463917526
3398,2517.52577319588,10817.6825257732,0.0,3810.55670103093,3.91263775445419e-15,-3.91263775445419e-15,-2.46041953736201e-32,0.0,77399.1198675,2517.52577319588
3399,2567.01030927835,4846.59398969072,0.0,3810.55670103093,-5.18762232831074e-14,5.18762232831074e-14,1.85160258643337e-30,0.0,81395.136612,2567.01030927835
3400,2511.34020618557,1248.1200927835,0.0,3810.55670103093,-1.78591817485211e-13,1.78591817485211e-13,6.473271875691689e-30,0.0,82424.2116285,2511.34020618557
3401,2412.37113402062,0.0,0.0,2814.83786597938,-6.70140954100875e-14,1106.35426116839,2.72085831207771e-30,0.0,81156.9100693151,2412.37113402062
3402,2210.3718,0.0,0.0,-7.475724160666341e-14,258.807965635739,4233.95189003436,2.0980209508599997e-14,0.0,76010.5643010791,2469.179765635739
3403,171.25017,0.0,0.0,-7.475724160666341e-14,2634.46430137457,4233.95189003436,-1.81311917832661e-13,0.0,68142.9627072544,2805.7144713745697
3404,0.0,0.0,0.0,0.0,2776.6323024055,4233.95189003436,8.13298447298036e-14,0.0,60112.5111695226,2776.6323024055
3405,0.0,0.0,0.0,0.0,2776.6323024055,4233.95189003436,8.13298447298036e-14,0.0,52082.0596317908,2776.6323024055
3406,0.0,0.0,0.0,0.0,2577.31958762887,4233.95189003436,8.670965434782951e-15,0.0,44279.9159002178,2577.31958762887
3407,0.0,0.0,0.0,0.0,2701.03092783505,4233.95189003436,9.48379702376113e-14,0.0,36336.0638751669,2701.03092783505
3408,0.0,0.0,0.0,0.0,0.0,0.0,2262.0,0.0,12000.0,2262.0
3409,0.0,0.0,0.0,0.0,0.0,0.0,2226.0,0.0,12000.0,2226.0
3410,0.0,0.0,0.0,0.0,0.0,0.0,2256.0,0.0,12000.0,2256.0
3411,0.0,0.0,0.0,0.0,0.0,0.0,2208.0,0.0,12000.0,2208.0
3412,73.21197,0.0,0.0,0.0,0.0,0.0,2064.9843891,0.0,12000.0,2138.1963591
3413,0.0,0.0,0.0,0.0,0.0,0.0,2082.0,0.0,12000.0,2082.0
3414,983.2524,0.0,0.0,0.0,0.0,0.0,1218.245172,0.0,12000.0,2201.497572
3415,952.8987,0.0,0.0,0.0,0.0,0.0,1391.688261,0.0,12000.0,2344.586961
3416,945.0675,0.0,0.0,0.0,0.0,0.0,1399.284525,0.0,12000.0,2344.352025
3417,815.3145,0.0,0.0,0.0,0.0,0.0,1555.144935,0.0,12000.0,2370.459435
3418,2474.22680412371,1328.58519587629,0.0,0.0,0.0,0.0,2.11445797869657e-13,0.0,13095.418494,2474.22680412371
3419,2075.1393,0.0,0.0,0.0,0.0,0.0,291.114879,0.0,13095.418494,2366.254179
3420,2381.44329896907,106.854201030927,0.0,0.0,0.0,0.0,2.7074608305596998e-14,0.0,13183.51978275,2381.44329896907
3421,1800.5598,0.0,0.0,0.0,0.0,0.0,569.456994,0.0,13183.51978275,2370.016794
3422,2424.74226804124,572.809431958763,0.0,0.0,0.0,0.0,-1.80955456804422e-13,0.0,13655.8011594,2424.74226804124
3423,1599.0078,0.0,0.0,0.0,0.0,0.0,836.962434,0.0,13655.8011594,2435.9702340000003
3424,2455.67010309278,1499.67089690722,0.0,0.0,0.0,0.0,1.74571559956845e-13,0.0,14892.2798139,2455.67010309278
3425,51.38367,0.0,0.0,0.0,0.0,0.0,2338.1578401,0.0,14892.2798139,2389.5415101000003
3426,988.5135,0.0,0.0,0.0,0.0,0.0,1411.141905,0.0,14892.2798139,2399.655405
3427,55.51884,0.0,0.0,0.0,0.0,0.0,2400.1467252,0.0,14892.2798139,2455.6655652000004
3428,0.0,0.0,0.0,0.0,0.0,0.0,2598.0,0.0,14892.2798139,2598.0
3429,0.0,0.0,0.0,0.0,0.0,0.0,2340.0,0.0,14892.2798139,2340.0
3430,0.0,0.0,0.0,0.0,0.0,0.0,2418.0,0.0,14892.2798139,2418.0
3431,0.0,0.0,0.0,0.0,0.0,0.0,2466.0,0.0,14892.2798139,2466.0
3432,0.0,0.0,0.0,0.0,0.0,0.0,2418.0,0.0,14892.2798139,2418.0
3433,0.0,0.0,0.0,0.0,382.125256916145,0.0,2120.40465071221,0.0,14454.5647429766,2502.529907628355
3434,0.0,0.0,0.0,0.0,2646.04810996564,0.0,-7.57899554493846e-14,0.0,11423.5817991442,2646.04810996564
3435,0.0,0.0,0.0,0.0,2611.68384879725,0.0,-3.35594950073008e-14,0.0,8431.96227016686,2611.68384879725
3436,458.1447,0.0,0.0,0.0,1951.43143298969,0.0,-8.680091057835131e-14,0.0,6196.64562298508,2409.57613298969
3437,2233.1244,0.0,0.0,0.0,171.671628865979,0.0,-3.9867280519239406e-15,0.0,6000.0,2404.796028865979
3438,2400.0,722.480121736784,0.0,3395.55087826322,7.32518284288763e-14,0.0,-4.07292951658934e-30,0.0,6595.68486037198,2400.0
3439,2505.15463917526,4765.43665979382,0.0,3810.55670103093,1.44178561593418e-13,0.0,-1.3089874619771299e-30,0.0,10524.787386372,2505.15463917526
3440,2579.38144329897,931.414855670103,0.0,3810.55670103093,-1.92142147122071e-13,0.0,8.645390415100429e-30,0.0,11292.738934872,2579.38144329897
3441,2461.85567010309,0.0,0.0,635.746629896907,-1.22802956447649e-13,0.0,1.01064696559482e-29,0.0,11292.738934872,2461.85567010309
3442,2548.45360824742,5106.87269072165,0.0,3810.55670103093,-9.41147546838085e-14,0.0,-3.9537137332319194e-30,0.0,15503.355468372,2548.45360824742
3443,2536.0824742268,4274.62082474227,0.0,3810.55670103093,4.6151169155155304e-14,0.0,2.7130756222812103e-31,0.0,19027.780338372,2536.0824742268
3444,549.12,0.0,0.0,0.0,2221.48178694158,0.0,5.98800685248719e-14,0.0,16483.127661463,2770.60178694158
3445,2443.29896907217,0.0,0.0,743.734230927835,-1.6504148784835e-13,0.0,4.30115333628296e-30,0.0,16483.127661463,2443.29896907217
3446,2604.12371134021,7107.12658762887,0.0,3810.55670103093,3.26008395182947e-14,0.0,2.4434261016368497e-30,0.0,22342.953532963,2604.12371134021
3447,2579.38144329897,0.0,0.0,989.496856701031,-1.92142147122071e-13,0.0,8.645390415100429e-30,0.0,22342.953532963,2579.38144329897
3448,2529.8969072165,0.0,0.0,1280.6136927835,-1.3635328608451e-13,0.0,-9.7590300528972e-30,0.0,22342.953532963,2529.8969072165
3449,2498.96907216495,1077.15152783505,0.0,0.0,-3.83258936462469e-14,0.0,-3.20515952975361e-31,0.0,23231.064967663,2498.96907216495
3450,901.368,0.0,0.0,0.0,1891.95079037801,0.0,8.590374261491021e-15,0.0,21063.8819317202,2793.31879037801
3451,15.854358,0.0,0.0,0.0,2862.10913257732,0.0,-1.29975836080516e-13,0.0,17785.4064075767,2877.96349057732
3452,0.0,0.0,0.0,0.0,2797.25085910653,0.0,-1.02806206465e-13,0.0,14581.2244383825,2797.25085910653
3453,0.0,0.0,0.0,0.0,2687.2852233677,0.0,-4.70676205151085e-14,0.0,11503.0053967242,2687.2852233677
3454,0.0,0.0,0.0,0.0,2474.22680412371,0.0,1.35362346761034e-13,0.0,8668.83952716666,2474.22680412371
3455,0.0,0.0,0.0,0.0,2329.89690721649,0.0,5.9577177097773706e-15,0.0,6000.0,2329.89690721649
3456,0.0,0.0,0.0,0.0,0.0,0.0,1866.0,0.0,12000.0,1866.0
3457,0.0,0.0,0.0,0.0,0.0,0.0,1998.0,0.0,12000.0,1998.0
3458,0.0,0.0,0.0,0.0,0.0,0.0,2028.0,0.0,12000.0,2028.0
3459,0.0,0.0,0.0,0.0,216.535896219932,0.0,1778.9641626,0.0,11751.9634636656,1995.500058819932
3460,458.5698,0.0,0.0,0.0,1703.53641924399,0.0,-1.97613229025964e-15,0.0,9800.60444964042,2162.10621924399
3461,308.52822,0.0,0.0,0.0,2021.45203505155,0.0,-8.91473200139439e-15,0.0,7485.0809272446,2329.98025505155
3462,954.8214,0.0,0.0,0.0,1296.47564948454,0.0,3.3907944273687e-14,0.0,6000.0,2251.2970494845404
3463,2146.39175257732,2.35752138825529e-13,2.18995212060935e-13,2675.29524742268,1.69691678377019e-13,0.0,4.06272176956811e-30,0.0,6000.0,2146.39175257732
3464,2158.76288659794,4.08811123518307e-14,-4.08811123518307e-14,2276.08311340206,2.94257545380557e-14,0.0,-1.6229952589192702e-31,0.0,6000.0,2158.76288659794
3465,2195.87628865979,2049.32901030928,0.0,3810.55670103093,1.13902817339458e-13,-7.64294306540785e-14,4.29523989311555e-31,0.0,7689.671769,2195.87628865979
3466,2183.50515463918,2638.0031443299,0.0,3810.55670103093,-2.51106093139872e-13,-7.64294306540785e-14,-1.96311512409391e-29,0.0,9864.7053615,2183.50515463918
3467,2072.16494845361,4724.26435051546,0.0,3810.55670103093,2.45561441567615e-13,-7.64294306540785e-14,1.2439983131679299e-30,0.0,13759.8613185,2072.1649484536106
3468,2214.43298969072,7529.92830927835,0.0,3810.55670103093,1.56141348740159e-13,-7.64294306540785e-14,6.2348403089768394e-30,0.0,19968.2872095,2214.43298969072
3469,2263.9175257732,12772.5097731959,0.0,3810.55670103093,1.0035248770259699e-13,-7.64294306540785e-14,2.6016425287202897e-30,0.0,30499.2215175,2263.9175257732
3470,2313.40206185567,10677.8652371134,0.0,3810.55670103093,4.4563626665035705e-14,-7.64294306540785e-14,-1.0315552515362699e-30,0.0,39303.1214055,2313.40206185567
3471,2270.10309278351,7689.96720618557,0.0,3810.55670103093,-2.22417891376031e-13,-7.64294306540785e-14,1.03839018663891e-29,0.0,45643.499367,2270.10309278351
3472,2288.65979381443,1028.15050515464,0.0,3810.55670103093,-1.8017935997533e-13,-7.64294306540785e-14,-5.8484000621997896e-30,0.0,46491.2094585,2288.65979381443
3473,2208.24742268041,0.0,0.0,3328.23157731959,-2.6363106499505902e-14,535.916804123712,-1.0407950251167099e-30,0.0,45877.3299577856,2208.24742268041
3474,1058.9397,0.0,0.0,0.0,1338.86425085911,0.0,8.744763581452561e-15,0.0,44343.693931601,2397.80395085911
3475,634.023,0.0,0.0,0.0,1989.68807560137,0.0,-4.19630894370227e-15,0.0,42064.5552424815,2623.71107560137
3476,0.0,0.0,0.0,0.0,2742.26804123711,0.0,1.23560305171887e-13,0.0,38923.3547370552,2742.26804123711
3477,0.0,0.0,0.0,0.0,2597.9381443299,0.0,-1.7546508576002099e-13,0.0,35947.4805740198,2597.9381443299
3478,0.0,0.0,0.0,0.0,2694.15807560137,0.0,2.3885174861251402e-14,0.0,32861.3888493905,2694.15807560137
3479,0.0,0.0,0.0,0.0,2577.31958762887,0.0,8.670965434782951e-15,0.0,29909.1327352681,2577.31958762887
3480,0.0,0.0,0.0,0.0,2694.15807560137,0.0,2.3885174861251402e-14,0.0,26823.0410106388,2694.15807560137
3481,0.0,0.0,0.0,0.0,2859.10652920962,0.0,1.38774514598356e-13,0.0,23548.0048947057,2859.10652920962
3482,0.0,0.0,0.0,0.0,2680.41237113402,0.0,-1.18020415891468e-13,0.0,20477.6585360184,2680.41237113402
3483,0.0,0.0,0.0,0.0,2714.77663230241,0.0,-1.60250876333552e-13,0.0,17367.9487624761,2714.77663230241
3484,472.6878,0.0,0.0,0.0,2010.87380756014,3504.84349644576,-9.647238775379181e-14,0.0,11049.8304302815,2483.56160756014
3485,2267.6472,0.0,0.0,0.0,174.550075601375,4233.95189003436,-5.317435246607661e-15,0.0,6000.0,2442.1972756013747
3486,2542.26804123711,110.723257731959,0.0,3810.55670103093,2.2865562439482e-13,-2.2865562439482e-13,1.0301645177353399e-29,0.0,6091.291326,2542.2680412371105
3487,2560.82474226804,4542.06655670103,0.0,3810.55670103093,-2.34380678522772e-13,2.34380678522772e-13,-1.9197544152819e-29,0.0,9836.225202,2560.82474226804
3488,2585.56701030928,7982.8642886598,0.0,3810.55670103093,-9.637691882406331e-15,9.637691882406331e-15,-6.07187936996662e-31,0.0,16418.096808,2585.56701030928
3489,2585.56701030928,10398.5632886598,0.0,3810.55670103093,-9.637691882406331e-15,9.637691882406331e-15,-6.07187936996662e-31,0.0,24991.7122395,2585.56701030928
3490,2604.12371134021,11717.5115876289,0.0,3810.55670103093,3.26008395182947e-14,-3.26008395182947e-14,2.4434261016368497e-30,0.0,34652.8005435,2604.12371134021
3491,2579.38144329897,12476.7798556701,0.0,3810.55670103093,-1.92142147122071e-13,1.92142147122071e-13,8.645390415100429e-30,0.0,44939.9055345,2579.38144329897
3492,2684.53608247423,12245.7722164948,0.0,3810.55670103093,-1.2121541395753e-13,1.2121541395753e-13,3.90523345585547e-31,0.0,55036.544727,2684.53608247423
3493,2622.68041237113,11493.1908865979,0.0,3810.55670103093,7.48393709189958e-14,-7.48393709189958e-14,-2.77006670282495e-30,0.0,64512.680613,2622.68041237113
3494,2839.17525773196,9717.90504123712,0.0,3810.55670103093,-1.0607754183054899e-13,1.0607754183054899e-13,-4.78732380058795e-31,0.0,72525.0933195,2839.17525773196
3495,2721.64948453608,7234.32581443299,0.0,3810.55670103093,-3.67383511561274e-14,3.67383511561274e-14,9.82346860789029e-31,0.0,78489.7949535,2721.64948453608
3496,2585.56701030928,3659.24628865979,0.0,3810.55670103093,-9.637691882406331e-15,9.637691882406331e-15,-6.07187936996662e-31,0.0,81506.8435185,2585.56701030928
3497,2548.45360824742,0.0,0.0,2973.47839175258,-9.41147546838085e-14,930.087010309278,-3.9537137332319194e-30,0.0,80441.4517541137,2548.45360824742
3498,1697.3346,0.0,0.0,-7.475724160666341e-14,1000.670604811,4233.95189003436,-4.57435500947927e-14,0.0,74445.3206030881,2698.005204811
3499,608.4585,0.0,0.0,-7.475724160666341e-14,2176.16867697594,4233.95189003436,1.11640774273127e-13,0.0,67102.6853602355,2784.62717697594
3500,0.0,0.0,0.0,0.0,2824.74226804124,4233.95189003436,1.8100497504044e-13,0.0,59017.1250417067,2824.74226804124
3501,0.0,0.0,0.0,0.0,2673.53951890034,4233.95189003436,-1.88973211267828e-13,0.0,51104.7637485398,2673.53951890034
3502,0.0,0.0,0.0,0.0,2701.03092783505,4233.95189003436,9.48379702376113e-14,0.0,43160.9117234889,2701.03092783505
3503,0.0,0.0,0.0,0.0,2673.53951890034,4233.95189003436,-1.88973211267828e-13,0.0,35248.550430322,2673.53951890034
3504,0.0,0.0,0.0,0.0,0.0,0.0,2280.0,0.0,12000.0,2280.0
3505,0.0,0.0,0.0,0.0,0.0,0.0,2460.0,0.0,12000.0,2460.0
3506,0.0,0.0,0.0,0.0,275.390512027492,0.0,2129.584083,0.0,11684.5469507131,2404.9745950274923
3507,0.0,0.0,0.0,0.0,2783.50515463918,0.0,1.52282640106164e-13,0.0,8496.11034746086,2783.50515463918
3508,521.898,0.0,0.0,0.0,1990.56006872852,0.0,-3.466283248214e-14,0.0,6215.97281168936,2512.45806872852
3509,2316.9081,0.0,0.0,0.0,188.544264604811,0.0,-1.76668875786826e-16,0.0,6000.0,2505.452364604811
3510,2511.34020618557,-2.4811707534256297e-13,-2.06630275543901e-13,3799.48379381443,-1.78591817485211e-13,0.0,6.473271875691689e-30,0.0,6000.0,2511.34020618557
3511,2505.15463917526,4339.67365979381,0.0,3810.55670103093,1.44178561593418e-13,-7.64294306540785e-14,-1.3089874619771299e-30,0.0,9578.0609325,2505.15463917526
3512,2443.29896907217,7983.17232989691,0.0,3810.55670103093,-1.6504148784835e-13,-7.64294306540785e-14,4.30115333628296e-30,0.0,16160.1865185,2443.29896907217
3513,2387.62886597938,493.707432989691,0.0,3810.55670103093,2.1351775226784e-13,-7.64294306540785e-14,1.52091778870695e-31,0.0,16567.248297,2387.62886597938
3514,2412.37113402062,6796.71516494845,0.0,3810.55670103093,-6.70140954100875e-14,-7.64294306540785e-14,2.72085831207771e-30,0.0,22171.1399505,2412.37113402062
3515,2369.07216494845,8352.39513402062,0.0,3810.55670103093,1.71279220867139e-13,-7.64294306540785e-14,-5.653224540794589e-30,0.0,29057.6897385,2369.07216494845
3516,2375.25773195876,6680.90956701031,0.0,3810.55670103093,-1.5149115821149e-13,0.0,2.12903479687423e-30,0.0,34566.0996765,2375.25773195876
3517,2344.32989690722,7174.72840206186,0.0,3810.55670103093,-5.3463765773226904e-14,0.0,5.48739772668981e-31,0.0,40481.663244,2344.32989690722
3518,2505.15463917526,4869.33265979382,0.0,3810.55670103093,1.44178561593418e-13,-7.64294306540785e-14,-1.3089874619771299e-30,0.0,44496.428022,2505.15463917526
3519,2424.74226804124,3056.49003092783,0.0,3810.55670103093,-2.07280019249051e-13,-7.64294306540785e-14,-1.5041629833823198e-30,0.0,47016.5040525,2424.74226804124
3520,2424.74226804124,0.0,0.0,2817.36473195876,-2.07280019249051e-13,1103.54663230241,-1.5041629833823198e-30,0.0,45752.4185630356,2424.74226804124
3521,1932.7932,0.0,0.0,0.0,422.898735395189,4233.95189003436,5.639753083022451e-15,0.0,40418.1108592217,2355.691935395189
3522,472.2471,0.0,0.0,0.0,2135.07481443299,307.733040238004,1.87965331858267e-13,0.0,37619.9346224852,2607.32191443299
3523,104.53833,0.0,0.0,0.0,2536.76726219931,0.0,-3.68758050544938e-14,0.0,34714.130198431,2641.30559219931
3524,0.0,0.0,0.0,0.0,2577.31958762887,0.0,8.670965434782951e-15,0.0,31761.8740843086,2577.31958762887
3525,0.0,0.0,0.0,0.0,2329.89690721649,0.0,5.9577177097773706e-15,0.0,29093.0345571419,2329.89690721649
3526,0.0,0.0,0.0,0.0,2336.76975945017,0.0,-9.27102487945139e-14,0.0,26416.3223470042,2336.76975945017
3527,0.0,0.0,0.0,0.0,2329.89690721649,0.0,5.9577177097773706e-15,0.0,23747.4828198376,2329.89690721649
3528,0.0,0.0,0.0,0.0,2405.49828178694,0.0,-1.77171169678681e-13,0.0,20992.04377999,2405.49828178694
3529,0.0,0.0,0.0,0.0,2384.87972508591,0.0,6.96488151612213e-15,0.0,18260.2227890554,2384.87972508591
3530,0.0,0.0,0.0,0.0,2357.3883161512,0.0,1.20148137334566e-13,0.0,15559.8925300048,2357.3883161512
3531,0.0,0.0,0.0,0.0,2350.51546391753,0.0,4.9195341958205904e-14,0.0,12867.4349539251,2350.51546391753
3532,447.7161,0.0,0.0,0.0,1846.18027835052,0.0,-2.74159712206225e-14,0.0,10752.6809122865,2293.89637835052
3533,2251.54639175258,0.0,0.0,76.3753082474227,2.40618411541561e-13,4149.09043642612,1.78454729483074e-29,0.0,6000.0,2251.5463917525803
3534,2251.54639175258,652.604907216495,4.54747350886464e-13,3810.55670103093,2.40618411541561e-13,-2.40618411541561e-13,1.78454729483074e-29,0.0,6538.072746,2251.5463917525803
3535,2282.47422680412,5227.30407216495,9.09494701772928e-13,3810.55670103093,1.42591019103298e-13,-1.42591019103298e-13,8.40695884838557e-30,0.0,10847.9849535,2282.47422680412
3536,2288.65979381443,8770.00150515464,0.0,3810.55670103093,-1.8017935997533e-13,1.8017935997533e-13,-5.8484000621997896e-30,0.0,18078.8511945,2288.65979381443
3537,2301.03092783505,11356.551371134,0.0,3810.55670103093,1.84829550504e-13,-1.84829550504e-13,-7.825343080203319e-30,0.0,27442.3278,2301.03092783505
3538,2307.21649484536,12181.3778041237,0.0,3810.55670103093,-1.37940828574629e-13,1.37940828574629e-13,-4.30837425345009e-32,0.0,37485.8737995,2307.21649484536
3539,2282.47422680412,7847.32407216495,9.09494701772928e-13,3810.55670103093,1.42591019103298e-13,-1.42591019103298e-13,8.40695884838557e-30,0.0,43955.992497,2282.47422680412
3540,2325.77319587629,0.0,0.0,2994.56780412371,-9.5702297173928e-14,906.654329896907,-5.256576546996309e-30,0.0,42917.4422909325,2325.77319587629
3541,2313.40206185567,3399.8022371134,0.0,3810.55670103093,4.4563626665035705e-14,0.0,-1.0315552515362699e-30,0.0,45720.5792354325,2313.40206185567
3542,2356.70103092784,6304.90326804124,0.0,3810.55670103093,-1.93729689612191e-13,0.0,-3.67628152279106e-30,0.0,50918.9719799325,2356.70103092784
3543,2270.10309278351,1584.55620618557,0.0,3810.55670103093,-2.22417891376031e-13,2.22417891376031e-13,1.03839018663891e-29,0.0,52225.4385719325,2270.10309278351
3544,2208.24742268041,3929.27687628866,4.54747350886464e-13,3810.55670103093,-2.6363106499505902e-14,0.0,-1.0407950251167099e-30,0.0,55465.1273564325,2208.24742268041
3545,2177.31958762887,0.0,0.0,2979.18241237113,7.166428593875681e-14,923.749209621994,-5.37579233035373e-30,0.0,54406.9953866479,2177.31958762887
3546,2103.09278350515,0.0,0.0,412.949316494845,-9.72898396640475e-14,3775.1193161512,4.4593697633664e-30,0.0,50082.6891825801,2103.09278350515
3547,150.2592,0.0,0.0,-7.475724160666341e-14,2169.8150927835,4233.95189003436,1.38459581742693e-13,0.0,42747.3318139456,2320.0742927835
3548,0.0,0.0,0.0,0.0,2309.27835051546,4233.95189003436,2.04730070239298e-14,0.0,35252.2227182414,2309.27835051546
3549,0.0,0.0,0.0,0.0,2398.62542955326,4233.95189003436,1.48870472268842e-13,0.0,27654.7687439142,2398.62542955326
3550,0.0,0.0,0.0,0.0,2350.51546391753,4233.95189003436,4.9195341958205904e-14,0.0,20112.4235503839,2350.51546391753
3551,0.0,0.0,0.0,0.0,2426.11683848797,4233.95189003436,3.56872164503982e-14,0.0,12483.4788441728,2426.11683848797
3552,0.0,0.0,0.0,0.0,0.0,0.0,2172.0,0.0,12000.0,2172.0
3553,0.0,0.0,0.0,0.0,0.0,0.0,2178.0,0.0,12000.0,2178.0
3554,0.0,0.0,0.0,0.0,525.017745704467,0.0,1749.659508,0.0,11398.6051022858,2274.677253704467
3555,0.0,0.0,0.0,0.0,2515.46391752577,0.0,1.6408468169530998e-13,0.0,8517.20313490236,2515.46391752577
3556,574.2555,0.0,0.0,0.0,1994.24073883162,0.0,-3.67026573776179e-14,0.0,6232.84948217428,2568.49623883162
3557,2303.6481,0.0,0.0,0.0,203.277597938145,0.0,-1.1519180990514601e-14,0.0,6000.0,2506.925697938145
3558,2511.34020618557,139.584092783505,0.0,3810.55670103093,-1.78591817485211e-13,0.0,6.473271875691689e-30,0.0,6115.0870845,2511.34020618557
3559,2523.71134020619,4550.59295876289,0.0,3810.55670103093,1.86417092994119e-13,0.0,4.4963288576881596e-30,0.0,9867.050979,2523.71134020619
3560,2554.63917525773,8097.60312371134,0.0,3810.55670103093,8.83897005558564e-14,0.0,-4.94218524223368e-30,0.0,16543.5247545,2554.63917525773
3561,2653.60824742268,10531.1770515464,0.0,3810.55670103093,-2.3188021519266902e-14,0.0,-1.1897716786196999e-30,0.0,25226.4802335,2653.60824742268
3562,2678.35051546392,7790.31878350516,0.0,3810.55670103093,2.01554965121099e-13,0.0,-7.39173599208328e-30,0.0,31649.5980705,2678.35051546392
3563,2678.35051546392,10800.2607835052,0.0,3810.55670103093,2.01554965121099e-13,-7.64294306540785e-14,-7.39173599208328e-30,0.0,40554.4130865,2678.35051546392
3564,2505.15463917526,9385.45465979382,0.0,3810.55670103093,1.44178561593418e-13,-7.64294306540785e-14,-1.3089874619771299e-30,0.0,48292.7204535,2505.15463917526
3565,2591.75257731959,9417.45572164949,0.0,3810.55670103093,1.72866763357259e-13,-7.64294306540785e-14,6.66844739709689e-30,0.0,56057.412696,2591.75257731959
3566,2505.15463917526,6249.97165979381,0.0,3810.55670103093,1.44178561593418e-13,-7.64294306540785e-14,-1.3089874619771299e-30,0.0,61210.5143295,2505.15463917526
3567,2579.38144329897,4553.4228556701,0.0,3810.55670103093,-1.92142147122071e-13,-7.64294306540785e-14,8.645390415100429e-30,0.0,64964.811474,2579.38144329897
3568,2468.0412371134,2180.38506185567,0.0,3810.55670103093,5.97014987920158e-14,-7.64294306540785e-14,-1.90081097718061e-30,0.0,66762.5389575,2468.0412371134
3569,2301.03092783505,0.0,0.0,2819.16207216495,1.84829550504e-13,258.096207492,-7.825343080203319e-30,0.0,66466.8961081392,2301.03092783505
3570,1578.9774,0.0,0.0,0.0,925.993037800687,0.0,4.46185187247051e-14,0.0,65406.1938884362,2504.9704378006877
3571,664.9851,0.0,0.0,0.0,2078.99708247423,0.0,8.00905956354722e-14,0.0,63024.7539314211,2743.98218247423
3572,0.0,0.0,0.0,0.0,2783.50515463918,0.0,1.52282640106164e-13,0.0,59836.3173281689,2783.50515463918
3573,0.0,0.0,0.0,0.0,2831.61512027491,0.0,-1.45036666907084e-13,0.0,56592.7719441197,2831.61512027491
3574,0.0,0.0,0.0,0.0,2804.12371134021,0.0,-3.185341108864e-14,0.0,53380.7172919545,2804.12371134021
3575,0.0,0.0,0.0,0.0,2804.12371134021,0.0,-3.185341108864e-14,0.0,50168.6626397893,2804.12371134021
3576,0.0,0.0,0.0,0.0,2742.26804123711,0.0,1.23560305171887e-13,0.0,47027.4621343631,2742.26804123711
3577,0.0,0.0,0.0,0.0,2714.77663230241,0.0,-1.60250876333552e-13,0.0,43917.7523608208,2714.77663230241
3578,0.0,0.0,0.0,0.0,2859.10652920962,4233.95189003436,1.38774514598356e-13,0.0,35792.8286274371,2859.10652920962
3579,0.0,0.0,0.0,0.0,2859.10652920962,4233.95189003436,1.38774514598356e-13,0.0,27667.9048940534,2859.10652920962
3580,829.1946,0.0,0.0,0.0,1924.03349140893,4233.95189003436,-2.43218183523749e-14,0.0,20614.0842967529,2753.22809140893
3581,826.6557,0.0,0.0,0.0,1988.71016151203,4233.95189003436,-6.126883860433451e-14,0.0,13486.1781666883,2815.3658615120303
3582,1197.963,0.0,0.0,0.0,1493.67226804124,4233.95189003436,8.76910495649263e-14,0.0,6925.32575193963,2691.63526804124
3583,2560.82474226804,0.0,0.0,3083.52825773196,-2.34380678522772e-13,807.8093814433,-1.9197544152819e-29,0.0,6000.0,2560.82474226804
3584,2443.29896907217,8717.42532989691,0.0,3810.55670103093,-1.6504148784835e-13,1.6504148784835e-13,4.30115333628296e-30,0.0,13187.5171845,2443.29896907217
3585,2517.52577319588,11589.0245257732,0.0,3810.55670103093,3.91263775445419e-15,-3.91263775445419e-15,-2.46041953736201e-32,0.0,22742.667906,2517.52577319588
3586,2597.9381443299,13530.7231546392,1.81898940354586e-12,3810.55670103093,-1.4990361572137e-13,1.4990361572137e-13,-7.58691151348847e-30,0.0,33898.749147,2597.9381443299
3587,2567.01030927835,14625.8049896907,0.0,3810.55670103093,-5.18762232831074e-14,5.18762232831074e-14,1.85160258643337e-30,0.0,45957.725361,2567.01030927835
3588,2622.68041237113,14497.6338865979,0.0,3810.55670103093,7.48393709189958e-14,-7.48393709189958e-14,-2.77006670282495e-30,0.0,57911.0245005,2622.68041237113
3589,2498.96907216495,13315.1962268041,0.0,3810.55670103093,-3.83258936462469e-14,3.83258936462469e-14,-3.20515952975361e-31,0.0,68889.4037895,2498.96907216495
3590,2542.26804123711,8264.18025773196,0.0,3810.55670103093,2.2865562439482e-13,-2.2865562439482e-13,1.0301645177353399e-29,0.0,75703.220412,2542.2680412371105
3591,2696.90721649485,5063.56308247423,0.0,3810.55670103093,2.437934965218e-13,-2.437934965218e-13,-1.5864196724179897e-30,0.0,79878.1281735,2696.9072164948507
3592,2764.94845360825,1168.06184536082,0.0,3810.55670103093,2.3024316688494e-13,-2.3024316688494e-13,-2.1451919381263398e-29,0.0,80841.195165,2764.9484536082505
3593,2771.13402061856,0.0,0.0,1585.55597938144,-9.2527212193689e-14,2472.22302405498,-2.6508509194675297e-30,0.0,78009.3245761627,2771.13402061856
3594,2576.6988,0.0,0.0,-7.475724160666341e-14,99.2006460481104,4233.95189003436,-4.0017755401889e-15,0.0,73045.8050617498,2675.8994460481103
3595,758.4525,0.0,0.0,-7.475724160666341e-14,2215.69424398625,4233.95189003436,-1.42540304111338e-14,0.0,65657.8942553115,2974.14674398625
3596,0.0,0.0,0.0,0.0,3168.38487972509,4233.95189003436,1.55694807943485e-13,0.0,57178.6997882331,3168.38487972509
3597,0.0,0.0,0.0,0.0,3079.03780068729,4233.95189003436,2.7297342698573e-14,0.0,48801.8501997776,3079.03780068729
3598,0.0,0.0,0.0,0.0,3092.78350515464,4233.95189003436,1.69202933451293e-13,0.0,40409.2552453801,3092.78350515464
3599,0.0,0.0,0.0,0.0,3044.6735395189,4233.95189003436,6.952780314065681e-14,0.0,32071.7690717796,3044.6735395189
3600,0.0,0.0,0.0,0.0,0.0,0.0,2682.0,0.0,12000.0,2682.0
3601,0.0,0.0,0.0,0.0,0.0,0.0,2616.0,0.0,12000.0,2616.0
3602,0.0,0.0,0.0,0.0,2340.81214226804,0.0,662.4709998,0.0,9318.65733989915,3003.28314206804
3603,0.0,0.0,0.0,0.0,0.0,0.0,2622.0,0.0,9318.65733989915,2622.0
3604,50.34276,0.0,0.0,0.0,2865.02579931271,0.0,-5.90300683013241e-14,0.0,6036.84084584106,2915.36855931271
3605,2717.4459,0.0,0.0,0.0,32.1620584192444,0.0,2.34507890158974e-15,0.0,6000.0,2749.6079584192444
3606,2641.23711340206,221.92518556701,0.0,3810.55670103093,1.17077902319697e-13,0.0,3.0352496168403298e-30,0.0,6182.9773155,2641.23711340206
3607,2734.0206185567,4721.15768041237,-9.09494701772928e-13,3810.55670103093,0.0,0.0,-1.54524732070715e-13,0.0,10075.571823,2734.0206185567
3608,2665.9793814433,8527.11491752577,0.0,3810.55670103093,-1.63453945358231e-13,0.0,-5.41479297407974e-30,0.0,17106.1780725,2665.9793814433
3609,2703.09278350515,11402.2485154639,0.0,3810.55670103093,-7.89768825568285e-14,0.0,-4.822969458876259e-30,0.0,26507.3319735,2703.09278350515
3610,2659.79381443299,13579.3544845361,0.0,3810.55670103093,1.59316433720398e-13,-7.64294306540785e-14,8.840565936505619e-30,0.0,37703.509746,2659.79381443299
3611,2690.72164948454,14499.7536494845,0.0,3810.55670103093,6.128904128213531e-14,-7.64294306540785e-14,-5.9794816341622105e-31,0.0,49658.55663,2690.72164948454
3612,2715.46391752577,14460.8933814433,0.0,3810.55670103093,-2.19242806395792e-13,-7.64294306540785e-14,-9.0479907543363e-30,0.0,61581.563223,2715.46391752577
3613,2635.05154639175,13369.5117525773,0.0,3810.55670103093,-6.54265529199679e-14,-7.64294306540785e-14,4.0237211258421e-30,0.0,72604.725663,2635.05154639175
3614,2721.64948453608,11101.838814433,0.0,3810.55670103093,-3.67383511561274e-14,-7.64294306540785e-14,9.82346860789029e-31,0.0,81758.1917655,2721.64948453608
3615,2678.35051546392,8056.80578350515,0.0,3810.55670103093,2.01554965121099e-13,-7.64294306540785e-14,-7.39173599208328e-30,0.0,88401.028134,2678.35051546392
3616,2585.56701030928,4296.9352886598,0.0,3810.55670103093,-9.637691882406331e-15,-7.64294306540785e-14,-6.07187936996662e-31,0.0,91943.8512795,2585.56701030928
3617,2567.01030927835,0.0,0.0,3374.63969072165,-5.18762232831074e-14,484.352233676976,1.85160258643337e-30,0.0,91389.0377243145,2567.01030927835
3618,1798.2666,0.0,0.0,0.0,757.939745704468,4233.95189003436,-1.95054684279145e-15,0.0,85670.9487944876,2556.206345704468
3619,594.0207,0.0,0.0,0.0,2171.59212027491,4233.95189003436,1.47714589365132e-14,0.0,78333.5558846259,2765.61282027491
3620,97.12326,0.0,0.0,0.0,2785.55605704467,4233.95189003436,9.135013822189231e-14,0.0,70292.8824057266,2882.67931704467
3621,0.0,0.0,0.0,0.0,2865.9793814433,4233.95189003436,-1.87267127349167e-13,0.0,62160.0859893719,2865.9793814433
3622,0.0,0.0,0.0,0.0,2893.47079037801,4233.95189003436,9.654405415627211e-14,0.0,53995.7988411333,2893.47079037801
3623,0.0,0.0,0.0,0.0,2975.94501718213,4233.95189003436,1.5398872402482399e-13,0.0,45737.0394972427,2975.94501718213
3624,0.0,0.0,0.0,0.0,2893.47079037801,4233.95189003436,9.654405415627211e-14,0.0,37572.752349004,2893.47079037801
3625,0.0,0.0,0.0,0.0,2865.9793814433,4233.95189003436,-1.87267127349167e-13,0.0,29439.9559326493,2865.9793814433
3626,0.0,0.0,0.0,0.0,2762.88659793814,4233.95189003436,-6.057574602291611e-14,0.0,21425.2497608594,2762.88659793814
3627,0.0,0.0,0.0,0.0,2838.48797250859,244.25985909971,-7.408387153072381e-14,0.0,17894.0380408041,2838.48797250859
3628,475.7415,0.0,0.0,0.0,2110.57359106529,4233.95189003436,9.37891073090663e-14,0.0,10626.5403534047,2586.3150910652903
3629,2183.50515463918,0.0,0.0,175.483945360824,-2.51106093139872e-13,4038.96972852234,-1.96311512409391e-29,0.0,6000.0,2183.50515463918
3630,2208.24742268041,604.13687628866,0.0,3810.55670103093,-2.6363106499505902e-14,2.6363106499505902e-14,-1.0407950251167099e-30,0.0,6498.1108545,2208.24742268041
3631,2282.47422680412,4933.47807216495,-9.09494701772928e-13,3810.55670103093,1.42591019103298e-13,-1.42591019103298e-13,8.40695884838557e-30,0.0,10565.763525,2282.47422680412
3632,2338.14432989691,8354.03396907216,0.0,3810.55670103093,-2.35968221012892e-13,2.35968221012892e-13,1.25560204057978e-29,0.0,17453.6645325,2338.1443298969098
3633,2294.84536082474,11032.6409381443,0.0,3810.55670103093,2.3250952643346703e-15,-2.3250952643346703e-15,4.98841313778767e-32,0.0,26550.076986,2294.84536082474
3634,2387.62886597938,12473.3374329897,0.0,3810.55670103093,2.1351775226784e-13,-2.1351775226784e-13,1.52091778870695e-31,0.0,36834.3436995,2387.62886597938
3635,2406.18556701031,13148.0447319588,0.0,3810.55670103093,-2.49518550649752e-13,2.49518550649752e-13,-7.309479303047609e-30,0.0,47674.906581,2406.1855670103096
3636,2313.40206185567,12949.4982371134,1.81898940354586e-12,3810.55670103093,4.4563626665035705e-14,-4.4563626665035705e-14,-1.0315552515362699e-30,0.0,58351.7678775,2313.40206185567
3637,2387.62886597938,11967.7024329897,0.0,3810.55670103093,2.1351775226784e-13,-2.1351775226784e-13,1.52091778870695e-31,0.0,68219.1385335,2387.62886597938
3638,2505.15463917526,10080.2786597938,0.0,3810.55670103093,1.44178561593418e-13,-1.44178561593418e-13,-1.3089874619771299e-30,0.0,76530.3282885,2505.15463917526
3639,2449.48453608247,7371.8237628866,0.0,3810.55670103093,1.74629673913147e-14,-1.74629673913147e-14,5.5797954624942105e-31,0.0,82608.396981,2449.48453608247
3640,2498.96907216495,3736.01622680412,4.54747350886464e-13,3810.55670103093,-3.83258936462469e-14,3.83258936462469e-14,-3.20515952975361e-31,0.0,85688.74236,2498.96907216495
3641,2672.16494845361,0.0,0.0,2950.77705154639,1.90505098814342e-14,955.310721649484,-8.938599210179621e-31,0.0,84594.457455476,2672.16494845361
3642,1776.0132,0.0,0.0,-7.475724160666341e-14,913.24993814433,4233.95189003436,-1.7818191476691802e-14,0.0,78698.4645251453,2689.2631381443302
3643,580.1328,0.0,0.0,-7.475724160666341e-14,2255.75164261168,4233.95189003436,-1.9653656188258899e-13,0.0,71264.668955104,2835.88444261168
3644,65.3331900000001,0.0,0.0,-7.475724160666341e-14,2882.73402714777,4233.95189003436,1.23967219194792e-14,0.0,63112.6805047236,2948.0672171477704
3645,0.0,0.0,0.0,0.0,2955.3264604811,4233.95189003436,-5.88696621042553e-14,0.0,54877.5392097459,2955.3264604811
3646,0.0,0.0,0.0,0.0,2969.07216494845,4233.95189003436,8.303592864846451e-14,0.0,46626.6525488263,2969.07216494845
3647,0.0,0.0,0.0,0.0,2941.58075601375,4233.95189003436,1.96219184466908e-13,0.0,38407.2566197907,2941.58075601375
3648,0.0,0.0,0.0,0.0,0.0,0.0,2358.0,0.0,12000.0,2358.0
3649,0.0,0.0,0.0,0.0,2156.21801718213,0.0,637.621670999999,0.0,9530.10536405254,2793.839688182129
3650,0.0,0.0,0.0,0.0,2824.74226804124,0.0,1.8100497504044e-13,0.0,6294.43266297438,2824.74226804124
3651,0.0,0.0,0.0,0.0,0.0,0.0,2436.0,0.0,6294.43266297438,2436.0
3652,482.7186,0.0,0.0,0.0,0.0,0.0,1901.762958,0.0,6294.43266297438,2384.481558
3653,2348.0457,0.0,0.0,0.0,257.039714776632,0.0,-1.9268072089359402e-14,0.0,6000.0,2605.085414776632
3654,2616.49484536082,21.7934536082471,0.0,3810.55670103093,-1.07665084320669e-13,0.0,-1.78159519382318e-30,0.0,6017.9687025,2616.49484536082
3655,2684.53608247423,4284.66321649485,0.0,3810.55670103093,0.0,0.0,-1.05821056384923e-13,0.0,9550.6735245,2684.53608247423
3656,2567.01030927835,7919.71598969073,0.0,3810.55670103093,-5.18762232831074e-14,0.0,1.85160258643337e-30,0.0,16080.479358,2567.01030927835
3657,2653.60824742268,10470.2590515464,0.0,3810.55670103093,-2.3188021519266902e-14,-7.64294306540785e-14,-1.1897716786196999e-30,0.0,24713.207946,2653.60824742268
3658,2393.81443298969,12430.5698659794,0.0,3810.55670103093,-1.09252626810789e-13,-7.64294306540785e-14,-3.0844580075875697e-30,0.0,34962.2128005,2393.81443298969
3659,2573.19587628866,13083.1754226804,0.0,3810.55670103093,1.30628231956557e-13,-7.64294306540785e-14,8.631310774316031e-31,0.0,45749.2909365,2573.19587628866
3660,2567.01030927835,12914.8359896907,0.0,3810.55670103093,-5.18762232831074e-14,-7.64294306540785e-14,1.85160258643337e-30,0.0,56397.57321,2567.01030927835
3661,2517.52577319588,12148.4015257732,0.0,3810.55670103093,3.91263775445419e-15,-7.64294306540785e-14,-2.46041953736201e-32,0.0,66413.930268,2517.52577319588
3662,2591.75257731959,10288.2087216495,0.0,3810.55670103093,1.72866763357259e-13,-7.64294306540785e-14,6.66844739709689e-30,0.0,74896.558359,2591.75257731959
3663,2548.45360824742,7626.19469072165,0.0,3810.55670103093,-9.41147546838085e-14,-7.64294306540785e-14,-3.9537137332319194e-30,0.0,81184.3558815,2548.45360824742
3664,2560.82474226804,3970.83355670103,0.0,3810.55670103093,-2.34380678522772e-13,-7.64294306540785e-14,-1.9197544152819e-29,0.0,84458.308149,2560.82474226804
3665,2517.52577319588,0.0,0.0,3324.05022680412,3.91263775445419e-15,540.562749140893,-2.46041953736201e-32,0.0,83839.1068326874,2517.52577319588
3666,1884.7413,0.0,0.0,0.0,593.128223367698,4233.95189003436,-4.54443092519204e-14,0.0,78309.8054427652,2477.869523367698
3667,655.5744,0.0,0.0,0.0,2027.59774570447,4233.95189003436,5.72619245277374e-14,0.0,71137.3545427208,2683.17214570447
3668,125.29842,0.0,0.0,0.0,2658.03039243986,0.0,-3.6660398463724e-14,0.0,68092.6461894105,2783.32881243986
3669,0.0,0.0,0.0,0.0,2797.25085910653,0.0,-1.02806206465e-13,0.0,64888.4642202163,2797.25085910653
3670,0.0,0.0,0.0,0.0,2920.96219931271,4233.95189003436,-1.66392016621715e-14,0.0,56692.6863400936,2920.96219931271
3671,0.0,0.0,0.0,0.0,2824.74226804124,2645.81382782272,1.8100497504044e-13,0.0,50426.299059608,2824.74226804124
3672,0.0,0.0,0.0,0.0,2756.01374570447,4233.95189003436,-1.31528541399276e-13,0.0,42419.4655707892,2756.01374570447
3673,0.0,0.0,0.0,0.0,2769.75945017182,4233.95189003436,1.0377049353443801e-14,0.0,34396.8867160284,2769.75945017182
3674,0.0,0.0,0.0,0.0,2790.37800687285,4233.95189003436,-1.7375900184136e-13,0.0,26350.6898123546,2790.37800687285
3675,0.0,0.0,0.0,0.0,2810.99656357388,4233.95189003436,3.90993842877199e-14,0.0,18280.8748597678,2810.99656357388
3676,478.3428,0.0,0.0,0.0,2114.55610996564,4233.95189003436,6.51470985779057e-14,0.0,11008.8152950485,2592.89890996564
3677,2448.3264,0.0,0.0,0.0,138.743862542955,4233.95189003436,-5.3526181486366e-15,0.0,6000.0,2587.070262542955
3678,2665.9793814433,338.401917525772,4.54747350886464e-13,3810.55670103093,-1.63453945358231e-13,1.63453945358231e-13,-5.41479297407974e-30,0.0,6279.012381,2665.9793814433
3679,2604.12371134021,4935.76258762887,0.0,3810.55670103093,3.26008395182947e-14,-3.26008395182947e-14,2.4434261016368497e-30,0.0,10348.5486345,2604.12371134021
3680,2542.26804123711,8461.91025773196,0.0,3810.55670103093,2.2865562439482e-13,-2.2865562439482e-13,1.0301645177353399e-29,0.0,17325.393642,2542.2680412371105
3681,2567.01030927835,11055.5109896907,0.0,3810.55670103093,-5.18762232831074e-14,5.18762232831074e-14,1.85160258643337e-30,0.0,26440.662453,2567.01030927835
3682,2641.23711340206,12591.906185567,0.0,3810.55670103093,1.17077902319697e-13,-1.17077902319697e-13,3.0352496168403298e-30,0.0,36822.689103,2641.23711340206
3683,2529.8969072165,13369.1713917526,0.0,3810.55670103093,-1.3635328608451e-13,1.3635328608451e-13,-9.7590300528972e-30,0.0,47845.5709155,2529.8969072165
3684,2628.86597938144,6842.65131958763,0.0,3810.55670103093,-2.47931008159633e-13,2.47931008159633e-13,5.01219263484387e-30,0.0,53487.3369285,2628.8659793814395
3685,2567.01030927835,12249.0669896907,0.0,3810.55670103093,-5.18762232831074e-14,5.18762232831074e-14,1.85160258643337e-30,0.0,63586.6926615,2567.01030927835
3686,2628.86597938144,10574.5613195876,0.0,3810.55670103093,-2.47931008159633e-13,2.47931008159633e-13,5.01219263484387e-30,0.0,72305.4184695,2628.8659793814395
3687,2567.01030927835,8000.71898969072,0.0,3810.55670103093,-5.18762232831074e-14,5.18762232831074e-14,1.85160258643337e-30,0.0,78902.0112765,2567.01030927835
3688,2653.60824742268,4208.22405154639,0.0,3810.55670103093,-2.3188021519266902e-14,2.3188021519266902e-14,-1.1897716786196999e-30,0.0,82371.692007,2653.60824742268
3689,2758.76288659794,0.0,0.0,3347.23311340206,4.77387116452748e-14,514.803986254296,1.5741703759925098e-30,0.0,81781.9967191944,2758.76288659794
3690,1904.9667,0.0,0.0,-7.475724160666341e-14,893.679611683849,4233.95189003436,-4.55925437640235e-14,0.0,75908.4211158517,2798.646311683849
3691,612.4755,0.0,0.0,-7.475724160666341e-14,2329.78094501718,4233.95189003436,-9.90891263352417e-14,0.0,68389.8268030778,2942.25644501718
3692,126.91692,0.0,0.0,-7.475724160666341e-14,2752.45199037801,4233.95189003436,-1.63821930260649e-13,0.0,60387.0732172676,2879.3689103780102
3693,0.0,0.0,0.0,0.0,2687.2852233677,4233.95189003436,-4.70676205151085e-14,0.0,52458.9665581587,2687.2852233677
3694,0.0,0.0,0.0,0.0,2701.03092783505,4233.95189003436,9.48379702376113e-14,0.0,44515.1145331078,2701.03092783505
3695,0.0,0.0,0.0,0.0,2707.90378006873,4233.95189003436,1.65790765613971e-13,0.0,36563.3898250859,2707.90378006873
3696,0.0,0.0,0.0,0.0,0.0,0.0,2340.0,0.0,12000.0,2340.0
3697,0.0,0.0,0.0,0.0,0.0,0.0,2376.0,0.0,12000.0,2376.0
3698,0.0,0.0,0.0,0.0,1068.14593814433,0.0,1407.508596,0.0,10776.4651338553,2475.65453414433
3699,0.0,0.0,0.0,0.0,0.0,0.0,2328.0,0.0,10776.4651338553,2328.0
3700,715.5018,0.0,0.0,0.0,0.0,0.0,1603.963254,0.0,10776.4651338553,2319.465054
3701,592.5075,0.0,0.0,0.0,2207.63771477663,0.0,1.62628377812937e-13,0.0,8247.67050066327,2800.1452147766304
3702,856.6857,0.0,0.0,0.0,1962.21634707904,0.0,7.80569626193823e-15,0.0,6000.0,2818.90204707904
3703,2511.34020618557,-6.66356652386822e-14,6.66356652386822e-14,310.274693814433,-1.78591817485211e-13,0.0,6.473271875691689e-30,0.0,6000.0,2511.34020618557
3704,2573.19587628866,0.0,0.0,845.12292371134,1.30628231956557e-13,0.0,8.631310774316031e-31,0.0,6000.0,2573.19587628866
3705,2635.05154639175,2945.70875257732,0.0,3810.55670103093,-6.54265529199679e-14,0.0,4.0237211258421e-30,0.0,8428.7368665,2635.05154639175
3706,2616.49484536082,13038.1214536082,0.0,3810.55670103093,-1.07665084320669e-13,0.0,-1.78159519382318e-30,0.0,19178.668005,2616.49484536082
3707,2628.86597938144,13866.3953195876,0.0,3810.55670103093,-2.47931008159633e-13,0.0,5.01219263484387e-30,0.0,30611.510946,2628.8659793814395
3708,2758.76288659794,13551.1314123711,0.0,3810.55670103093,4.77387116452748e-14,0.0,1.5741703759925098e-30,0.0,41784.4187955,2758.76288659794
3709,2678.35051546392,12669.9597835052,0.0,3810.55670103093,2.01554965121099e-13,0.0,-7.39173599208328e-30,0.0,52230.800637,2678.35051546392
3710,2764.94845360825,10678.0948453608,0.0,3810.55670103093,2.3024316688494e-13,0.0,-2.1451919381263398e-29,0.0,61034.889837,2764.9484536082505
3711,2659.79381443299,7917.13948453608,0.0,3810.55670103093,1.59316433720398e-13,0.0,8.840565936505619e-30,0.0,67562.571342,2659.79381443299
3712,2740.20618556701,4169.71311340206,0.0,3810.55670103093,5.5001802445737005e-15,0.0,-9.9092522125117e-32,0.0,71000.499804,2740.20618556701
3713,2641.23711340206,0.0,0.0,3467.09888659794,1.17077902319697e-13,0.0,3.0352496168403298e-30,0.0,71000.499804,2641.23711340206
3714,1898.6955,0.0,0.0,0.0,646.3520790378,0.0,-2.04523472308477e-14,0.0,70260.1194156405,2545.0475790378
3715,565.2426,0.0,0.0,0.0,1942.39940206186,0.0,6.71150235868045e-14,0.0,68035.1487374483,2507.64200206186
3716,123.68304,0.0,0.0,0.0,2364.29261305842,0.0,1.36076559110624e-13,0.0,65326.9097763275,2487.97565305842
3717,0.0,0.0,0.0,0.0,2508.5910652921,0.0,9.31318863189505e-14,0.0,62453.380491915,2508.5910652921
3718,0.0,0.0,0.0,0.0,2756.01374570447,0.0,-1.31528541399276e-13,0.0,59296.4346205468,2756.01374570447
3719,0.0,0.0,0.0,0.0,2646.04810996564,0.0,-7.57899554493846e-14,0.0,56265.4516767145,2646.04810996564
3720,0.0,0.0,0.0,0.0,2694.15807560137,0.0,2.3885174861251402e-14,0.0,53179.3599520852,2694.15807560137
3721,0.0,0.0,0.0,0.0,2652.92096219931,0.0,-4.8371600730247e-15,0.0,50140.5043252818,2652.92096219931
3722,0.0,0.0,0.0,0.0,2639.17525773196,0.0,-1.46742750825744e-13,0.0,47117.3940644205,2639.17525773196
3723,0.0,0.0,0.0,0.0,2536.0824742268,0.0,-2.00513694994932e-14,0.0,44212.374048124,2536.0824742268
3724,352.74564,0.0,0.0,0.0,2144.1428742268,0.0,1.50692157195612e-13,0.0,41756.3111910487,2496.8885142268
3725,0.0,0.0,0.0,0.0,2591.06529209622,0.0,1.50576556187503e-13,0.0,38788.3097109843,2591.06529209622
3726,461.3076,0.0,0.0,0.0,2250.32259793814,0.0,1.60430464642648e-13,0.0,36210.6205953621,2711.63019793814
3727,2455.67010309278,0.0,0.0,1771.61789690722,1.9996742263098e-13,0.0,2.32421031827943e-30,0.0,36210.6205953621,2455.67010309278
3728,2109.9,0.0,0.0,0.0,336.079037800687,0.0,1.50649099914923e-15,0.0,35825.650334422,2445.979037800687
3729,2319.58762886598,0.0,0.0,811.000871134021,2.27068081904701e-13,1030.90630191606,-2.02002676053804e-30,0.0,34644.7725544494,2319.58762886598
3730,1722.4779,0.0,0.0,0.0,814.658003436426,4233.95189003436,-1.65153970438389e-14,0.0,28861.714257232,2537.135903436426
3731,1225.731,0.0,0.0,0.0,1510.92890034364,0.0,5.88452467204512e-14,0.0,27130.9824126231,2736.65990034364
3732,2166.7464,0.0,0.0,0.0,355.390597938144,0.0,1.6945361732357902e-14,0.0,26723.8912351452,2522.136997938144
3733,2486.59793814433,0.0,0.0,433.91706185567,1.01940030192717e-13,0.0,3.90450534248468e-30,0.0,26723.8912351452,2486.59793814433
3734,2418.55670103093,0.0,0.0,552.935198969072,1.15490359829577e-13,0.0,-9.28642232105115e-30,0.0,26723.8912351452,2418.55670103093
3735,2461.85567010309,0.0,0.0,283.732629896907,-1.22802956447649e-13,0.0,1.01064696559482e-29,0.0,26723.8912351452,2461.85567010309
3736,1781.7462,0.0,0.0,0.0,879.388529209622,0.0,4.2905919336704205e-15,0.0,25716.5733322705,2661.134729209622
3737,1115.7432,0.0,0.0,0.0,1543.79048797251,0.0,4.61706948015683e-14,0.0,23948.1993483387,2659.53368797251
3738,694.2312,0.0,0.0,0.0,2046.50141580756,0.0,4.2743588963048e-14,0.0,21603.982377196,2740.7326158075603
3739,180.15816,0.0,0.0,0.0,2597.0751257732,0.0,1.9151449337643998e-13,0.0,18629.0967806631,2777.2332857732
3740,17.524845,0.0,0.0,0.0,2805.27021804124,0.0,-8.65925958841054e-15,0.0,15415.7288333077,2822.79506304124
3741,0.0,0.0,0.0,0.0,2756.01374570447,0.0,-1.31528541399276e-13,0.0,12258.7829619395,2756.01374570447
3742,0.0,0.0,0.0,0.0,2735.39518900344,0.0,5.26075097955275e-14,0.0,9125.45513948426,2735.39518900344
3743,0.0,0.0,0.0,0.0,2728.52233676976,0.0,-1.8345285580832402e-14,0.0,6000.0,2728.52233676976
3744,0.0,0.0,0.0,0.0,0.0,0.0,2346.0,0.0,12000.0,2346.0
3745,0.0,0.0,0.0,0.0,0.0,0.0,2346.0,0.0,12000.0,2346.0
3746,0.0,0.0,0.0,0.0,0.0,0.0,2322.0,0.0,12000.0,2322.0
3747,0.0,0.0,0.0,0.0,0.0,0.0,2196.0,0.0,12000.0,2196.0
3748,295.98114,0.0,0.0,0.0,0.0,0.0,1872.8982942,0.0,12000.0,2168.8794342
3749,93.35703,0.0,0.0,0.0,0.0,0.0,2051.4436809,0.0,12000.0,2144.8007109
3750,49.27416,0.0,0.0,0.0,1675.93541924399,0.0,619.1124438,0.0,10080.2572517251,2344.32202304399
3751,506.4969,0.0,0.0,0.0,1952.68958419244,0.0,-8.42975652229817e-14,0.0,7843.49942332597,2459.18648419244
3752,895.8924,0.0,0.0,0.0,1609.37499656357,0.0,-5.3302473552172903e-14,0.0,6000.0,2505.26739656357
3753,2338.14432989691,305.595470103092,0.0,0.0,-2.35968221012892e-13,0.0,1.25560204057978e-29,0.0,6251.9634651,2338.1443298969098
3754,2356.70103092784,0.0,0.0,2184.65396907217,-1.93729689612191e-13,0.0,-3.67628152279106e-30,0.0,6251.9634651,2356.70103092784
3755,2375.25773195876,145.133567010309,0.0,3810.55670103093,-1.5149115821149e-13,0.0,2.12903479687423e-30,0.0,6371.6260911,2375.25773195876
3756,2319.58762886598,5799.38255111862,0.0,786.640820015403,2.27068081904701e-13,0.0,-2.02002676053804e-30,0.0,11153.2170044973,2319.58762886598
3757,2449.48453608247,11044.0474639175,0.0,0.0,1.74629673913147e-14,0.0,5.5797954624942105e-31,0.0,20259.0341384973,2449.48453608247
3758,2369.07216494845,9064.98683505155,0.0,0.0,1.71279220867139e-13,0.0,-5.653224540794589e-30,0.0,27733.1157839973,2369.07216494845
3759,2529.8969072165,9465.06009278351,0.0,0.0,-1.3635328608451e-13,0.0,-9.7590300528972e-30,0.0,35537.0578304973,2529.8969072165
3760,2585.56701030928,5262.05198969072,0.0,0.0,-9.637691882406331e-15,0.0,-6.07187936996662e-31,0.0,39875.6196959973,2585.56701030928
3761,865.5738,0.0,0.0,0.0,1911.10356701031,0.0,-3.59408439596182e-14,0.0,37686.4976261115,2776.67736701031
3762,2554.63917525773,215.324124742268,0.0,0.0,8.83897005558564e-14,0.0,-4.94218524223368e-30,0.0,37864.0323669615,2554.63917525773
3763,799.5156,0.0,0.0,0.0,2066.97579381443,0.0,-1.15472119344037e-13,0.0,35496.3625000492,2866.49139381443
3764,152.29266,0.0,0.0,0.0,2847.96806391753,0.0,-1.8229690101648998e-13,0.0,32234.0852217932,3000.26072391753
3765,0.0,0.0,0.0,0.0,2969.07216494845,0.0,8.303592864846451e-14,0.0,28833.0861783241,2969.07216494845
3766,0.0,0.0,0.0,0.0,3072.16494845361,0.0,-4.36554526777868e-14,0.0,25313.9968902902,3072.16494845361
3767,0.0,0.0,0.0,0.0,3003.43642611684,0.0,4.08054682063807e-14,0.0,21873.6344319662,3003.43642611684
3768,0.0,0.0,0.0,0.0,2859.10652920962,0.0,1.38774514598356e-13,0.0,18598.5983160331,2859.10652920962
3769,0.0,0.0,0.0,0.0,2920.96219931271,0.0,-1.66392016621715e-14,0.0,15252.708053361,2920.96219931271
3770,0.0,0.0,0.0,0.0,3003.43642611684,0.0,4.08054682063807e-14,0.0,11812.3455950371,3003.43642611684
3771,0.0,0.0,0.0,0.0,2920.96219931271,0.0,-1.66392016621715e-14,0.0,8466.45533236499,2920.96219931271
3772,677.8629,0.0,0.0,0.0,2057.81556357388,0.0,1.75549913385662e-13,0.0,6109.27828359766,2735.67846357388
3773,2567.7483,0.0,0.0,0.0,95.3999415807559,0.0,1.5905498102255602e-15,0.0,6000.0,2663.148241580756
3774,2789.69072164948,10.8765773195869,0.0,3810.55670103093,-5.02886807929879e-14,-7.64294306540785e-14,-2.3549391618657898e-30,0.0,6008.967738,2789.69072164948
3775,2746.39175257732,4439.02354639175,0.0,3810.55670103093,1.88004635484239e-13,-7.64294306540785e-14,-5.219617452674539e-30,0.0,9668.942652,2746.39175257732
3776,2703.09278350515,8054.25451546392,0.0,3810.55670103093,-7.89768825568285e-14,-7.64294306540785e-14,-4.822969458876259e-30,0.0,16309.6755,2703.09278350515
3777,2573.19587628866,7332.07942268041,0.0,3810.55670103093,1.30628231956557e-13,-7.64294306540785e-14,8.631310774316031e-31,0.0,22354.974984,2573.19587628866
3778,2690.72164948454,8288.80864948454,0.0,3810.55670103093,6.128904128213531e-14,-7.64294306540785e-14,-5.9794816341622105e-31,0.0,29189.0977155,2690.72164948454
3779,2746.39175257732,8871.45154639175,0.0,3810.55670103093,1.88004635484239e-13,-7.64294306540785e-14,-5.219617452674539e-30,0.0,36503.6095155,2746.39175257732
3780,2678.35051546392,5459.13278350516,0.0,3810.55670103093,2.01554965121099e-13,-7.64294306540785e-14,-7.39173599208328e-30,0.0,41004.6644955,2678.35051546392
3781,2690.72164948454,3368.99764948454,0.0,3810.55670103093,6.128904128213531e-14,-7.64294306540785e-14,-5.9794816341622105e-31,0.0,43782.4030575,2690.72164948454
3782,2746.39175257732,8222.88154639175,0.0,3810.55670103093,1.88004635484239e-13,-7.64294306540785e-14,-5.219617452674539e-30,0.0,50562.1688925,2746.39175257732
3783,2795.87628865979,1230.30501030928,0.0,3810.55670103093,1.32215774446677e-13,-7.64294306540785e-14,-8.8528152329311e-30,0.0,51576.5553735,2795.87628865979
3784,2703.09278350515,1383.34351546392,0.0,3810.55670103093,-7.89768825568285e-14,-7.64294306540785e-14,-4.822969458876259e-30,0.0,52717.122102,2703.09278350515
3785,2764.94845360825,0.0,0.0,2351.69554639175,2.3024316688494e-13,1620.95683848797,-2.1451919381263398e-29,0.0,50860.355963984,2764.9484536082505
3786,2549.5041,0.0,0.0,0.0,163.781240549828,4233.95189003436,-1.67016402388173e-15,0.0,45822.8609690422,2713.285340549828
3787,438.0246,0.0,0.0,0.0,2475.50531271478,4233.95189003436,-1.59311665525915e-13,0.0,38137.3429819298,2913.52991271478
3788,0.0,0.0,0.0,0.0,3065.29209621993,4233.95189003436,-1.14608248054147e-13,0.0,29776.2387594163,3065.29209621993
3789,0.0,0.0,0.0,0.0,3092.78350515464,2893.56365346524,1.69202933451293e-13,0.0,22919.0255193018,3092.78350515464
3790,0.0,0.0,0.0,0.0,3168.38487972509,4233.95189003436,1.55694807943485e-13,0.0,14439.8310522234,3168.38487972509
3791,0.0,0.0,0.0,0.0,3134.0206185567,4233.95189003436,1.97925268385569e-13,0.0,6000.0,3134.0206185567
3792,0.0,0.0,0.0,0.0,2289.54639175258,0.0,575.226,0.0,9377.38099455604,2864.77239175258
3793,0.0,0.0,0.0,0.0,0.0,0.0,2670.0,0.0,9377.38099455604,2670.0
3794,0.0,0.0,0.0,0.0,2948.45360824742,0.0,-1.29822457480615e-13,0.0,6000.0,2948.45360824742
3795,0.0,0.0,0.0,0.0,0.0,0.0,2232.0,0.0,6000.0,2232.0
3796,701.2317,0.0,0.0,0.0,0.0,0.0,1449.805251,0.0,6000.0,2151.036951
3797,217.89027,0.0,0.0,0.0,0.0,0.0,2104.6464381,0.0,6000.0,2322.5367081
3798,1655.5461,0.0,0.0,0.0,0.0,0.0,752.120283,0.0,6000.0,2407.666383
3799,2393.81443298969,998.421865979381,0.0,3810.55670103093,-1.09252626810789e-13,-7.64294306540785e-14,-3.0844580075875697e-30,0.0,6823.1988285,2393.81443298969
3800,2387.62886597938,3776.76643298969,0.0,3810.55670103093,2.1351775226784e-13,-7.64294306540785e-14,1.52091778870695e-31,0.0,9937.1427525,2387.62886597938
3801,2356.70103092784,5302.52526804124,0.0,3810.55670103093,-1.93729689612191e-13,-7.64294306540785e-14,-3.67628152279106e-30,0.0,14309.074836,2356.70103092784
3802,2356.70103092784,0.0,0.0,3625.46996907216,-1.93729689612191e-13,205.651924398626,-3.67628152279106e-30,0.0,14073.5056213395,2356.70103092784
3803,2344.32989690722,5511.96340206186,0.0,3810.55670103093,-5.3463765773226904e-14,-7.64294306540785e-14,5.48739772668981e-31,0.0,18618.1194463395,2344.32989690722
3804,2350.51546391753,8839.10783505155,0.0,3810.55670103093,1.29040689466438e-13,-7.64294306540785e-14,1.05790773877943e-29,0.0,25905.9638563395,2350.51546391753
3805,2270.10309278351,8560.68120618557,0.0,3810.55670103093,-2.22417891376031e-13,-7.64294306540785e-14,1.03839018663891e-29,0.0,32964.2455108395,2270.10309278351
3806,2430.92783505155,10146.0814639175,0.0,3810.55670103093,-2.47755640093864e-14,-7.64294306540785e-14,2.6206778864767996e-31,0.0,41329.6896778395,2430.92783505155
3807,2443.29896907217,7643.59932989691,0.0,3810.55670103093,-1.6504148784835e-13,-7.64294306540785e-14,4.30115333628296e-30,0.0,47631.8373253395,2443.29896907217
3808,2665.9793814433,3900.31091752577,0.0,3810.55670103093,-1.63453945358231e-13,-7.64294306540785e-14,-5.41479297407974e-30,0.0,50847.6436768395,2665.9793814433
3809,2641.23711340206,0.0,0.0,1495.25888659794,1.17077902319697e-13,0.0,3.0352496168403298e-30,0.0,50847.6436768395,2641.23711340206
3810,1266.1857,0.0,0.0,0.0,1486.59779037801,0.0,7.44908095924366e-14,0.0,49144.7825194764,2752.78349037801
3811,286.07904,0.0,0.0,0.0,2630.58800824742,0.0,-7.605315473839941e-15,0.0,46131.5087414152,2916.66704824742
3812,30.013269,0.0,0.0,0.0,2798.26704360825,0.0,1.4412341017264e-13,0.0,42926.1627579006,2828.28031260825
3813,0.0,0.0,0.0,0.0,2783.50515463918,0.0,1.52282640106164e-13,0.0,39737.7261546484,2783.50515463918
3814,0.0,0.0,0.0,0.0,2790.37800687285,0.0,-1.7375900184136e-13,0.0,36541.4168684252,2790.37800687285
3815,0.0,0.0,0.0,0.0,2824.74226804124,0.0,1.8100497504044e-13,0.0,33305.744167347,2824.74226804124
3816,0.0,0.0,0.0,0.0,2810.99656357388,2639.32684022453,3.90993842877199e-14,0.0,27062.5329373374,2810.99656357388
3817,0.0,0.0,0.0,0.0,2893.47079037801,4233.95189003436,9.654405415627211e-14,0.0,18898.2457890987,2893.47079037801
3818,0.0,0.0,0.0,0.0,2756.01374570447,4233.95189003436,-1.31528541399276e-13,0.0,10891.4123002799,2756.01374570447
3819,0.0,0.0,0.0,0.0,2522.33676975945,0.0,-1.61956960252213e-13,0.0,8002.13764992541,2522.33676975945
3820,554.7555,0.0,0.0,0.0,1747.86616838488,0.0,7.10895629800932e-14,0.0,6000.0,2302.62166838488
3821,2424.74226804124,0.0,0.0,32.3318319587625,-2.07280019249051e-13,0.0,-1.5041629833823198e-30,0.0,6000.0,2424.74226804124
3822,2542.26804123711,202.802257731958,0.0,3810.55670103093,2.2865562439482e-13,-2.2865562439482e-13,1.0301645177353399e-29,0.0,6167.2104615,2542.2680412371105
3823,2542.26804123711,4512.61425773196,0.0,3810.55670103093,2.2865562439482e-13,-2.2865562439482e-13,1.0301645177353399e-29,0.0,9887.860917,2542.2680412371105
3824,2517.52577319588,7986.4385257732,9.09494701772928e-13,3810.55670103093,3.91263775445419e-15,-3.91263775445419e-15,-2.46041953736201e-32,0.0,16472.6794815,2517.52577319588
3825,2529.8969072165,10407.1993917526,0.0,3810.55670103093,-1.3635328608451e-13,1.3635328608451e-13,-9.7590300528972e-30,0.0,25053.41538,2529.8969072165
3826,2461.85567010309,11993.861628866,0.0,3810.55670103093,-1.22802956447649e-13,1.22802956447649e-13,1.01064696559482e-29,0.0,34942.354293,2461.85567010309
3827,2486.59793814433,12797.6743608247,-1.81898940354586e-12,3810.55670103093,1.01940030192717e-13,-1.01940030192717e-13,3.90450534248468e-30,0.0,45494.0368035,2486.59793814433
3828,2554.63917525773,12672.4981237113,0.0,3810.55670103093,8.83897005558564e-14,-8.83897005558564e-14,-4.94218524223368e-30,0.0,55942.5115065,2554.63917525773
3829,2517.52577319588,11922.2795257732,0.0,3810.55670103093,3.91263775445419e-15,-3.91263775445419e-15,-2.46041953736201e-32,0.0,65772.4309755,2517.52577319588
3830,2567.01030927835,10253.9049896907,0.0,3810.55670103093,-5.18762232831074e-14,5.18762232831074e-14,1.85160258643337e-30,0.0,74226.7756395,2567.01030927835
3831,2498.96907216495,7764.40422680412,9.09494701772928e-13,3810.55670103093,-3.83258936462469e-14,3.83258936462469e-14,-3.20515952975361e-31,0.0,80628.5269245,2498.96907216495
3832,2573.19587628866,4171.79242268041,9.09494701772928e-13,3810.55670103093,1.30628231956557e-13,-1.30628231956557e-13,8.631310774316031e-31,0.0,84068.169777,2573.19587628866
3833,2567.01030927835,0.0,0.0,3544.91369072165,-5.18762232831074e-14,295.158900343643,1.85160258643337e-30,0.0,83730.0725257473,2567.01030927835
3834,2085.486,0.0,0.0,-7.475724160666341e-14,514.408453608248,4233.95189003436,4.38873976335832e-14,0.0,78290.942693396,2599.894453608248
3835,650.7189,0.0,0.0,-7.475724160666341e-14,2087.97556357388,4233.95189003436,1.28309763815746e-13,0.0,71049.3304899502,2738.69446357388
3836,140.62893,0.0,0.0,-7.475724160666341e-14,2757.83498041237,4233.95189003436,-1.96574579184763e-14,0.0,63040.4108216263,2898.46391041237
3837,0.0,0.0,0.0,0.0,2762.88659793814,4233.95189003436,-6.057574602291611e-14,0.0,55025.7046498365,2762.88659793814
3838,0.0,0.0,0.0,0.0,2838.48797250859,4233.95189003436,-7.408387153072381e-14,0.0,46924.3989653658,2838.48797250859
3839,0.0,0.0,0.0,0.0,2852.23367697594,4233.95189003436,6.782171922199599e-14,0.0,38807.347914953,2852.23367697594
3840,0.0,0.0,0.0,0.0,0.0,0.0,2466.0,0.0,12000.0,2466.0
3841,0.0,0.0,0.0,0.0,446.475773195878,0.0,2106.22665,0.0,11488.5729974847,2552.702423195878
3842,0.0,0.0,0.0,0.0,2687.2852233677,0.0,-4.70676205151085e-14,0.0,8410.35395582637,2687.2852233677
3843,57.65448,0.0,0.0,0.0,0.0,0.0,2308.0751544,0.0,8410.35395582637,2365.7296344
3844,500.9784,0.0,0.0,0.0,2048.16832989691,0.0,-8.73111923562375e-14,0.0,6064.22757564664,2549.14672989691
3845,2460.8766,0.0,0.0,0.0,56.0706735395184,0.0,2.85472508556922e-17,0.0,6000.0,2516.9472735395184
3846,2560.82474226804,345.47155670103,0.0,3810.55670103093,-2.34380678522772e-13,0.0,-1.9197544152819e-29,0.0,6284.8412985,2560.82474226804
3847,2418.55670103093,4895.44159793814,0.0,3810.55670103093,1.15490359829577e-13,-7.64294306540785e-14,-9.28642232105115e-30,0.0,10321.132896,2418.55670103093
3848,2455.67010309278,3695.19219587629,0.0,3810.55670103093,1.9996742263098e-13,-7.64294306540785e-14,2.32421031827943e-30,0.0,13367.8188615,2455.67010309278
3849,2461.85567010309,11204.345628866,0.0,3810.55670103093,-1.22802956447649e-13,-7.64294306540785e-14,1.01064696559482e-29,0.0,22605.8018325,2461.85567010309
3850,2455.67010309278,13056.8301958763,0.0,3810.55670103093,1.9996742263098e-13,-7.64294306540785e-14,2.32421031827943e-30,0.0,33371.158329,2455.67010309278
3851,2548.45360824742,13843.5746907216,0.0,3810.55670103093,-9.41147546838085e-14,-7.64294306540785e-14,-3.9537137332319194e-30,0.0,44785.1856615,2548.45360824742
3852,2573.19587628866,6924.29542268041,0.0,3810.55670103093,1.30628231956557e-13,-7.64294306540785e-14,8.631310774316031e-31,0.0,50494.2672375,2573.19587628866
3853,2529.8969072165,4725.87439175258,0.0,3810.55670103093,-1.3635328608451e-13,-7.64294306540785e-14,-9.7590300528972e-30,0.0,54390.7506735,2529.8969072165
3854,2678.35051546392,4630.88978350516,0.0,3810.55670103093,2.01554965121099e-13,-7.64294306540785e-14,-7.39173599208328e-30,0.0,58208.9193,2678.35051546392
3855,2529.8969072165,1735.90039175258,0.0,3810.55670103093,-1.3635328608451e-13,-7.64294306540785e-14,-9.7590300528972e-30,0.0,59640.169173,2529.8969072165
3856,2505.15463917526,4169.82865979381,0.0,3810.55670103093,1.44178561593418e-13,-7.64294306540785e-14,-1.3089874619771299e-30,0.0,63078.192903,2505.15463917526
3857,2369.07216494845,0.0,0.0,2671.17083505155,1.71279220867139e-13,1265.98429553265,-5.653224540794589e-30,0.0,61628.0390707748,2369.07216494845
3858,2090.4975,0.0,0.0,0.0,316.400257731959,4233.95189003436,-1.5865708288963302e-14,0.0,56415.7227503093,2406.897757731959
3859,697.1952,0.0,0.0,0.0,1946.98815120275,4233.95189003436,-1.7914579773043602e-14,0.0,49335.608155536,2644.18335120275
3860,153.74385,0.0,0.0,0.0,2413.36593986254,4233.95189003436,-2.5726326065256202e-14,0.0,41721.2692896747,2567.10978986254
3861,0.0,0.0,0.0,0.0,2460.48109965636,0.0,-6.543243991685521e-15,0.0,38902.8487860592,2460.48109965636
3862,0.0,0.0,0.0,0.0,2426.11683848797,0.0,3.56872164503982e-14,0.0,36123.7916972986,2426.11683848797
3863,0.0,0.0,0.0,0.0,2556.70103092783,0.0,1.92807016629586e-13,0.0,33195.1536320892,2556.70103092783
3864,0.0,0.0,0.0,0.0,2419.2439862543,0.0,-3.5265578925961603e-14,0.0,30423.9692262996,2419.2439862543
3865,0.0,0.0,0.0,0.0,2694.15807560137,0.0,2.3885174861251402e-14,0.0,27337.8775016703,2694.15807560137
3866,0.0,0.0,0.0,0.0,2687.2852233677,788.338153459896,-4.70676205151085e-14,0.0,23356.6365201954,2687.2852233677
3867,40.34745,0.0,0.0,0.0,2608.09046219931,4233.95189003436,-2.6744667880863702e-14,0.0,15519.2455096185,2648.43791219931
3868,631.1292,0.0,0.0,0.0,1752.35358075601,0.0,-7.05562655753837e-14,0.0,13511.9676393366,2383.48278075601
3869,2461.85567010309,0.0,0.0,43.6408298969068,-1.22802956447649e-13,4185.4620790378,1.01064696559482e-29,0.0,8717.62390618911,2461.85567010309
3870,2437.11340206186,0.0,0.0,1675.31959793814,1.57728891230278e-13,2372.48567010309,-3.4811060013858595e-30,0.0,6000.0,2437.11340206186
3871,2369.07216494845,4507.89213402062,0.0,3810.55670103093,1.71279220867139e-13,-7.64294306540785e-14,-5.653224540794589e-30,0.0,9716.7570645,2369.07216494845
3872,2430.92783505155,6418.11046391753,0.0,3810.55670103093,-2.47755640093864e-14,-7.64294306540785e-14,2.6206778864767996e-31,0.0,15008.489142,2430.92783505155
3873,2430.92783505155,7695.43846391753,0.0,3810.55670103093,-2.47755640093864e-14,-7.64294306540785e-14,2.6206778864767996e-31,0.0,21353.3781555,2430.92783505155
3874,2486.59793814433,9544.09936082474,0.0,3810.55670103093,1.01940030192717e-13,-7.64294306540785e-14,3.90450534248468e-30,0.0,29222.4880785,2486.59793814433
3875,2381.44329896907,5847.183,0.0,3810.55670103093,3.10132970281752e-14,-7.64294306540785e-14,1.14056328787246e-30,0.0,34043.490462,2381.44329896907
3876,2517.52577319588,2860.6685257732,0.0,3810.55670103093,3.91263775445419e-15,-7.64294306540785e-14,-2.46041953736201e-32,0.0,36402.1116615,2517.52577319588
3877,2430.92783505155,1255.87546391753,0.0,3810.55670103093,-2.47755640093864e-14,-7.64294306540785e-14,2.6206778864767996e-31,0.0,37437.5809815,2430.92783505155
3878,2480.41237113402,0.0,0.0,305.201628865979,-8.0564425046948e-14,3894.83896907217,4.8929768514864396e-30,0.0,32976.1388634334,2480.41237113402
3879,2091.6363,0.0,0.0,0.0,390.736298969072,4233.95189003436,-2.41464869450975e-14,0.0,27678.6724384581,2482.372598969072
3880,2152.57731958763,0.0,0.0,2126.46368041237,-1.53078700701609e-13,1871.21446735395,-1.01926371410173e-29,0.0,25535.242349851,2152.57731958763
3881,530.7627,0.0,0.0,0.0,1692.05060824742,804.893348739544,4.9844662811877505e-14,0.0,22675.0545411604,2222.81330824742
3882,92.22408,0.0,0.0,0.0,2144.95148041237,0.0,1.12040068743391e-13,0.0,20218.0654456135,2237.17556041237
3883,0.0,0.0,0.0,0.0,2419.2439862543,0.0,-3.5265578925961603e-14,0.0,17446.881039824,2419.2439862543
3884,0.0,0.0,0.0,0.0,2570.44673539519,0.0,-6.22818299415769e-14,0.0,14502.4976086725,2570.44673539519
3885,0.0,0.0,0.0,0.0,2577.31958762887,0.0,8.670965434782951e-15,0.0,11550.2414945501,2577.31958762887
3886,0.0,0.0,0.0,0.0,2432.98969072165,0.0,1.06640011826758e-13,0.0,8763.31172281858,2432.98969072165
3887,0.0,0.0,0.0,0.0,2412.37113402062,0.0,-1.06218374302322e-13,0.0,6000.0,2412.37113402062
3888,0.0,0.0,0.0,0.0,0.0,0.0,2100.0,0.0,12000.0,2100.0
3889,0.0,0.0,0.0,0.0,1087.88605154639,0.0,1186.275477,0.0,10753.8533201072,2274.16152854639
3890,0.0,0.0,0.0,0.0,0.0,0.0,2130.0,0.0,10753.8533201072,2130.0
3891,0.0,0.0,0.0,0.0,2460.48109965636,0.0,-6.543243991685521e-15,0.0,7935.4328164917,2460.48109965636
3892,788.6853,0.0,0.0,0.0,0.0,0.0,1340.975259,0.0,7935.4328164917,2129.660559
3893,753.1875,0.0,0.0,0.0,0.0,0.0,1477.408125,0.0,7935.4328164917,2230.595625
3894,829.8459,0.0,0.0,0.0,1689.63284879725,0.0,-7.11224273274573e-14,0.0,6000.0,2519.47874879725
3895,2232.98969072165,1785.92130927835,0.0,0.0,1.9837988014086e-13,0.0,-9.997461619612059e-30,0.0,7472.4921195,2232.98969072165
3896,2344.32989690722,3842.08410309278,0.0,0.0,-5.3463765773226904e-14,0.0,5.48739772668981e-31,0.0,10640.2904625,2344.32989690722
3897,2325.77319587629,1742.12180412371,0.0,0.0,-9.5702297173928e-14,0.0,-5.256576546996309e-30,0.0,12076.66989,2325.77319587629
3898,2325.77319587629,830.278404123711,0.0,0.0,-9.5702297173928e-14,0.0,-5.256576546996309e-30,0.0,12761.2344342,2325.77319587629
3899,2356.70103092784,812.906969072165,0.0,0.0,-1.93729689612191e-13,0.0,-3.67628152279106e-30,0.0,13431.4762302,2356.70103092784
3900,2344.32989690722,441.408903092783,0.0,0.0,-5.3463765773226904e-14,0.0,5.48739772668981e-31,0.0,13795.4178708,2344.32989690722
3901,2430.92783505155,483.604564948454,0.0,0.0,-2.47755640093864e-14,0.0,2.6206778864767996e-31,0.0,14194.1498346,2430.92783505155
3902,2319.58762886598,14271.675371134,0.0,0.0,2.27068081904701e-13,0.0,-2.02002676053804e-30,0.0,25961.1461781,2319.58762886598
3903,2220.61855670103,11555.858443299,0.0,0.0,-1.6662903033847e-13,0.0,-8.02051860160852e-30,0.0,35488.9514646,2220.61855670103
3904,2158.76288659794,545.462013402062,0.0,0.0,2.94257545380557e-14,0.0,-1.6229952589192702e-31,0.0,35938.68489465,2158.76288659794
3905,1129.2372,0.0,0.0,0.0,958.350419243986,0.0,3.26251921820457e-14,0.0,34840.9180913923,2087.587619243986
3906,2096.90721649485,183.808883505155,0.0,0.0,-3.49704061103125e-14,0.0,-1.6966397156885898e-30,0.0,34992.4685158423,2096.90721649485
3907,24.00762,0.0,0.0,0.0,2413.18740962199,0.0,-1.18040355428622e-13,0.0,32228.2217694253,2437.1950296219898
3908,70.05063,0.0,0.0,0.0,2327.66424845361,0.0,1.8231930185048402e-14,0.0,29561.9396978863,2397.7148784536103
3909,0.0,0.0,0.0,0.0,2439.86254295533,0.0,1.7759280720311799e-13,0.0,26767.1372431837,2439.86254295533
3910,0.0,0.0,0.0,0.0,2522.33676975945,0.0,-1.61956960252213e-13,0.0,23877.8625928293,2522.33676975945
3911,0.0,0.0,0.0,0.0,2597.9381443299,0.0,-1.7546508576002099e-13,0.0,20901.9884297939,2597.9381443299
3912,0.0,0.0,0.0,0.0,0.0,0.0,2268.0,0.0,20901.9884297939,2268.0
3913,0.0,0.0,0.0,0.0,1893.04080986296,0.0,513.375372989633,0.0,18733.5568033758,2406.416182852593
3914,0.0,0.0,0.0,0.0,2371.13402061856,0.0,-1.3494070923659799e-13,0.0,16017.4811783832,2371.13402061856
3915,0.0,0.0,0.0,0.0,2336.76975945017,0.0,-9.27102487945139e-14,0.0,13340.7689682455,2336.76975945017
3916,463.8036,0.0,0.0,0.0,1821.43242611684,0.0,-6.224810458001281e-14,0.0,11254.3629818574,2285.23602611684
3917,453.4296,0.0,0.0,0.0,1812.34053608247,0.0,8.939398649957741e-14,0.0,9178.37153159111,2265.77013608247
3918,698.7201,0.0,0.0,0.0,1656.63402405498,0.0,7.26287301243464e-15,0.0,7280.73805615585,2355.3541240549803
3919,1226.7138,0.0,0.0,0.0,1118.08432302406,0.0,-1.59764036257854e-14,0.0,6000.0,2344.7981230240603
3920,2294.84536082474,3.2302478635525104e-15,-3.2302478635525104e-15,2026.82263917526,2.3250952643346703e-15,0.0,4.98841313778767e-32,0.0,6000.0,2294.84536082474
3921,2338.14432989691,5307.15896907216,0.0,3810.55670103093,-2.35968221012892e-13,2.35968221012892e-13,1.25560204057978e-29,0.0,10375.75257,2338.1443298969098
3922,2362.88659793814,13156.0877010309,0.0,3810.55670103093,-1.12252343725259e-14,1.12252343725259e-14,-5.32699610245165e-31,0.0,21222.9468795,2362.88659793814
3923,2331.9587628866,14228.1985360825,1.81898940354586e-12,3810.55670103093,8.68021580657368e-14,-8.68021580657368e-14,4.77376106812902e-30,0.0,32954.0965725,2331.9587628866
3924,2356.70103092784,14313.5532680412,-1.81898940354586e-12,3810.55670103093,-1.93729689612191e-13,1.93729689612191e-13,-3.67628152279106e-30,0.0,44755.621242,2356.70103092784
3925,2418.55670103093,13267.9225979381,0.0,3810.55670103093,1.15490359829577e-13,-1.15490359829577e-13,-9.28642232105115e-30,0.0,55695.023424,2418.55670103093
3926,2468.0412371134,11246.0130618557,0.0,3810.55670103093,5.97014987920158e-14,-5.97014987920158e-14,-1.90081097718061e-30,0.0,64967.3611935,2468.0412371134
3927,2505.15463917526,8366.54065979381,0.0,3810.55670103093,1.44178561593418e-13,-1.44178561593418e-13,-1.3089874619771299e-30,0.0,71865.5739675,2505.15463917526
3928,2591.75257731959,4567.72772164948,9.09494701772928e-13,3810.55670103093,1.72866763357259e-13,-1.72866763357259e-13,6.66844739709689e-30,0.0,75631.665474,2591.75257731959
3929,2523.71134020619,20.2749587628869,0.0,3810.55670103093,1.86417092994119e-13,-1.86417092994119e-13,4.4963288576881596e-30,0.0,75648.3821775,2523.71134020619
3930,2182.518,0.0,0.0,-7.475724160666341e-14,262.265223367698,4233.95189003436,5.297567226434731e-15,0.0,70498.0762056763,2444.783223367698
3931,690.7017,0.0,0.0,-7.475724160666341e-14,2084.78734364261,4233.95189003436,-3.54049459196613e-14,0.0,63260.1160296431,2775.48904364261
3932,180.56649,0.0,0.0,-7.475724160666341e-14,2672.22280034364,4233.95189003436,-8.93858803857064e-14,0.0,55349.2630051552,2852.78929034364
3933,0.0,0.0,0.0,0.0,2852.23367697594,4233.95189003436,6.782171922199599e-14,0.0,47232.2119547424,2852.23367697594
3934,0.0,0.0,0.0,0.0,2893.47079037801,4233.95189003436,9.654405415627211e-14,0.0,39067.9248065037,2893.47079037801
3935,0.0,0.0,0.0,0.0,2941.58075601375,4233.95189003436,1.96219184466908e-13,0.0,30848.5288774681,2941.58075601375
3936,0.0,0.0,0.0,0.0,0.0,0.0,2550.0,0.0,12000.0,2550.0
3937,0.0,0.0,0.0,0.0,0.0,0.0,2550.0,0.0,12000.0,2550.0
3938,0.0,0.0,0.0,0.0,2822.90482130584,0.0,73.6040909999997,0.0,8766.43204890511,2896.50891230584
3939,53.83092,0.0,0.0,0.0,0.0,0.0,2485.7840076,0.0,8766.43204890511,2539.6149276
3940,576.5994,0.0,0.0,0.0,2170.33056357388,0.0,1.71657054017469e-13,0.0,6280.37183862574,2746.9299635738803
3941,2544.6603,0.0,0.0,0.0,244.764615120275,0.0,-6.1022038708808505e-15,0.0,6000.0,2789.424915120275
3942,2665.9793814433,273.895917525772,0.0,3810.55670103093,-1.63453945358231e-13,0.0,-5.41479297407974e-30,0.0,6225.827184,2665.9793814433
3943,2350.51546391753,5027.98883505155,0.0,3810.55670103093,1.29040689466438e-13,0.0,1.05790773877943e-29,0.0,10371.4039785,2350.51546391753
3944,2430.92783505155,8565.48946391753,0.0,3810.55670103093,-2.47755640093864e-14,0.0,2.6206778864767996e-31,0.0,17433.6500415,2430.92783505155
3945,2319.58762886598,11374.7326701031,0.0,3810.55670103093,2.27068081904701e-13,0.0,-2.02002676053804e-30,0.0,26812.117128,2319.58762886598
3946,2313.40206185567,13139.8572371134,0.0,3810.55670103093,4.4563626665035705e-14,-7.64294306540785e-14,-1.0315552515362699e-30,0.0,37645.92942,2313.40206185567
3947,2270.10309278351,13991.4312061856,0.0,3810.55670103093,-2.22417891376031e-13,-7.64294306540785e-14,1.03839018663891e-29,0.0,49181.8644495,2270.10309278351
3948,2208.24742268041,14016.1198762887,0.0,3810.55670103093,-2.6363106499505902e-14,-7.64294306540785e-14,-1.0407950251167099e-30,0.0,60738.1552875,2208.24742268041
3949,2232.98969072165,13108.6906082474,0.0,3810.55670103093,1.9837988014086e-13,-7.64294306540785e-14,-9.997461619612059e-30,0.0,71546.270694,2232.98969072165
3950,2400.0,11128.8042989691,0.0,3810.55670103093,7.32518284288763e-14,-7.64294306540785e-14,-4.07292951658934e-30,0.0,80721.9698385,2400.0
3951,2313.40206185567,8487.1572371134,0.0,3810.55670103093,4.4563626665035705e-14,-7.64294306540785e-14,-1.0315552515362699e-30,0.0,87719.6309805,2313.40206185567
3952,2245.36082474227,4953.0414742268,0.0,3810.55670103093,5.81139563018963e-14,0.0,-3.203673790945e-30,0.0,91803.413676,2245.36082474227
3953,2115.46391752577,493.769381443298,0.0,3810.55670103093,-2.37555763503011e-13,0.0,2.3434846790635904e-31,0.0,92210.526531,2115.4639175257694
3954,2154.5004,0.0,0.0,0.0,45.9732096219928,0.0,-2.36970761303114e-15,0.0,92157.8653515934,2200.4736096219926
3955,646.2495,0.0,0.0,0.0,1804.28176975945,0.0,-3.61305975897618e-14,0.0,90091.1050196811,2450.53126975945
3956,169.4316,0.0,0.0,0.0,2313.46087972509,0.0,5.9285214599304304e-15,0.0,87441.0925572239,2482.8924797250897
3957,0.0,0.0,0.0,0.0,2446.735395189,0.0,-1.48448834744405e-13,0.0,84638.4174195504,2446.735395189
3958,0.0,0.0,0.0,0.0,2453.60824742268,0.0,-7.74960393680454e-14,0.0,81827.8695989058,2453.60824742268
3959,0.0,0.0,0.0,0.0,2529.20962199313,0.0,-9.10041648758531e-14,0.0,78930.7222655804,2529.20962199313
3960,0.0,0.0,0.0,0.0,2371.13402061856,0.0,-1.3494070923659799e-13,0.0,76214.6466405877,2371.13402061856
3961,0.0,0.0,0.0,0.0,2453.60824742268,0.0,-7.74960393680454e-14,0.0,73404.0988199432,2453.60824742268
3962,0.0,0.0,0.0,0.0,2364.26116838488,0.0,1.91100932710926e-13,0.0,70695.8958779216,2364.26116838488
3963,0.0,0.0,0.0,0.0,2556.70103092783,0.0,1.92807016629586e-13,0.0,67767.2578127121,2556.70103092783
3964,450.6528,0.0,0.0,0.0,1939.13720962199,0.0,1.04931835835877e-14,0.0,65546.0238956194,2389.79000962199
3965,1398.0681,0.0,0.0,0.0,1099.51196219931,0.0,-6.01198878019472e-14,0.0,64286.5600213934,2497.58006219931
3966,1059.2985,0.0,0.0,0.0,1524.03259450172,868.937883958339,8.5925990934935e-14,0.0,61545.4712717255,2583.33109450172
3967,958.6278,0.0,0.0,0.0,1594.65181443299,4233.95189003436,-8.85715468711492e-14,0.0,54868.9492734811,2553.27961443299
3968,2387.62886597938,2979.02143298969,0.0,3810.55670103093,2.1351775226784e-13,-7.64294306540785e-14,1.52091778870695e-31,0.0,57325.1524449811,2387.62886597938
3969,2356.70103092784,6309.50526804124,0.0,3810.55670103093,-1.93729689612191e-13,-7.64294306540785e-14,-3.67628152279106e-30,0.0,62527.3395384811,2356.70103092784
3970,2356.70103092784,2348.74326804124,0.0,3810.55670103093,-1.93729689612191e-13,-7.64294306540785e-14,-3.67628152279106e-30,0.0,64463.8783629811,2356.70103092784
3971,2344.32989690722,0.0,0.0,11.1024030927833,-5.3463765773226904e-14,4221.61588659794,5.48739772668981e-31,0.0,59628.1213336593,2344.32989690722
3972,1697.1786,0.0,0.0,0.0,725.929848797251,4233.95189003436,3.1084998553816402e-15,0.0,53946.6989524089,2423.108448797251
3973,2270.10309278351,0.0,0.0,410.877807216495,-2.22417891376031e-13,0.0,1.03839018663891e-29,0.0,53946.6989524089,2270.10309278351
3974,2010.2004,0.0,0.0,0.0,467.474927835052,0.0,-8.180568616555e-16,0.0,53411.2179354157,2477.675327835052
3975,2443.29896907217,5441.85432989691,0.0,3810.55670103093,-1.6504148784835e-13,-7.64294306540785e-14,4.30115333628296e-30,0.0,57898.0268304157,2443.29896907217
3976,2665.9793814433,1079.71391752577,0.0,3810.55670103093,-1.63453945358231e-13,-7.64294306540785e-14,-5.41479297407974e-30,0.0,58788.2509554157,2665.9793814433
3977,2641.23711340206,0.0,0.0,364.059986597938,1.17077902319697e-13,3829.44079381443,3.0352496168403298e-30,0.0,54401.7208364988,2641.23711340206
3978,95.03598,0.0,0.0,0.0,2787.87525704467,4233.95189003436,1.1500112019477e-13,0.0,46358.3907711162,2882.91123704467
3979,0.0,0.0,0.0,0.0,2846.62084765178,4233.95189003436,-2.81399422028063e-14,0.0,38247.7690784631,2846.62084765178
3980,0.0,0.0,0.0,0.0,2911.34020618557,4233.95189003436,1.10672964492738e-13,0.0,30063.0129544998,2911.34020618557
3981,0.0,0.0,0.0,0.0,2675.48682703322,4233.95189003436,7.751219546575999e-14,0.0,22148.4210678245,2675.48682703322
3982,0.0,0.0,0.0,0.0,2742.84077892325,4233.95189003436,-1.35189920096005e-13,0.0,14156.6768880334,2742.84077892325
3983,0.0,0.0,0.0,0.0,2886.82703321879,4233.95189003436,-1.80408884217054e-13,0.0,6000.0,2886.82703321879
3984,0.0,0.0,0.0,0.0,0.0,0.0,2463.6,0.0,12000.0,2463.6
3985,0.0,0.0,0.0,0.0,0.0,0.0,2554.1,0.0,12000.0,2554.1
3986,0.0,0.0,0.0,0.0,0.0,0.0,2543.2,0.0,12000.0,2543.2
3987,0.0,0.0,0.0,0.0,0.0,0.0,2451.9,0.0,12000.0,2451.9
3988,199.9023,0.0,0.0,0.0,0.0,0.0,2220.694769,0.0,12000.0,2420.5970690000004
3989,1151.0187,0.0,0.0,0.0,0.0,0.0,1344.311861,0.0,12000.0,2495.330561
3990,999.4842,0.0,0.0,0.0,1110.65881099656,0.0,607.095184,0.0,10727.7676849982,2717.23819499656
3991,322.72695,0.0,0.0,0.0,0.0,0.0,2260.3548585,0.0,10727.7676849982,2583.0818085
3992,460.3287,0.0,0.0,0.0,2312.80774455899,0.0,-1.72788347639569e-13,0.0,8078.5033727886,2773.13644455899
3993,1046.9199,0.0,0.0,0.0,1814.53344444444,0.0,-9.272843214268451e-14,0.0,6000.0,2861.45334444444
3994,2712.0618556701,2740.2551443299,0.0,0.0,1.03612529700344e-13,0.0,-3.84229323446728e-30,0.0,8259.3403665,2712.0618556701
3995,1935.2892,0.0,0.0,0.0,861.591610538374,0.0,-1.73415209116385e-14,0.0,7272.40839566567,2796.880810538374
3996,2778.86597938144,1796.65302061856,0.0,0.0,-2.43352768882828e-13,0.0,8.201012391346749e-30,0.0,8753.74881116567,2778.8659793814395
3997,2761.03092783505,781.495072164948,0.0,0.0,-9.49127213371403e-15,0.0,6.836485976669271e-31,0.0,9398.09149816567,2761.03092783505
3998,2817.42268041237,1008.14581958763,0.0,0.0,-9.63234273685955e-14,0.0,-2.3799153136195096e-30,0.0,10229.3077264157,2817.42268041237
3999,1766.2632,0.0,0.0,0.0,1067.03859793814,0.0,7.46550174531857e-14,0.0,9007.04129120588,2833.30179793814
4000,1742.871,0.0,0.0,0.0,1118.45948453608,0.0,-9.692076566285821e-14,0.0,7725.87349677738,2861.33048453608
4001,1131.3549,0.0,0.0,0.0,1506.68756268665,0.0,184.947504774555,0.0,6000.0,2822.9899674612047
4002,89.12241,0.0,0.0,0.0,0.0,0.0,2504.0512623,0.0,6000.0,2593.1736723
4003,68.08308,0.0,0.0,0.0,0.0,0.0,2549.9594124,0.0,6000.0,2618.0424924
4004,181.4826,0.0,0.0,0.0,0.0,0.0,2473.261878,0.0,6000.0,2654.744478
4005,0.0,0.0,0.0,0.0,0.0,0.0,2573.4,0.0,6000.0,2573.4
4006,0.0,0.0,0.0,0.0,0.0,0.0,2602.6,0.0,6000.0,2602.6
4007,0.0,0.0,0.0,0.0,0.0,0.0,2556.1,0.0,6000.0,2556.1
4008,0.0,0.0,0.0,0.0,0.0,0.0,2494.4,0.0,6000.0,2494.4
4009,0.0,0.0,0.0,0.0,0.0,0.0,2592.2,0.0,6000.0,2592.2
4010,0.0,0.0,0.0,0.0,0.0,0.0,2547.5,0.0,6000.0,2547.5
4011,0.0,0.0,0.0,0.0,0.0,0.0,2534.0,0.0,6000.0,2534.0
4012,612.3468,0.0,0.0,0.0,0.0,0.0,1832.523604,0.0,6000.0,2444.870404
4013,768.3546,0.0,0.0,0.0,0.0,0.0,1800.196038,0.0,6000.0,2568.550638
4014,2686.18556701031,2.22456946879006e-13,2.32290404007458e-13,821.65383298969,1.60121952108619e-13,0.0,-4.33513573620798e-30,0.0,6000.0,2686.18556701031
4015,2567.31958762887,4410.92771134021,0.0,3810.55670103093,-2.13346369839929e-13,0.0,-7.24522460227006e-30,0.0,9636.809898,2567.31958762887
4016,2604.32989690722,0.0,0.0,679.614403092784,2.51385926871613e-13,0.0,-2.1282908841140197e-30,0.0,9636.809898,2604.32989690722
4017,2704.43298969072,0.0,0.0,473.010110309278,-1.25817147520657e-13,3174.935040954,-8.200457624107019e-30,0.0,6000.0,2704.43298969072
4018,2750.72164948454,3200.18764948454,0.0,3810.55670103093,-1.29613362695564e-13,-7.64294306540785e-14,-7.92952201825901e-30,0.0,8638.554717,2750.72164948454
4019,2650.61855670103,0.0,0.0,2261.54844329897,2.47589711696707e-13,1721.12028636884,2.01802629699882e-29,0.0,6667.05381623386,2650.6185567010302
4020,2464.22680412371,1385.44049484536,0.0,3810.55670103093,-7.064039654997861e-14,-7.64294306540785e-14,-4.0887197393798594e-30,0.0,7809.34950423386,2464.22680412371
4021,2456.80412371134,11719.2051752577,0.0,3810.55670103093,-6.5657929686168e-14,-7.64294306540785e-14,3.51843913879954e-30,0.0,17471.8341712339,2456.80412371134
4022,2580.30927835052,2633.77302061856,0.0,3810.55670103093,-1.86904809205737e-13,-7.64294306540785e-14,1.22374245257892e-31,0.0,19643.3800267339,2580.30927835052
4023,2519.58762886598,161.717670103093,0.0,3810.55670103093,2.3317240094044e-13,-7.64294306540785e-14,1.69234784136353e-29,0.0,19776.7162457339,2519.5876288659806
4024,2511.9587628866,4291.64653608247,0.0,3810.55670103093,-1.18843330120549e-14,-7.64294306540785e-14,1.60327191973159e-31,0.0,23315.1788147339,2511.9587628866
4025,2466.18556701031,0.0,0.0,3754.15843298969,4.9226822959348205e-14,62.6647422680414,-1.3829923236861799e-30,0.0,23243.3978957556,2466.18556701031
4026,2131.6932,0.0,0.0,0.0,350.810533791524,2123.9637569236,2.1712073088394e-14,0.0,20408.6048937909,2482.503733791524
4027,615.2601,0.0,0.0,0.0,2013.85762084765,0.0,-6.78180043308038e-14,0.0,18101.7805858326,2629.11772084765
4028,164.82687,0.0,0.0,0.0,2500.24964043528,0.0,-3.37574419254678e-14,0.0,15237.8061981633,2665.07651043528
4029,0.0,0.0,0.0,0.0,2584.65063001145,0.0,1.22370825703675e-13,0.0,12277.1525555385,2584.65063001145
4030,0.0,0.0,0.0,0.0,2723.94043528064,0.0,6.668432994288881e-14,0.0,9156.94587136823,2723.94043528064
4031,0.0,0.0,0.0,0.0,2756.01374570447,0.0,-1.31528541399276e-13,0.0,6000.0,2756.01374570447
4032,0.0,0.0,0.0,0.0,0.0,0.0,2298.6,0.0,12000.0,2298.6
4033,0.0,0.0,0.0,0.0,0.0,0.0,2483.0,0.0,12000.0,2483.0
4034,0.0,0.0,0.0,0.0,559.080512600229,0.0,1922.3227125,0.0,11359.587041695,2481.403225100229
4035,37.55895,0.0,0.0,0.0,2661.13152176403,0.0,-2.71051953828234e-14,0.0,8311.32642111768,2698.69047176403
4036,477.2898,0.0,0.0,0.0,2017.78796563574,0.0,4.29199573048957e-14,0.0,6000.0,2495.07776563574
4037,2363.09278350515,2.88362280004185e-13,1.66385070882279e-13,45.9996164948458,2.07559852980793e-13,0.0,1.7823391065833898e-30,0.0,6000.0,2363.09278350515
4038,2370.92783505155,407.526463917525,0.0,3810.55670103093,1.66126839968313e-13,0.0,4.8389393624586894e-30,0.0,6336.0055695,2370.92783505155
4039,2472.16494845361,4633.72935051546,0.0,3810.55670103093,1.29461908456945e-14,0.0,-5.5444912796885e-31,0.0,10156.515419,2472.16494845361
4040,2488.24742268041,8011.89487628866,0.0,3810.55670103093,-1.06370381327934e-13,-7.64294306540785e-14,2.44899911267758e-30,0.0,16762.3227445,2488.24742268041
4041,2698.0412371134,10345.8760618557,0.0,3810.55670103093,-2.18318557953474e-14,-7.64294306540785e-14,-3.9219085189787904e-31,0.0,25292.4975575,2698.0412371134
4042,2599.58762886598,11961.1176701031,0.0,3810.55670103093,1.3143375034477899e-13,-7.64294306540785e-14,9.72504765297219e-30,0.0,35154.4390765,2599.58762886598
4043,2496.70103092784,12722.0512680412,0.0,3810.55670103093,1.89040901327419e-14,-7.64294306540785e-14,5.70005825350223e-31,0.0,45643.770347,2496.70103092784
4044,2567.01030927835,12515.7099896907,0.0,3810.55670103093,-5.18762232831074e-14,-7.64294306540785e-14,1.85160258643337e-30,0.0,55962.9732335,2567.01030927835
4045,2688.0412371134,9564.56606185567,0.0,3810.55670103093,1.70596627941287e-13,-7.64294306540785e-14,6.564501723611381e-31,0.0,63848.9579515,2688.0412371134
4046,2714.32989690722,7599.89940206186,0.0,3810.55670103093,4.6382545921355304e-14,-7.64294306540785e-14,7.76589549270686e-31,0.0,70115.0750085,2714.32989690722
4047,2601.85567010309,5427.98762886598,0.0,3810.55670103093,8.98308232972836e-14,-7.64294306540785e-14,-2.17545668210111e-30,0.0,74590.4508085,2601.85567010309
4048,2791.75257731959,1371.74772164949,0.0,3810.55670103093,1.78971082392998e-13,-7.64294306540785e-14,3.574334323016e-30,0.0,75721.456805,2791.75257731959
4049,2688.35051546392,0.0,0.0,2323.81248453608,-6.50057534702878e-15,1651.93801832761,-1.8509674062635402e-31,0.0,73829.2024884735,2688.35051546392
4050,2422.992,0.0,0.0,0.0,236.309003436426,0.0,-1.1631035684025101e-14,0.0,73558.5163447892,2659.301003436426
4051,875.8659,0.0,0.0,0.0,1808.83170332188,4233.95189003436,1.7992419471329902e-14,0.0,66636.656558585,2684.69760332188
4052,184.236,0.0,0.0,0.0,2490.94052691867,0.0,-9.21762128506268e-15,0.0,63783.3455311868,2675.17652691867
4053,0.0,0.0,0.0,0.0,2822.79495990836,0.0,-2.77275181305676e-14,0.0,60549.9034236171,2822.79495990836
4054,0.0,0.0,0.0,0.0,2794.38717067583,4233.95189003436,-3.8392097188778803e-17,0.0,52499.1141215435,2794.38717067583
4055,0.0,0.0,0.0,0.0,2800.91638029782,3194.97865385781,1.23664485550097e-13,0.0,45630.9640251453,2800.91638029782
4056,0.0,0.0,0.0,0.0,2688.54524627721,0.0,-1.43235730009699e-14,0.0,42551.3016582757,2688.54524627721
4057,0.0,0.0,0.0,0.0,2558.1901489118,4233.95189003436,-3.82019924158218e-14,0.0,34771.0702276386,2558.1901489118
4058,0.0,0.0,0.0,0.0,2512.37113402062,4233.95189003436,1.81052881736232e-14,0.0,27043.3233501415,2512.37113402062
4059,21.588684,0.0,0.0,0.0,2451.04121021764,4233.95189003436,-1.91187437063758e-13,0.0,19385.8283899445,2472.62989421764
4060,639.6702,0.0,0.0,0.0,1697.04456586483,4233.95189003436,1.32463721162865e-14,0.0,12592.018016635,2336.71476586483
4061,2052.88659793814,0.0,0.0,377.737702061856,1.87673827541992e-13,3814.24333218786,6.543288733030449e-30,0.0,8222.89621573251,2052.88659793814
4062,2302.0618556701,0.0,0.0,2064.0271443299,-2.05815402221301e-13,1940.58839633448,-4.35408233418716e-30,0.0,6000.0,2302.0618556701
4063,2246.80412371134,4096.05517525773,0.0,3810.55670103093,1.05039178283233e-13,-1.05039178283233e-13,2.14296210769651e-30,0.0,9377.197492,2246.80412371134
4064,2419.48453608247,3354.5987628866,9.09494701772928e-13,3810.55670103093,1.2072769774591099e-13,-1.2072769774591099e-13,4.2281797573605e-30,0.0,12143.064172,2419.48453608247
4065,2347.83505154639,5048.14124742268,0.0,3810.55670103093,2.38348276125589e-13,-2.38348276125589e-13,1.18334757235717e-29,0.0,16305.2566305,2347.8350515463903
4066,2390.51546391753,7257.74983505155,-9.09494701772928e-13,3810.55670103093,-1.66652524624793e-13,1.66652524624793e-13,8.614938433455979e-30,0.0,22289.2713695,2390.51546391753
4067,2462.98969072165,12229.4576082474,0.0,3810.55670103093,1.01219468822003e-13,-1.01219468822003e-13,-2.9882634996451596e-30,0.0,32372.4591675,2462.98969072165
4068,2433.60824742268,10415.4260515464,0.0,3810.55670103093,-1.34083150668538e-13,1.34083150668538e-13,-3.747032828161449e-30,0.0,40959.977947,2433.60824742268
4069,2380.41237113402,7946.21892783505,-9.09494701772928e-13,3810.55670103093,-8.36165845648178e-14,8.36165845648178e-14,-4.578775735600209e-30,0.0,47511.635453,2380.41237113402
4070,2429.79381443299,5533.16448453608,9.09494701772928e-13,3810.55670103093,-2.4879798927903897e-13,0.0,2.16209077873364e-29,0.0,52073.7295705,2429.7938144329896
4071,2423.81443298969,4484.50586597938,0.0,3810.55670103093,-1.96890300433891e-13,0.0,1.51827519177604e-30,0.0,55771.204657,2423.81443298969
4072,2388.24742268041,2618.54987628866,9.09494701772928e-13,3810.55670103093,-1.09422540845804e-13,0.0,3.99605564971802e-30,0.0,57930.19903,2388.24742268041
4073,2255.77319587629,0.0,0.0,2711.22780412371,-2.02019187046394e-13,1221.47655211913,-4.6250179400351694e-30,0.0,56531.0277217307,2255.77319587629
4074,788.931,0.0,0.0,-7.475724160666341e-14,1730.97013745704,4233.95189003436,5.05959188101049e-14,0.0,49698.3564416718,2519.90113745704
4075,38.2368090000001,0.0,0.0,-7.475724160666341e-14,2539.07250317297,4233.95189003436,-6.779452998420341e-14,0.0,41940.0238034045,2577.30931217297
4076,9.46335000000007,0.0,0.0,-7.475724160666341e-14,2526.48402119129,4233.95189003436,-5.1900734339242904e-14,0.0,34196.1109612216,2535.94737119129
4077,0.0,0.0,0.0,0.0,2520.5040091638,4233.95189003436,1.21802131064122e-13,0.0,26459.0480755422,2520.5040091638
4078,0.0,0.0,0.0,0.0,2512.14203894616,4233.95189003436,-1.72889006153294e-13,0.0,18731.5636208107,2512.14203894616
4079,0.0,0.0,0.0,0.0,2476.74684994273,4233.95189003436,8.53446146641494e-14,0.0,11044.6234833799,2476.74684994273
4080,0.0,0.0,0.0,0.0,0.0,0.0,2143.4,0.0,12000.0,2143.4
4081,0.0,0.0,0.0,0.0,0.0,0.0,2062.5,0.0,12000.0,2062.5
4082,0.0,0.0,0.0,0.0,1087.50268613975,0.0,1029.910155,0.0,10754.2924557391,2117.41284113975
4083,0.0,0.0,0.0,0.0,2329.43871706758,0.0,1.90584328260477e-13,0.0,8085.97777410386,2329.43871706758
4084,459.0885,0.0,0.0,0.0,1821.05859679267,0.0,-5.11074585375712e-14,0.0,6000.0,2280.14709679267
4085,1126.6047,0.0,0.0,0.0,0.0,0.0,911.493441,0.0,6000.0,2038.098141
4086,2092.0618556701,-5.368494757713881e-15,5.368494757713881e-15,2494.4161443299,-3.86418078891274e-15,0.0,-2.0250166846787504e-31,0.0,6000.0,2092.0618556701
4087,2296.18556701031,3919.72873195876,0.0,3810.55670103093,-4.45151696994943e-14,0.0,8.04449387694774e-31,0.0,9231.8163395,2296.18556701031
4088,2295.77319587629,1581.89610309278,0.0,3810.55670103093,7.562433180668451e-15,0.0,-2.0902519536933803e-31,0.0,10536.0896765,2295.77319587629
4089,2349.8969072165,4124.47039175258,0.0,3810.55670103093,-3.76667950067179e-14,0.0,-1.01354275519368e-30,0.0,13936.7155145,2349.8969072165
4090,2447.73195876289,2255.17734020618,0.0,3810.55670103093,1.1638083523530599e-13,0.0,1.5446419879001899e-30,0.0,15796.1092315,2447.73195876289
4091,2294.43298969072,0.0,0.0,475.475710309278,5.44026981444974e-14,0.0,-9.635904516862351e-31,0.0,15796.1092315,2294.43298969072
4092,2353.71134020619,1614.08695876289,0.0,3810.55670103093,7.70480436037829e-14,0.0,-4.343865122437359e-30,0.0,17126.923929,2353.71134020619
4093,2322.47422680412,11206.759072165,0.0,3810.55670103093,-1.53102194987932e-13,0.0,6.44281989404725e-30,0.0,26366.896784,2322.47422680412
4094,2307.11340206186,9490.67589690722,0.0,3810.55670103093,2.42314405335511e-13,0.0,-6.536782663709039e-30,0.0,34191.959061,2307.1134020618606
4095,2303.09278350515,6900.65051546392,0.0,3810.55670103093,-9.11855206283078e-14,0.0,1.3652566892855098e-30,0.0,39881.545411,2303.09278350515
4096,2359.8969072165,3693.00760174175,-4.54747350886464e-13,3697.13449104175,-2.45722335474846e-13,0.0,1.44572033393586e-29,0.0,42926.4301786361,2359.8969072165
4097,2392.78350515464,3533.53949484536,0.0,0.0,-2.23882508403782e-13,0.0,-8.803797031060239e-30,0.0,45839.8334921361,2392.78350515464
4098,2312.0618556701,262.277444329897,0.0,0.0,1.07030948360358e-13,0.0,-3.1546450809896697e-30,0.0,46056.0812449861,2312.0618556701
4099,10.180092,0.0,0.0,0.0,2760.16644989691,0.0,1.32687046150254e-13,0.0,42894.378553237,2770.34654189691
4100,152.13783,0.0,0.0,0.0,2704.26839049255,0.0,-1.15704302333888e-13,0.0,39796.7057118939,2856.4062204925503
4101,0.0,0.0,0.0,0.0,2787.97250859107,0.0,-2.82441225810163e-14,0.0,36603.1518647106,2787.97250859107
4102,0.0,0.0,0.0,0.0,2886.71248568156,0.0,1.21088405943371e-13,0.0,33296.4938055106,2886.71248568156
4103,0.0,0.0,0.0,0.0,2922.68041237113,0.0,1.09899718191843e-15,0.0,29948.6353720958,2922.68041237113
4104,0.0,0.0,0.0,0.0,2871.82130584192,0.0,9.968882840255221e-14,0.0,26659.0347926663,2871.82130584192
4105,0.0,0.0,0.0,0.0,2935.73883161512,0.0,-9.073677128481151e-14,0.0,23296.2182616066,2935.73883161512
4106,0.0,0.0,0.0,0.0,2892.78350515464,0.0,-1.37197305063178e-13,0.0,19982.6059991156,2892.78350515464
4107,0.0,0.0,0.0,0.0,2795.87628865979,0.0,1.65947036181286e-13,0.0,16779.9985665156,2795.87628865979
4108,657.1734,0.0,0.0,0.0,1801.88064375716,0.0,8.983015334919241e-14,0.0,14715.9886653047,2459.05404375716
4109,252.18921,0.0,0.0,0.0,2103.75311145475,0.0,1.79724241021004e-13,0.0,12306.1912867769,2355.94232145475
4110,138.01944,0.0,0.0,0.0,2329.92112623139,0.0,3.8244822644329104e-14,0.0,9637.32401732515,2467.94056623139
4111,519.0042,0.0,0.0,0.0,1928.48330584192,0.0,-4.9325018192828305e-14,0.0,7428.29388463108,2447.48750584192
4112,1080.573,0.0,0.0,0.0,1246.90056128293,0.0,-7.35004935825093e-14,0.0,6000.0,2327.47356128293
4113,2162.0618556701,0.0,0.0,451.339844329897,8.682565235205991e-14,0.0,-8.428868428083891e-31,0.0,6000.0,2162.0618556701
4114,2228.0412371134,0.0,0.0,1039.5386628866,-1.55984440470787e-13,0.0,9.093627737820991e-31,0.0,6000.0,2228.0412371134
4115,2206.0824742268,12792.7878247423,0.0,3810.55670103093,1.40259420956142e-13,-1.40259420956142e-13,5.8279751034287596e-30,0.0,16547.6535615,2206.0824742268
4116,2150.41237113402,12703.0659278351,0.0,3810.55670103093,1.35438267540389e-14,-1.35438267540389e-14,-5.6916473144001205e-31,0.0,27021.331419,2150.41237113402
4117,2173.09278350515,11725.4705154639,0.0,3810.55670103093,9.02705020841877e-15,-9.02705020841877e-15,-3.0424226514239704e-31,0.0,36688.981859,2173.09278350515
4118,2434.84536082474,9752.67093814433,0.0,3810.55670103093,2.14958875009267e-13,-2.14958875009267e-13,-8.099988785123819e-30,0.0,44730.0590475,2434.84536082474
4119,2607.31958762887,6987.00871134021,0.0,3810.55670103093,-1.9391806344360302e-14,1.9391806344360302e-14,1.29399499656405e-30,0.0,50490.84773,2607.31958762887
4120,2602.0618556701,3688.88844329897,0.0,3810.55670103093,0.0,0.0,-1.71683240361895e-13,0.0,53532.3362515,2602.0618556701
4121,2621.23711340206,0.0,0.0,3478.90888659794,2.79141489376591e-14,368.497571592211,1.47404241628854e-31,0.0,53110.2313584963,2621.23711340206
4122,2410.0323,0.0,0.0,-7.475724160666341e-14,179.803744558992,4233.95189003436,1.1091223485520301e-14,0.0,48054.3829798098,2589.836044558992
4123,853.4526,0.0,0.0,-7.475724160666341e-14,1920.56240320733,4233.95189003436,9.549794271494131e-14,0.0,41004.5384285593,2774.0150032073298
4124,0.0,0.0,0.0,0.0,2889.23253150057,4233.95189003436,1.28823587409067e-13,0.0,32845.106101486,2889.23253150057
4125,0.0,0.0,0.0,0.0,2873.42497136312,4233.95189003436,2.1929880083183502e-14,0.0,24703.7809452461,2873.42497136312
4126,0.0,0.0,0.0,0.0,2923.71134020619,4233.95189003436,1.82090274130442e-13,0.0,16504.853991935,2923.71134020619
4127,0.0,0.0,0.0,0.0,2935.96792668958,4233.95189003436,1.00257523042106e-13,0.0,8291.88742065902,2935.96792668958
4128,0.0,0.0,0.0,0.0,0.0,0.0,2436.6,0.0,12000.0,2436.6
4129,0.0,0.0,0.0,0.0,0.0,0.0,2502.9,0.0,12000.0,2502.9
4130,0.0,0.0,0.0,0.0,0.0,0.0,2454.1,0.0,12000.0,2454.1
4131,0.0,0.0,0.0,0.0,0.0,0.0,2459.7,0.0,12000.0,2459.7
4132,738.7146,0.0,0.0,0.0,0.0,0.0,1752.846838,0.0,12000.0,2491.561438
4133,54.86286,0.0,0.0,0.0,0.0,0.0,2565.9830258,0.0,12000.0,2620.8458858000004
4134,1953.3462,0.0,0.0,0.0,0.0,0.0,627.254186,0.0,12000.0,2580.600386
4135,2756.80412371134,3038.98587628866,0.0,0.0,0.0,0.0,-4.9325766838723505e-14,0.0,14505.643855,2756.80412371134
4136,2685.67010309278,2881.22889690722,0.0,0.0,0.0,0.0,1.03392941402077e-13,0.0,16881.2170805,2685.67010309278
4137,510.1122,0.0,0.0,0.0,0.0,0.0,2219.091166,0.0,16881.2170805,2729.203366
4138,935.6919,0.0,0.0,0.0,0.0,0.0,1700.678857,0.0,16881.2170805,2636.370757
4139,2662.47422680412,357.533673195876,0.0,0.0,0.0,0.0,4.36577234844681e-14,0.0,17176.00359405,2662.47422680412
4140,2570.61855670103,363.230543298969,0.0,0.0,0.0,0.0,-1.36141270078633e-13,0.0,17475.487177,2570.61855670103
4141,1441.8222,0.0,0.0,0.0,0.0,0.0,1165.932466,0.0,17475.487177,2607.754666
4142,2780.20618556701,488.49691443299,0.0,0.0,0.0,0.0,1.87766411811739e-13,0.0,17878.25288295,2780.20618556701
4143,2653.60824742268,508.14515257732,0.0,0.0,0.0,0.0,-2.024314278632e-14,0.0,18297.21856125,2653.60824742268
4144,2614.94845360825,2274.67654639175,0.0,0.0,0.0,0.0,1.9700548180190199e-13,0.0,20172.68937375,2614.94845360825
4145,2612.78350515464,3551.71249484536,0.0,0.0,0.0,0.0,-9.86379820891877e-14,0.0,23101.07632575,2612.78350515464
4146,2499.7596,0.0,0.0,0.0,0.0,0.0,142.133188,0.0,23101.07632575,2641.892788
4147,0.0,0.0,0.0,0.0,0.0,0.0,2630.4,0.0,23101.07632575,2630.4
4148,64.36365,0.0,0.0,0.0,0.0,0.0,2567.2672595,0.0,23101.07632575,2631.6309095
4149,0.0,0.0,0.0,0.0,0.0,0.0,2528.5,0.0,23101.07632575,2528.5
4150,0.0,0.0,0.0,0.0,0.0,0.0,2636.2,0.0,23101.07632575,2636.2
4151,0.0,0.0,0.0,0.0,2932.87514318442,0.0,1.2031043082999601e-14,0.0,19741.5400792615,2932.87514318442
4152,0.0,0.0,0.0,0.0,2738.37342497136,0.0,4.53368425911751e-14,0.0,16604.8007608522,2738.37342497136
4153,0.0,0.0,0.0,0.0,2911.4547537228,0.0,-1.33071412105105e-13,0.0,13269.8010429567,2911.4547537228
4154,0.0,0.0,0.0,0.0,2880.18327605956,0.0,-2.6144717039152604e-15,0.0,9970.62203257915,2880.18327605956
4155,48.89976,0.0,0.0,0.0,2844.17781534937,0.0,3.64298419259323e-14,0.0,6712.68639071275,2893.07757534937
4156,493.1472,0.0,0.0,0.0,297.499592517205,0.0,1707.23007173248,0.0,6371.90793422111,2497.876864249685
4157,2338.3074,0.0,0.0,0.0,324.675626575028,0.0,-9.143484855345061e-15,0.0,6000.0,2662.983026575028
4158,2641.9587628866,-1.50214685790538e-13,-3.04532665095926e-13,1889.2172371134,-1.1209690384878099e-13,0.0,4.5845284274328396e-30,0.0,6000.0,2641.9587628866
4159,2690.20618556701,0.0,0.0,2338.96081443299,3.9741004856387805e-15,0.0,-1.4239823862839002e-32,0.0,6000.0,2690.20618556701
4160,2655.46391752577,5649.5633814433,9.09494701772928e-13,3810.55670103093,-1.27133456865993e-14,1.27133456865993e-14,-3.3023919159824503e-31,0.0,10658.065008,2655.46391752577
4161,2636.59793814433,9660.11836082474,0.0,3810.55670103093,1.06518269469522e-13,-1.06518269469522e-13,-3.92548402513953e-30,0.0,18622.8325965,2636.59793814433
4162,2636.90721649484,1958.94708247423,9.09494701772928e-13,3810.55670103093,3.60538002057334e-13,0.0,6.473984534001081e-14,0.0,20237.984466,2636.9072164948407
4163,2653.60824742268,470.425051546391,0.0,3810.55670103093,-2.3188021519266902e-14,0.0,-1.1897716786196999e-30,0.0,20625.849921,2653.60824742268
4164,2630.72164948454,10606.7916494845,0.0,3810.55670103093,-2.37456332326965e-13,0.0,-1.20338397048412e-29,0.0,29371.149636,2630.72164948454
4165,2207.62886597938,10519.4134329897,0.0,3810.55670103093,-1.93070590972662e-13,0.0,6.64950079911771e-30,0.0,38044.4060115,2207.62886597938
4166,2236.70103092783,9409.10526804124,0.0,3810.55670103093,2.03702175074702e-13,0.0,5.4862881922103495e-30,0.0,45802.213305,2236.70103092783
4167,2197.01030927835,7331.95398969072,0.0,3810.55670103093,-1.67349591709183e-13,0.0,7.124330804515829e-30,0.0,51847.4093695,2197.01030927835
4168,2097.9381443299,4347.14015463918,0.0,3810.55670103093,9.52865322141742e-14,0.0,4.0315258751634495e-30,0.0,55431.626427,2097.9381443299
4169,2258.35051546392,41.2227835051544,0.0,3810.55670103093,8.455551693608831e-14,0.0,4.1639250565829494e-30,0.0,55465.614612,2258.35051546392
4170,2196.0783,0.0,0.0,-7.475724160666341e-14,14.0939851088206,4233.95189003436,-5.3274010072922e-16,0.0,50599.58268171,2210.1722851088207
4171,626.2269,0.0,0.0,-7.475724160666341e-14,1732.02738487972,4233.95189003436,2.42224505073802e-14,0.0,43765.700350766,2358.25428487972
4172,152.77392,0.0,0.0,-7.475724160666341e-14,2387.29587353952,4233.95189003436,1.53852567794281e-13,0.0,36181.2241038314,2540.06979353952
4173,0.0,0.0,0.0,0.0,2768.49942726231,4233.95189003436,3.53859154018862e-14,0.0,28160.088574282,2768.49942726231
4174,0.0,0.0,0.0,0.0,2962.08476517755,4233.95189003436,-8.34140138913541e-14,0.0,19917.2058077162,2962.08476517755
4175,0.0,0.0,0.0,0.0,2920.84765177549,4233.95189003436,-1.1213634882562999e-13,0.0,11721.5591389764,2920.84765177549
4176,0.0,0.0,0.0,0.0,2889.3470790378,0.0,-1.72673702751358e-13,0.0,8690.3240789945,2889.3470790378
4177,0.0,0.0,0.0,0.0,2348.6529209622,0.0,559.826,0.0,6000.0,2908.4789209622
4178,0.0,0.0,0.0,0.0,0.0,0.0,2561.7,0.0,6000.0,2561.7
4179,38.068992,0.0,0.0,0.0,0.0,0.0,2465.27307776,0.0,6000.0,2503.34206976
4180,476.9661,0.0,0.0,0.0,0.0,0.0,1910.942883,0.0,6000.0,2387.908983
4181,2304.7869,0.0,0.0,0.0,0.0,0.0,306.056707,0.0,6000.0,2610.843607
4182,2664.63917525773,-1.4030041277807e-13,1.4030041277807e-13,3641.50482474227,-1.0098662366290799e-13,0.0,3.4809263205939496e-30,0.0,6000.0,2664.63917525773
4183,2673.29896907217,3890.61232989691,9.09494701772928e-13,3810.55670103093,-2.46574842435713e-13,0.0,1.68285825856928e-29,0.0,9207.809866,2673.2989690721697
4184,2608.14432989691,6896.13296907216,0.0,3810.55670103093,-1.23547012104686e-13,-7.64294306540785e-14,-2.18846039937127e-30,0.0,14893.671499,2608.14432989691
4185,2648.45360824742,8211.46369072165,0.0,3810.55670103093,-9.106259516593861e-14,-7.64294306540785e-14,-5.500770270272359e-30,0.0,21664.023312,2648.45360824742
4186,2768.65979381443,8912.55850515464,0.0,3810.55670103093,2.35565461818781e-13,-7.64294306540785e-14,1.60694486788131e-29,0.0,29012.4277995,2768.6597938144305
4187,2469.17525773196,9652.23604123711,0.0,3810.55670103093,-2.2155091025662499e-13,-7.64294306540785e-14,-6.2248132861034296e-30,0.0,36970.6964155,2469.17525773196
4188,2251.34020618557,10193.6150927835,0.0,3810.55670103093,2.18333241882426e-14,-7.64294306540785e-14,3.79571685804105e-31,0.0,45375.3320595,2251.34020618557
4189,2272.47422680412,10138.6290721649,0.0,3810.55670103093,-1.70255331478361e-13,-7.64294306540785e-14,-3.811287528939e-30,0.0,53734.6317295,2272.47422680412
4190,2259.69072164948,9131.40657731959,0.0,3810.55670103093,3.77152519722593e-14,-7.64294306540785e-14,7.864368913521891e-31,0.0,61263.4764525,2259.69072164948
4191,2293.60824742268,7306.76505154639,0.0,3810.55670103093,1.74184960636317e-13,-7.64294306540785e-14,5.28239379266024e-30,0.0,67287.9042375,2293.60824742268
4192,2257.9381443299,4271.73115463917,0.0,3810.55670103093,1.36633119816251e-13,0.0,1.0037206176098299e-29,0.0,70809.9465745,2257.9381443299
4193,2228.86597938144,128.271319587629,0.0,3810.55670103093,2.45135188087181e-13,0.0,-1.96079303119191e-29,0.0,70915.7062775,2228.8659793814404
4194,2196.59793814433,0.0,0.0,0.673761855669909,-1.1527198882902099e-13,0.0,-9.040006324223029e-30,0.0,70915.7062775,2196.59793814433
4195,634.1673,0.0,0.0,0.0,1708.08444329897,0.0,8.26149538882585e-14,0.0,68959.1376139273,2342.25174329897
4196,147.14739,0.0,0.0,0.0,2186.33107869416,0.0,-1.83472204400392e-13,0.0,66454.7492076339,2333.4784686941603
4197,0.0,0.0,0.0,0.0,2234.8224513173,3664.99242790929,-8.652488068016361e-14,0.0,59696.6565624717,2234.8224513173
4198,0.0,0.0,0.0,0.0,2178.57961053837,4233.95189003436,-6.2523178438066e-14,0.0,52351.2596545992,2178.57961053837
4199,0.0,0.0,0.0,0.0,2193.35624284078,4233.95189003436,-1.36620748060706e-13,0.0,44988.936478339,2193.35624284078
4200,0.0,0.0,0.0,0.0,2015.00572737686,4233.95189003436,-4.9171323497573305e-14,0.0,37830.9094251761,2015.00572737686
4201,0.0,0.0,0.0,0.0,2056.35738831615,4233.95189003436,-1.52325516843071e-13,0.0,30625.5150628043,2056.35738831615
4202,0.0,0.0,0.0,0.0,2050.05727376861,4233.95189003436,1.42339575279793e-13,0.0,23427.3373264893,2050.05727376861
4203,34.30791,0.0,0.0,0.0,1873.3348537228,4233.95189003436,-5.41978287072404e-14,0.0,16431.5907700665,1907.6427637228
4204,473.304,0.0,0.0,0.0,1348.10437571592,4233.95189003436,-2.12521478180678e-14,0.0,10037.4827909711,1821.40837571592
4205,1691.03092783505,0.0,0.0,638.306472164948,1.21934716705762e-13,3524.72247651776,-9.628384529177619e-30,0.0,6000.0,1691.0309278350503
4206,1700.92783505155,949.411463917525,-2.27373675443232e-13,3810.55670103093,4.93105213543743e-14,-4.93105213543743e-14,9.83739070193304e-31,0.0,6782.789752,1700.92783505155
4207,1744.43298969072,5144.19230927835,0.0,3810.55670103093,3.76158207962133e-14,-3.76158207962133e-14,2.03581593997265e-30,0.0,11024.176311,1744.43298969072
4208,1713.81443298969,8358.10786597938,0.0,3810.55670103093,-2.58269333223461e-14,2.58269333223461e-14,-3.7719942984070904e-31,0.0,17915.4362465,1713.81443298969
4209,1844.22680412371,10496.6374948454,0.0,3810.55670103093,6.67067817541645e-14,-6.67067817541645e-14,3.42539996268987e-30,0.0,26569.913861,1844.22680412371
4210,1892.37113402062,11567.6761649485,0.0,3810.55670103093,6.55717140461787e-14,-6.55717140461787e-14,4.19401350321995e-31,0.0,36107.462859,1892.37113402062
4211,1801.75257731959,12042.6397216495,0.0,3810.55670103093,-5.1792524888081305e-14,5.1792524888081305e-14,-1.2910705817506899e-30,0.0,46036.6193095,1801.75257731959
4212,1765.25773195876,11981.7125670103,0.0,3810.55670103093,3.04378967836723e-14,-3.04378967836723e-14,-1.3090830780932698e-30,0.0,55915.541321,1765.25773195876
4213,1711.44329896907,11761.864,0.0,3810.55670103093,-9.361654995151021e-14,9.361654995151021e-14,3.56519929491588e-32,0.0,65613.198189,1711.44329896907
4214,1680.41237113402,10510.3019278351,0.0,3810.55670103093,-1.0498170118990699e-13,1.0498170118990699e-13,-4.7681891004442e-30,0.0,74278.9421285,1680.41237113402
4215,1680.51546391753,8356.77483505155,0.0,3810.55670103093,1.22243708524993e-14,-1.22243708524993e-14,-1.6287860705051401e-31,0.0,81169.10298,1680.51546391753
4216,1685.46391752577,5177.4603814433,-9.09494701772928e-13,3810.55670103093,1.06137745939253e-13,-1.06137745939253e-13,2.95270712281214e-30,0.0,85437.9190645,1685.46391752577
4217,1784.63917525773,777.32612371134,0.0,3810.55670103093,-3.14787775759521e-14,3.14787775759521e-14,-1.7409244353950798e-30,0.0,86078.8244535,1784.63917525773
4218,1760.51546391753,0.0,0.0,466.575636082475,-8.95142797431622e-14,3715.53451660939,-4.74553665134158e-31,0.0,81822.7711698695,1760.51546391753
4219,626.7105,0.0,0.0,-7.475724160666341e-14,1173.98718785796,4233.95189003436,-8.27249607698058e-14,0.0,75628.110141356,1800.69768785796
4220,155.53824,0.0,0.0,-7.475724160666341e-14,1818.93231065292,4233.95189003436,-3.49677046240286e-14,0.0,68694.680358209,1974.47055065292
4221,0.0,0.0,0.0,0.0,2002.52004581901,4233.95189003436,-1.75885616367939e-14,0.0,61550.9553457768,2002.52004581901
4222,0.0,0.0,0.0,0.0,1996.56357388316,4233.95189003436,-3.19236840093794e-14,0.0,54414.0533252527,1996.56357388316
4223,0.0,0.0,0.0,0.0,2037.80068728522,4233.95189003436,-3.2013490751033203e-15,0.0,47229.9152069026,2037.80068728522
4224,0.0,0.0,0.0,0.0,0.0,0.0,1745.0,0.0,12000.0,1745.0
4225,0.0,0.0,0.0,0.0,189.891049014891,0.0,1560.62511421,0.0,11782.4844799371,1750.516163224891
4226,0.0,0.0,0.0,0.0,1927.60595647194,0.0,6.00401612098124e-14,0.0,9574.45932933926,1927.60595647194
4227,23.537007,0.0,0.0,0.0,1871.7859143299,0.0,4.37974739397083e-14,0.0,7430.3746622947,1895.3229213299
4228,515.1237,0.0,0.0,0.0,1248.71708018328,0.0,1.67700823542263e-14,0.0,6000.0,1763.84078018328
4229,1844.22680412371,9.267553142925241e-14,-9.267553142925241e-14,442.616195876289,6.67067817541645e-14,0.0,3.42539996268987e-30,0.0,6000.0,1844.22680412371
4230,1917.31958762887,404.132711340205,4.54747350886464e-13,3810.55670103093,1.16384820873165e-14,0.0,-2.01784678016283e-31,0.0,6333.2074205,1917.31958762887
4231,1898.65979381443,4399.58350515464,0.0,3810.55670103093,1.04831295803356e-13,0.0,-3.978967790283459e-30,0.0,9960.6640205,1898.65979381443
4232,1884.74226804124,7336.98003092784,0.0,3810.55670103093,8.0965925618577e-14,-7.64294306540785e-14,5.444969658816129e-30,0.0,16010.004056,1884.74226804124
4233,1957.31958762887,9372.23571134021,0.0,3810.55670103093,-3.14173148447675e-14,-7.64294306540785e-14,3.3546664688952804e-31,0.0,23737.4124,1957.31958762887
4234,1971.03092783505,10567.524371134,0.0,3810.55670103093,1.84868567800929e-14,-7.64294306540785e-14,-6.42425680388855e-31,0.0,32450.336244,1971.03092783505
4235,2041.54639175258,11174.0099072165,0.0,3810.55670103093,-7.0518729710091e-14,-7.64294306540785e-14,-5.047758476405449e-30,0.0,41663.3074125,2041.54639175258
4236,2049.69072164948,11386.9955773196,0.0,3810.55670103093,-2.07844721202461e-14,-7.64294306540785e-14,1.0548628536217599e-30,0.0,51051.885266,2049.69072164948
4237,2171.03092783505,10677.652371134,0.0,3810.55670103093,-2.20232712977567e-13,-7.64294306540785e-14,-7.61086689054007e-30,0.0,59855.609646,2171.03092783505
4238,2104.43298969072,9580.37330927835,0.0,3810.55670103093,-1.44130104627877e-13,-7.64294306540785e-14,1.0818815981356299e-30,0.0,67754.6274395,2104.43298969072
4239,2126.0824742268,7379.44282474227,0.0,3810.55670103093,2.41998071551804e-13,-7.64294306540785e-14,-9.011212384162349e-30,0.0,73838.9780485,2126.0824742268005
4240,2049.58762886598,4309.84667010309,0.0,3810.55670103093,1.14646872996495e-13,-7.64294306540785e-14,-9.313164203623109e-30,0.0,77392.446628,2049.58762886598
4241,2026.18556701031,294.486731958762,0.0,3810.55670103093,9.57010385514464e-14,-7.64294306540785e-14,1.44755645401497e-31,0.0,77635.2509385,2026.18556701031
4242,2021.13402061856,0.0,0.0,346.676879381443,-1.15418408577713e-13,3848.75535738832,-7.57614057785485e-30,0.0,73226.5964626829,2021.13402061856
4243,729.6237,0.0,0.0,0.0,1414.7365532646,4233.95189003436,3.3890644163507104e-14,0.0,66756.1629652041,2144.3602532646
4244,156.92976,0.0,0.0,0.0,1987.37472256586,4233.95189003436,9.766298831437911e-14,0.0,59629.7865475635,2144.30448256586
4245,0.0,0.0,0.0,0.0,2164.71935853379,0.0,9.70685209696388e-14,0.0,57150.1538344664,2164.71935853379
4246,0.0,0.0,0.0,0.0,2209.27835051546,4233.95189003436,6.57701064286362e-14,0.0,49769.5922759901,2209.27835051546
4247,0.0,0.0,0.0,0.0,2118.55670103093,4233.95189003436,3.65051219493589e-14,0.0,42492.9501327309,2118.55670103093
4248,0.0,0.0,0.0,0.0,2108.5910652921,1264.13022303328,4.6946608494544e-14,0.0,38629.5809593914,2108.5910652921
4249,0.0,0.0,0.0,0.0,2126.68957617411,4233.95189003436,-8.717171060337471e-14,0.0,31343.6228079498,2126.68957617411
4250,0.0,0.0,0.0,0.0,2098.85452462772,4233.95189003436,7.87616274859952e-14,0.0,24089.5490225408,2098.85452462772
4251,0.0,0.0,0.0,0.0,2048.45360824742,4233.95189003436,-1.76895913724722e-13,0.0,16893.2082455857,2048.45360824742
4252,578.1282,0.0,0.0,0.0,1456.03166781214,4233.95189003436,8.96705495062593e-14,0.0,10375.4722113973,2034.15986781214
4253,1898.35051546392,0.0,0.0,372.748184536083,2.14775535667781e-14,3819.78724054983,1.24353126234964e-30,0.0,6000.0,1898.35051546392
4254,1971.44329896907,174.041,-2.27373675443232e-13,3810.55670103093,-2.5777217734323e-14,2.5777217734323e-14,-1.00188895415094e-30,0.0,6143.4968045,1971.44329896907
4255,2299.38144329897,3864.1168556701,4.54747350886464e-13,3810.55670103093,-9.65078155621493e-14,9.65078155621493e-14,-3.0996839984097998e-30,0.0,9329.461152,2299.38144329897
4256,2351.64948453608,7021.00281443299,0.0,3810.55670103093,-1.52211719582203e-13,1.52211719582203e-13,-4.7637340452556e-30,0.0,15118.2779725,2351.64948453608
4257,2304.22680412371,9229.92249484536,0.0,3810.55670103093,1.3283690464134399e-13,-1.3283690464134399e-13,1.03081417819463e-29,0.0,22728.3490695,2304.22680412371
4258,2414.84536082474,10361.0639381443,0.0,3810.55670103093,1.10168064895736e-13,-1.10168064895736e-13,-2.7325538846193598e-30,0.0,31271.0462865,2414.84536082474
4259,2339.69072164948,10863.5025773196,0.0,3810.55670103093,-6.40233986234022e-14,6.40233986234022e-14,4.60681525481621e-30,0.0,40228.0041615,2339.69072164948
4260,2484.43298969072,10613.0703092784,0.0,3810.55670103093,-2.36712276669928e-13,2.36712276669928e-13,-2.17765278977759e-29,0.0,48978.4806315,2484.43298969072
4261,2468.96907216495,10088.8132268041,0.0,3810.55670103093,4.93117799768559e-14,-4.93117799768559e-14,5.86155409724568e-31,0.0,57296.707137,2468.96907216495
4262,2479.07216494845,9012.84013402062,0.0,3810.55670103093,-1.80971033516254e-14,1.80971033516254e-14,1.51847410012678e-32,0.0,64727.7938275,2479.07216494845
4263,2532.37113402062,6752.37516494845,0.0,3810.55670103093,4.08288742213138e-14,-4.08288742213138e-14,1.3157714365963598e-30,0.0,70295.127151,2532.37113402062
4264,2624.63917525773,733.35512371134,0.0,3810.55670103093,1.94706590428323e-13,-1.94706590428323e-13,5.44506527493227e-30,0.0,70899.7784505,2624.63917525773
4265,2593.71134020619,0.0,0.0,3448.98765979382,-2.28167908183202e-13,401.743379152348,7.11726996795469e-30,0.0,70439.5913037046,2593.7113402061896
4266,2329.3491,0.0,0.0,-7.475724160666341e-14,195.568583046964,4233.95189003436,2.6211363444996102e-15,0.0,65365.6846907821,2524.917683046964
4267,739.1202,0.0,0.0,-7.475724160666341e-14,1937.06002978236,4233.95189003436,6.23306917720299e-14,0.0,58296.9425145889,2676.18022978236
4268,0.0,0.0,0.0,0.0,2897.59450171821,4233.95189003436,-3.12326262599814e-14,0.0,50127.9317565676,2897.59450171821
4269,0.0,0.0,0.0,0.0,2989.46162657503,4233.95189003436,4.7147106888045804e-14,0.0,41853.6894695007,2989.46162657503
4270,0.0,0.0,0.0,0.0,3019.81672394044,4233.95189003436,-1.68803963298209e-13,0.0,33544.6761659786,3019.81672394044
4271,0.0,0.0,0.0,0.0,3013.28751431844,4233.95189003436,1.04487596378388e-13,0.0,25243.1419112789,3013.28751431844
4272,0.0,0.0,0.0,0.0,1393.61737915235,0.0,1281.272028,0.0,10403.6456138003,2674.88940715235
4273,0.0,0.0,0.0,0.0,0.0,0.0,2568.4,0.0,10403.6456138003,2568.4
4274,0.0,0.0,0.0,0.0,2955.55555555556,0.0,1.89877545785243e-13,0.0,7018.12951350756,2955.55555555556
4275,0.0,0.0,0.0,0.0,0.0,0.0,2559.1,0.0,7018.12951350756,2559.1
4276,546.078,0.0,0.0,0.0,0.0,0.0,1955.10434,0.0,7018.12951350756,2501.1823400000003
4277,1877.7876,0.0,0.0,0.0,888.827065292096,0.0,-3.0139753687855204e-14,0.0,6000.0,2766.614665292096
4278,2757.9381443299,2.11025762992324e-13,-2.11025762992324e-13,3140.1488556701,1.5189391740559998e-13,0.0,-8.716885633231029e-30,0.0,6000.0,2757.9381443299
4279,2756.28865979381,3364.34863917526,0.0,3810.55670103093,-1.29443448660549e-13,-7.64294306540785e-14,-3.9912265514375e-30,0.0,8773.905453,2756.28865979381
4280,2699.38144329897,6575.65385567011,0.0,3810.55670103093,-9.992623422216361e-14,-7.64294306540785e-14,-3.7873321518874e-30,0.0,14195.532057,2699.38144329897
4281,2671.85567010309,8831.71762886598,0.0,3810.55670103093,1.8052065643825599e-13,-7.64294306540785e-14,2.6935627056219197e-30,0.0,21477.283242,2671.85567010309
4282,2719.27835051546,6233.07094845361,0.0,3810.55670103093,-8.89009110537978e-14,-7.64294306540785e-14,4.1587271319900495e-30,0.0,26616.450239,2719.27835051546
4283,2676.90721649485,10841.1720824742,0.0,3810.55670103093,1.39002686408269e-13,-7.64294306540785e-14,3.781015228086469e-30,0.0,35554.996621,2676.90721649485
4284,2648.96907216495,10959.6292268041,0.0,3810.55670103093,-3.3747654369442104e-14,-7.64294306540785e-14,-2.6411007585360196e-30,0.0,44591.2109185,2648.96907216495
4285,2592.88659793814,8987.71170103093,0.0,3810.55670103093,-1.08385645691383e-13,-7.64294306540785e-14,2.34444508817407e-30,0.0,52001.579216,2592.88659793814
4286,2741.23711340206,6108.46418556701,0.0,3810.55670103093,1.20130061837567e-13,-7.64294306540785e-14,-9.5306160443272e-30,0.0,57038.007937,2741.23711340206
4287,2673.09278350515,3956.41651546392,0.0,3810.55670103093,2.4287847797768e-14,-7.64294306540785e-14,-1.1527692477651799e-30,0.0,60300.073354,2673.09278350515
4288,2596.90721649485,0.0,0.0,888.304383505155,2.4074133700393e-13,3246.94701947308,1.09794459887495e-29,0.0,56580.7755080973,2596.9072164948507
4289,2656.59793814433,0.0,0.0,2270.66206185567,2.11309079583053e-13,1710.99404352806,-9.29291892564399e-30,0.0,54620.873969119,2656.59793814433
4290,2690.10309278351,0.0,0.0,85.0043072164949,-1.0541844319102e-13,4139.50265979381,-1.17175918227712e-30,0.0,49879.1756188397,2690.10309278351
4291,219.51384,0.0,0.0,0.0,2841.66274364261,0.0,1.11913434508258e-13,0.0,46624.1209296729,3061.1765836426102
4292,0.0,0.0,0.0,0.0,3027.14776632302,0.0,2.6488105332643104e-15,0.0,43156.597715099,3027.14776632302
4293,0.0,0.0,0.0,0.0,2993.81443298969,0.0,1.68117634361291e-13,0.0,39727.2570129344,2993.81443298969
4294,0.0,0.0,0.0,0.0,3095.76174112257,0.0,1.6193226624694e-13,0.0,36181.1381800334,3095.76174112257
4295,0.0,0.0,0.0,0.0,3080.98510882016,0.0,-1.03211687891722e-13,0.0,32651.94561552,3080.98510882016
4296,0.0,0.0,0.0,0.0,2946.39175257732,0.0,-9.481057405377891e-14,0.0,29276.9264258553,2946.39175257732
4297,0.0,0.0,0.0,0.0,3060.82474226804,0.0,6.59185146330331e-14,0.0,25770.8270647235,3060.82474226804
4298,0.0,0.0,0.0,0.0,2848.22451317297,0.0,-1.05898890522175e-13,0.0,22508.2560301611,2848.22451317297
4299,0.0,0.0,0.0,0.0,2596.44902634593,0.0,5.55439232853877e-14,0.0,19534.0876151028,2596.44902634593
4300,0.0,0.0,0.0,0.0,2750.05727376861,0.0,-1.74740120553152e-13,0.0,16383.9647356427,2750.05727376861
4301,312.34749,0.0,0.0,0.0,2384.90599621993,482.036137812899,-1.71366814139519e-14,0.0,13099.9531273577,2697.25348621993
4302,662.5359,0.0,0.0,0.0,1964.30719014891,4233.95189003436,5.37388927848584e-14,0.0,6000.0,2626.84309014891
4303,2435.15463917526,1384.20965979382,-4.54747350886464e-13,3810.55670103093,3.7861671720951604e-14,-3.7861671720951604e-14,-6.774288550159961e-31,0.0,7141.2808645,2435.15463917526
4304,2227.01030927835,8433.30498969072,0.0,3810.55670103093,2.50287568986007e-13,-2.50287568986007e-13,1.3975142281335998e-29,0.0,14094.5408285,2227.01030927835
4305,2293.40206185567,10810.9652371134,0.0,3810.55670103093,-6.02271834484956e-14,6.02271834484956e-14,4.33587964896819e-30,0.0,23008.1816665,2293.40206185567
4306,2286.80412371134,11806.0181752577,0.0,3810.55670103093,-1.90654035807998e-13,1.90654035807998e-13,-1.0839985970768899e-29,0.0,32742.243652,2286.80412371134
4307,2326.39175257732,11990.7585463918,0.0,3810.55670103093,8.66322440307214e-14,-8.66322440307214e-14,8.35465601307518e-31,0.0,42628.6240735,2326.39175257732
4308,2286.80412371134,11900.4371752577,0.0,3810.55670103093,-1.90654035807998e-13,1.90654035807998e-13,-1.0839985970768899e-29,0.0,52440.5345245,2286.80412371134
4309,2386.0824742268,3849.99482474227,4.54747350886464e-13,3810.55670103093,4.15729298783505e-14,-4.15729298783505e-14,2.5918923677887797e-30,0.0,55614.8552575,2386.0824742268
4310,2579.58762886598,2669.55567010309,9.09494701772928e-13,3810.55670103093,4.2269996962741e-14,0.0,-1.4269045653346099e-30,0.0,57815.9039075,2579.58762886598
4311,2677.01030927835,4147.03098969072,0.0,3810.55670103093,2.48395230084928e-13,0.0,7.004561297274579e-30,0.0,61235.1309585,2677.01030927835
4312,2686.70103092783,0.0,0.0,2801.61296907217,2.17436892905116e-13,1121.04859106529,-6.984870786535189e-30,0.0,59950.9974063061,2686.70103092783
4313,2746.49484536082,0.0,0.0,1548.53615463918,-2.07877655157396e-13,2513.3561626575,6.774659463184159e-30,0.0,57072.009820215,2746.49484536082
4314,1693.1226,0.0,0.0,-7.475724160666341e-14,1073.16274684994,4233.95189003436,8.19418537411741e-14,0.0,50992.8407058,2766.28534684994
4315,0.0,0.0,0.0,0.0,2855.44100801833,4233.95189003436,-1.45449090979322e-13,0.0,42872.1157366675,2855.44100801833
4316,0.0,0.0,0.0,0.0,2816.60939289805,4233.95189003436,7.73081321499412e-14,0.0,34795.8714263211,2816.60939289805
4317,0.0,0.0,0.0,0.0,2731.04238258877,4233.95189003436,-6.83630176777172e-14,0.0,26817.6420189635,2731.04238258877
4318,0.0,0.0,0.0,0.0,2905.95647193585,4233.95189003436,-1.33535926366449e-13,0.0,18639.0528299942,2905.95647193585
4319,0.0,0.0,0.0,0.0,2943.52806414662,4233.95189003436,6.571015387661321e-14,0.0,10417.4263074501,2943.52806414662
4320,0.0,0.0,0.0,0.0,0.0,0.0,2404.2,0.0,12000.0,2404.2
4321,0.0,0.0,0.0,0.0,0.0,0.0,2540.6,0.0,12000.0,2540.6
4322,0.0,0.0,0.0,0.0,0.0,0.0,2470.8,0.0,12000.0,2470.8
4323,0.0,0.0,0.0,0.0,0.0,0.0,2366.7,0.0,12000.0,2366.7
4324,532.0809,0.0,0.0,0.0,0.0,0.0,1871.981527,0.0,12000.0,2404.062427
4325,0.0,0.0,0.0,0.0,1098.27435967927,0.0,1593.506484,0.0,10741.9537689814,2691.78084367927
4326,503.3808,0.0,0.0,0.0,2401.85638487973,0.0,-1.57623502899043e-13,0.0,7990.68643234938,2905.2371848797297
4327,1024.062,0.0,0.0,0.0,1737.86925544101,0.0,-8.990875731839591e-14,0.0,6000.0,2761.93125544101
4328,2821.23711340206,480.163586597937,0.0,0.0,3.4018467973398804e-14,0.0,-1.9200655142025802e-31,0.0,6395.89487715,2821.23711340206
4329,2842.26804123711,8023.09295876289,0.0,0.0,2.3781210294843e-13,0.0,1.66792846903592e-29,0.0,13010.93502165,2842.2680412371105
4330,2860.30927835052,245.880821649485,0.0,0.0,2.22735693552634e-13,0.0,3.0967178120975196e-30,0.0,13213.6637591,2860.30927835052
4331,2827.42268041237,11318.9693195876,0.0,0.0,2.0089586648156998e-13,0.0,4.32009993426214e-30,0.0,22546.1539631,2827.42268041237
4332,2871.03092783505,769.673672164948,0.0,0.0,-1.98867596352478e-13,0.0,-7.421453525696079e-30,0.0,23180.7499058,2871.03092783505
4333,2744.94845360825,6766.76154639175,0.0,0.0,1.25452356771408e-13,0.0,5.9531337674952e-30,0.0,28759.9448008,2744.94845360825
4334,2709.07216494845,1016.11163901779,0.0,2303.00719603376,-1.15257514670482e-13,0.0,-1.2397239821271498e-30,0.0,29597.7288471702,2709.07216494845
4335,2663.19587628866,3249.71112371134,0.0,0.0,-1.79165959107232e-13,0.0,-1.88336271280632e-30,0.0,32277.1156686702,2663.19587628866
4336,2722.16494845361,8006.22805154639,0.0,0.0,2.05765896403691e-14,0.0,1.08731409149359e-30,0.0,38878.2506971702,2722.16494845361
4337,2698.55670103093,758.804998969073,0.0,0.0,1.9856028269655502e-14,0.0,-2.96050188572698e-31,0.0,39503.8854188202,2698.55670103093
4338,1047.7233,0.0,0.0,0.0,1745.25589805269,0.0,6.19899791908066e-14,0.0,37504.7377692753,2792.97919805269
4339,0.0,0.0,0.0,0.0,2950.74455899198,0.0,2.61599534194658e-14,0.0,34124.7325470622,2950.74455899198
4340,7.262112,0.0,0.0,0.0,2827.09708059565,0.0,1.1325180274574299e-13,0.0,30886.3624661967,2834.35919259565
4341,0.0,0.0,0.0,0.0,2692.43986254296,0.0,6.1469760171614405e-15,0.0,27802.2389123101,2692.43986254296
4342,0.0,0.0,0.0,0.0,2785.22336769759,0.0,1.70020838950253e-13,0.0,24611.8341383152,2785.22336769759
4343,0.0,0.0,0.0,0.0,2820.73310423826,0.0,7.284365296268651e-15,0.0,21380.7538356367,2820.73310423826
4344,0.0,0.0,0.0,0.0,2729.89690721649,0.0,5.2142995534183905e-14,0.0,18253.7241595583,2729.89690721649
4345,0.0,0.0,0.0,0.0,2854.75372279496,0.0,1.78039871251111e-14,0.0,14983.6740761735,2854.75372279496
4346,0.0,0.0,0.0,0.0,2766.89576174112,0.0,1.13144863721255e-13,0.0,11814.2631234345,2766.89576174112
4347,0.0,0.0,0.0,0.0,2698.51088201604,0.0,8.710278877191521e-14,0.0,8723.18536625689,2698.51088201604
4348,550.7775,0.0,0.0,0.0,2020.32740549828,0.0,6.67987041778031e-14,0.0,6408.95007931728,2571.10490549828
4349,2150.4405,0.0,0.0,0.0,357.013419243987,0.0,-9.00589080210092e-16,0.0,6000.0,2507.453919243987
4350,2509.07216494845,-1.68607630861318e-13,1.68607630861318e-13,839.257235051547,-1.21361833706222e-13,0.0,1.85438909195373e-30,0.0,6000.0,2509.07216494845
4351,2476.28865979381,3649.14563917526,0.0,3810.55670103093,-3.3809117100626704e-14,0.0,7.91912721242911e-31,0.0,9008.7205795,2476.28865979381
4352,2392.0618556701,0.0,0.0,1732.9681443299,5.2922977646968006e-15,0.0,-2.29422877835997e-32,0.0,9008.7205795,2392.0618556701
4353,2580.1030927835,0.0,0.0,1916.7139072165,8.395788102774391e-14,0.0,1.42393837902234e-30,0.0,9008.7205795,2580.1030927835
4354,2682.68041237113,2696.13788659794,0.0,3810.55670103093,-1.31690089790197e-13,0.0,-4.60106256298357e-30,0.0,11231.686267,2682.68041237113
4355,2666.39175257732,0.0,0.0,2936.15324742268,-2.31158604969887e-13,0.0,1.62501221493433e-29,0.0,11231.686267,2666.3917525773195
4356,2631.9587628866,5478.53653608247,0.0,3810.55670103093,9.59586366193464e-14,-7.64294306540785e-14,1.32591457007691e-31,0.0,15748.739641,2631.9587628866
4357,2580.61855670103,11889.294742268,0.0,3810.55670103093,1.56899878555734e-13,-7.64294306540785e-14,4.292434458138049e-30,0.0,25551.463156,2580.61855670103
4358,2674.0206185567,9958.79768041237,0.0,3810.55670103093,1.38981289826082e-14,-7.64294306540785e-14,-4.3154001375884203e-32,0.0,33762.4918435,2674.0206185567
4359,2488.76288659794,0.0,0.0,3781.85211340206,-6.468249726293121e-14,31.8939862542962,5.29984205703453e-30,0.0,33725.9580677219,2488.76288659794
4360,2538.96907216495,3979.11722680412,0.0,3810.55670103093,1.71255726580816e-13,-7.64294306540785e-14,1.09822324942699e-29,0.0,37006.7402212219,2538.96907216495
4361,2536.0824742268,0.0,0.0,3596.3165257732,4.6151169155155304e-14,238.044639175258,2.7130756222812103e-31,0.0,36734.0659495435,2536.0824742268
4362,2547.62886597938,0.0,0.0,278.853234020618,2.5667507808010602e-14,3924.11496334479,-4.62431769917213e-31,0.0,32239.0889010386,2547.62886597938
4363,785.8188,0.0,0.0,0.0,1949.09022222222,4233.95189003436,8.417993452919999e-14,0.0,25156.5664356816,2734.9090222222203
4364,0.0,0.0,0.0,0.0,2774.11225658648,4233.95189003436,1.31347576826688e-13,0.0,17129.0015483725,2774.11225658648
4365,0.0,0.0,0.0,0.0,2726.2313860252,1319.97115814388,-1.74327696480913e-13,0.0,12494.1761827722,2726.2313860252
4366,0.0,0.0,0.0,0.0,2840.09163802978,0.0,-1.51842819850092e-13,0.0,9240.92115639216,2840.09163802978
4367,0.0,0.0,0.0,0.0,2829.32416953035,0.0,9.59753595167185e-14,0.0,6000.0,2829.32416953035
4368,0.0,0.0,0.0,0.0,0.0,0.0,2356.7,0.0,12000.0,2356.7
4369,0.0,0.0,0.0,0.0,0.0,0.0,2464.4,0.0,12000.0,2464.4
4370,0.0,0.0,0.0,0.0,296.054378006874,0.0,2130.144528,0.0,11660.8770011376,2426.1989060068736
4371,0.0,0.0,0.0,0.0,0.0,0.0,2389.8,0.0,11660.8770011376,2389.8
4372,678.5376,0.0,0.0,0.0,1993.03382359679,0.0,-7.53583261150993e-14,0.0,9377.90584008744,2671.57142359679
4373,0.0,0.0,0.0,0.0,2948.91179839633,0.0,-1.44828306150664e-13,0.0,6000.0,2948.91179839633
4374,2769.38144329897,1624.90455670103,0.0,0.0,2.2017712381796402e-14,0.0,1.0993403705943898e-30,0.0,7339.733807,2769.38144329897
4375,2817.62886597938,4968.68213402062,0.0,0.0,1.22461659984723e-13,0.0,-6.951632299370379e-30,0.0,11436.4122265,2817.62886597938
4376,2814.94845360825,8650.66154639175,0.0,0.0,2.31769246643875e-13,0.0,-5.6972339635930295e-30,0.0,18568.8826715,2814.9484536082505
4377,2849.07216494845,6830.12701921553,-9.09494701772928e-13,2857.74081583602,8.174920834295681e-14,0.0,2.9977367986347496e-30,0.0,24200.3223988432,2849.07216494845
4378,2788.14432989691,10425.9136701031,0.0,0.0,-2.22233503182477e-13,0.0,8.4861427052304e-32,0.0,32796.4882198432,2788.14432989691
4379,2775.05154639175,7310.71575257732,0.0,3810.55670103093,1.47207226824965e-13,0.0,2.7606039119198396e-30,0.0,38824.1733578432,2775.05154639175
4380,2742.0618556701,6820.32544329897,0.0,3810.55670103093,1.59748560772413e-14,0.0,7.60439964896341e-31,0.0,44447.5316858432,2742.0618556701
4381,2680.92783505155,0.0,0.0,1107.53996494845,-1.71451652147118e-14,0.0,-8.508712729216531e-31,0.0,44447.5316858432,2680.92783505155
4382,622.6857,0.0,0.0,0.0,2338.82573997709,0.0,-1.78199098606098e-13,0.0,41768.4644006461,2961.51143997709
4383,2724.74226804124,0.0,0.0,561.955431958763,-1.98123540695442e-13,0.0,4.87347652962344e-30,0.0,41768.4644006461,2724.74226804124
4384,2738.65979381443,0.0,0.0,254.750106185567,-1.66444642144916e-13,0.0,3.7180592073088596e-30,0.0,41768.4644006461,2738.65979381443
4385,1023.6174,0.0,0.0,0.0,1864.93828407789,0.0,-9.780925566734951e-17,0.0,39632.2235254137,2888.55568407789
4386,107.83344,0.0,0.0,0.0,2823.3694882016,0.0,-2.90907396159639e-14,0.0,36398.1233098334,2931.2029282016
4387,0.0,0.0,0.0,0.0,2855.09736540664,0.0,-3.49460951458151e-14,0.0,33127.6795923,2855.09736540664
4388,0.0,0.0,0.0,0.0,2863.80297823597,0.0,-1.89999477523209e-13,0.0,29847.26380967,2863.80297823597
4389,0.0,0.0,0.0,0.0,2889.11798396335,0.0,3.33264402456083e-14,0.0,26537.8503114302,2889.11798396335
4390,0.0,0.0,0.0,0.0,2815.00572737686,0.0,-1.84174443291992e-13,0.0,23313.3305778943,2815.00572737686
4391,0.0,0.0,0.0,0.0,2768.0412371134,0.0,-7.36114949064621e-15,0.0,20142.6075113268,2768.0412371134
4392,0.0,0.0,0.0,0.0,2699.77090492554,0.0,1.19846836286054e-13,0.0,17050.0864289379,2699.77090492554
4393,0.0,0.0,0.0,0.0,2630.01145475372,0.0,2.33164802216978e-14,0.0,14037.4730787045,2630.01145475372
4394,0.0,0.0,0.0,0.0,2643.29896907216,0.0,1.22475006081885e-13,0.0,11009.6392080606,2643.29896907216
4395,0.0,0.0,0.0,0.0,2564.49026345934,0.0,-1.05493409095453e-13,0.0,8072.07876881735,2564.49026345934
4396,467.844,0.0,0.0,0.0,1808.92476517755,0.0,-1.3341776302810102e-15,0.0,6000.0,2276.76876517755
4397,2006.0824742268,0.0,0.0,168.479525773196,-1.26295843604491e-13,0.0,-5.979875650067159e-30,0.0,6000.0,2006.0824742268
4398,2218.76288659794,358.139412371134,0.0,3810.55670103093,-1.61476649439644e-13,1.61476649439644e-13,3.5249357433923794e-30,0.0,6295.2859455,2218.76288659794
4399,2147.21649484536,5012.22480412371,0.0,3810.55670103093,6.5536472616694e-14,-6.5536472616694e-14,3.33496865466456e-30,0.0,10427.8652965,2147.21649484536
4400,2077.31958762887,8754.5567113402,0.0,3810.55670103093,-1.76211762372513e-13,1.76211762372513e-13,8.82514975680702e-30,0.0,17645.997305,2077.31958762887
4401,2044.63917525773,11718.5551237113,0.0,3810.55670103093,2.0733497909741402e-14,-2.0733497909741402e-14,-3.25896688427891e-32,0.0,27307.9460045,2044.63917525773
4402,2045.56701030928,13645.1632886598,0.0,3810.55670103093,2.59708358260752e-14,-2.59708358260752e-14,-2.91498995590003e-31,0.0,38558.383136,2045.56701030928
4403,2073.50515463918,14450.4211443299,1.81898940354586e-12,3810.55670103093,1.98721176603786e-13,-1.98721176603786e-13,8.885319272064259e-30,0.0,50472.7553695,2073.50515463918
4404,2082.88659793814,14345.2167010309,0.0,3810.55670103093,-1.76041848337498e-13,1.76041848337498e-13,-9.27417302462567e-30,0.0,62300.3865395,2082.88659793814
4405,2147.01030927835,13278.9489896907,0.0,3810.55670103093,-1.68875671468118e-13,1.68875671468118e-13,-8.630354613154589e-30,0.0,73248.8799815,2147.01030927835
4406,2143.50515463918,4262.6121443299,0.0,3810.55670103093,6.02141776828525e-14,-6.02141776828525e-14,-1.12997203303075e-30,0.0,76763.4036945,2143.50515463918
4407,2152.78350515464,103.850793814432,0.0,3810.55670103093,8.1333443383203e-14,-8.1333443383203e-14,1.77268612680189e-30,0.0,76849.028674,2152.78350515464
4408,2094.0206185567,3140.57568041237,4.54747350886464e-13,3810.55670103093,-1.44447906804479e-13,1.44447906804479e-13,9.638880167903189e-30,0.0,79438.4333225,2094.0206185567
4409,2038.65979381443,0.0,2.27373675443232e-13,3747.30220618557,6.482765838914191e-14,70.2827720504021,-8.56719580870431e-31,0.0,79357.9261380207,2038.65979381443
4410,2252.1564,0.0,0.0,-7.475724160666341e-14,61.1778831615118,4233.95189003436,-2.4990180890655904e-15,0.0,74437.9607620804,2313.334283161512
4411,637.9386,0.0,0.0,-7.475724160666341e-14,2068.95711111111,4233.95189003436,1.8227121343114902e-14,0.0,67218.1337275495,2706.89571111111
4412,162.56955,0.0,0.0,-7.475724160666341e-14,2553.15869014891,4233.95189003436,-9.55090962937019e-14,0.0,59443.665709012,2715.72824014891
4413,0.0,0.0,0.0,0.0,2732.53150057274,4233.95189003436,1.55375324163339e-13,0.0,51463.7305536774,2732.53150057274
4414,0.0,0.0,0.0,0.0,2707.56013745705,4233.95189003436,-1.20700675876405e-13,0.0,43512.3994798041,2707.56013745705
4415,0.0,0.0,0.0,0.0,2709.50744558992,4233.95189003436,8.80318172946025e-14,0.0,35558.8378124223,2709.50744558992
4416,0.0,0.0,0.0,0.0,0.0,0.0,2369.7,0.0,12000.0,2369.7
4417,0.0,0.0,0.0,0.0,0.0,0.0,2308.0,0.0,12000.0,2308.0
4418,0.0,0.0,0.0,0.0,818.457123711341,0.0,1595.086931,0.0,11062.4775215219,2413.544054711341
4419,0.0,0.0,0.0,0.0,2572.62313860252,0.0,-5.95494797675355e-14,0.0,8115.60107409638,2572.62313860252
4420,588.2877,0.0,0.0,0.0,1846.91973768614,0.0,9.58218744132575e-14,0.0,6000.0,2435.20743768614
4421,2333.29896907217,9.1093339472267e-14,-9.1093339472267e-14,160.665230927835,3.99618931019079e-14,0.0,1.39627290289826e-30,0.0,6000.0,2333.29896907217
4422,2374.94845360825,0.0,0.0,1878.35254639175,2.5606045076826e-14,0.0,2.1587942882994996e-31,0.0,6000.0,2374.94845360825
4423,2425.87628865979,4612.35301030928,0.0,3810.55670103093,1.67424060206011e-14,0.0,-8.253847338168661e-31,0.0,9802.885057,2425.87628865979
4424,2481.03092783505,8148.43537113402,0.0,3810.55670103093,8.61430594262078e-14,0.0,5.466787870347339e-30,0.0,16521.2700205,2481.03092783505
4425,2424.43298969072,8092.59630927835,0.0,3810.55670103093,-3.01828159607356e-14,0.0,2.0920862106369397e-30,0.0,23193.6156775,2424.43298969072
4426,2557.62886597938,0.0,0.0,3159.18613402062,-1.82388032660117e-13,0.0,6.744207481539709e-30,0.0,23193.6156775,2557.62886597938
4427,2545.77319587629,2274.44810309278,0.0,3810.55670103093,-4.34224756150565e-16,0.0,3.51809305671429e-33,0.0,25068.8981385,2545.77319587629
4428,2581.85567010309,11177.867628866,0.0,3810.55670103093,-1.49599868162478e-14,0.0,4.372759373715761e-31,0.0,34285.0499985,2581.85567010309
4429,1890.0102,0.0,0.0,0.0,798.041358533791,0.0,3.8365828484881e-14,0.0,33370.9132762391,2688.0515585337907
4430,2518.45360824742,0.0,0.0,1537.00039175258,-6.47708106070566e-15,0.0,-2.92340089500215e-31,0.0,33370.9132762391,2518.45360824742
4431,2562.88659793814,4459.58670103093,0.0,3810.55670103093,-5.1209153367861606e-15,0.0,-1.8343483303633302e-31,0.0,37047.8425112391,2562.88659793814
4432,2522.37113402062,4478.10616494846,0.0,3810.55670103093,2.3325735795794797e-13,0.0,1.8892626147046e-29,0.0,40740.0410442391,2522.3711340206205
4433,2523.09278350515,0.847515463917262,0.0,3810.55670103093,1.9709608520963202e-14,0.0,1.1678155577954899e-30,0.0,40740.7398207391,2523.09278350515
4434,2269.7298,0.0,0.0,0.0,147.493807560138,0.0,-9.00347564048307e-15,0.0,40571.7892966152,2417.223607560138
4435,659.7864,0.0,0.0,0.0,2097.48819243986,0.0,1.04679799392997e-13,0.0,38169.1682285283,2757.27459243986
4436,147.35838,0.0,0.0,0.0,2735.35208636884,0.0,-1.48390895861949e-13,0.0,35035.8897790795,2882.71046636884
4437,0.0,0.0,0.0,0.0,2741.58075601375,0.0,-1.10181054047562e-13,0.0,31895.4765419503,2741.58075601375
4438,0.0,0.0,0.0,0.0,2893.01260022909,0.0,5.3796989263739703e-14,0.0,28581.6018566936,2893.01260022909
4439,0.0,0.0,0.0,0.0,2973.53951890034,0.0,-9.749083403871531e-14,0.0,25175.4855692935,2973.53951890034
4440,0.0,0.0,0.0,0.0,2890.83619702176,0.0,-6.688274472882651e-15,0.0,21864.1039003109,2890.83619702176
4441,0.0,0.0,0.0,0.0,2852.80641466208,0.0,-1.90928506045896e-13,0.0,18596.2844104345,2852.80641466208
4442,0.0,0.0,0.0,0.0,2717.75486827033,0.0,-1.67521543537905e-13,0.0,15483.1631409381,2717.75486827033
4443,0.0,0.0,0.0,0.0,2856.47193585338,0.0,3.55421859692011e-14,0.0,12211.1448868106,2856.47193585338
4444,19.298487,0.0,0.0,0.0,2651.6385654181,0.0,-1.61727274123148e-13,0.0,9173.7582139376,2670.9370524181
4445,248.90736,0.0,0.0,0.0,2514.61610630012,0.0,-9.9670287834108e-14,0.0,6293.32739343346,2763.52346630012
4446,2626.80412371134,0.0,0.0,2526.65587628866,2.8084062972674602e-14,0.0,1.33099742741858e-30,0.0,6293.32739343346,2626.80412371134
4447,2445.36082474227,0.0,0.0,1955.28217525773,6.421827533763599e-14,256.074814467413,4.72102225910121e-30,0.0,6000.0,2445.36082474227
4448,2639.48453608247,2779.6207628866,0.0,3810.55670103093,2.15995770163689e-13,-7.64294306540785e-14,1.2672097774593299e-30,0.0,8291.797319,2639.48453608247
4449,2681.03092783505,0.0,0.0,1707.17107216495,9.224737846194751e-14,2000.739059487,2.3726747962664597e-30,0.0,6000.0,2681.03092783505
4450,2732.0618556701,6403.58744329897,0.0,3810.55670103093,2.08403339813875e-13,-7.64294306540785e-14,1.80908098915536e-30,0.0,11279.757847,2732.0618556701
4451,2614.32989690722,1959.06040206186,0.0,3810.55670103093,4.33303864034854e-14,-7.64294306540785e-14,2.3236460863111296e-30,0.0,12895.0031485,2614.32989690722
4452,2646.0824742268,6901.91382474227,0.0,3810.55670103093,-1.58852211795103e-13,-7.64294306540785e-14,3.17618799561283e-30,0.0,18585.631097,2646.0824742268
4453,2317.31958762887,8991.87771134021,0.0,3810.55670103093,-2.36603825366098e-13,-7.64294306540785e-14,-1.44052189511754e-29,0.0,25999.43427,2317.3195876288696
4454,2379.48453608247,1393.0407628866,0.0,3810.55670103093,-8.885392248115161e-14,-7.64294306540785e-14,3.9442404342423295e-30,0.0,27147.996379,2379.48453608247
4455,2301.64948453608,3150.41081443299,0.0,3810.55670103093,-1.38110742609645e-13,-7.64294306540785e-14,-3.981379209356e-30,0.0,29745.5100955,2301.64948453608
4456,2227.31958762887,0.0,0.0,3473.50541237113,7.31903656976917e-14,374.501431844215,-6.39916036810407e-31,0.0,29316.527928439,2227.31958762887
4457,2227.83505154639,0.0,0.0,1067.81314845361,1.30505306494188e-13,3047.49283619702,7.729158036989469e-30,0.0,25825.6999373772,2227.83505154639
4458,62.58486,0.0,0.0,0.0,2560.47272142039,2312.5930740817,7.63983946708542e-14,0.0,20243.7230811319,2623.05758142039
4459,0.0,0.0,0.0,0.0,2596.21993127148,0.0,-1.93203284604111e-13,0.0,17269.8170888393,2596.21993127148
4460,55.92327,0.0,0.0,0.0,2496.28227731959,0.0,7.71938642382245e-14,0.0,14410.3872179119,2552.2055473195896
4461,0.0,0.0,0.0,0.0,2450.51546391753,0.0,-1.65722519327152e-13,0.0,11603.3821046043,2450.51546391753
4462,0.0,0.0,0.0,0.0,2474.11225658648,0.0,3.98651995975756e-14,0.0,8769.34744642967,2474.11225658648
4463,0.0,0.0,0.0,0.0,2417.6403207331,0.0,4.24933693934071e-14,0.0,6000.0,2417.6403207331
4464,0.0,0.0,0.0,0.0,0.0,0.0,2024.5,0.0,12000.0,2024.5
4465,0.0,0.0,0.0,0.0,0.0,0.0,2090.7,0.0,12000.0,2090.7
4466,0.0,0.0,0.0,0.0,0.0,0.0,2093.9,0.0,12000.0,2093.9
4467,0.0,0.0,0.0,0.0,0.0,0.0,2142.5,0.0,12000.0,2142.5
4468,130.46319,0.0,0.0,0.0,0.0,0.0,1896.1507057,0.0,12000.0,2026.6138957
4469,0.0,0.0,0.0,0.0,0.0,0.0,2135.7,0.0,12000.0,2135.7
4470,304.07169,0.0,0.0,0.0,2119.87452542955,0.0,3.51432208230832e-14,0.0,9571.73593879776,2423.9462154295497
4471,799.422,0.0,0.0,0.0,1598.00762886598,0.0,-6.71924602555656e-14,0.0,7741.25755521703,2397.42962886598
4472,2308.45360824742,334.049891752577,0.0,0.0,1.9547414037168199e-13,0.0,1.10453829518729e-30,0.0,8016.68169096703,2308.45360824742
4473,2277.2295,0.0,0.0,0.0,23.1241523482241,0.0,-6.33938852792994e-16,0.0,7990.1935439473,2300.353652348224
4474,413.751,0.0,0.0,0.0,1737.43896386599,0.0,286.277314544988,0.0,6000.0,2437.467278410977
4475,388.5375,0.0,0.0,0.0,0.0,0.0,1854.518625,0.0,6000.0,2243.056125
4476,1715.9493,0.0,0.0,0.0,0.0,0.0,660.729179,0.0,6000.0,2376.678479
4477,2461.03092783505,1789.73507216495,0.0,0.0,-1.86477506873236e-14,0.0,-1.84586353275292e-31,0.0,7475.636567,2461.03092783505
4478,2538.55670103093,5761.07229896907,0.0,0.0,2.23333329460979e-13,0.0,-5.1821046344689595e-30,0.0,12225.6406775,2538.55670103093
4479,2572.47422680412,1241.00037319588,0.0,0.0,-1.61098852924751e-13,0.0,2.5663519840667596e-30,0.0,13248.8454852,2572.47422680412
4480,2531.75257731959,2777.43442268041,0.0,0.0,-1.25878610251842e-13,0.0,-4.7674441443280895e-30,0.0,15538.8401667,2531.75257731959
4481,2475.67010309278,1670.26389690722,0.0,0.0,-2.00516601573783e-13,0.0,5.7275062644455594e-30,0.0,16915.9727497,2475.67010309278
4482,2496.59793814433,83.91506185567,0.0,0.0,-1.06115510275411e-13,0.0,-2.6623668112172697e-30,0.0,16985.1607182,2496.59793814433
4483,1171.7238,0.0,0.0,0.0,1517.9013906071,0.0,4.771632225449999e-14,0.0,15246.4420577108,2689.6251906071
4484,0.0,0.0,0.0,0.0,0.0,0.0,2437.1,0.0,15246.4420577108,2437.1
4485,0.0,0.0,0.0,0.0,0.0,0.0,2399.0,0.0,15246.4420577108,2399.0
4486,0.0,0.0,0.0,0.0,0.0,0.0,2499.8,0.0,15246.4420577108,2499.8
4487,0.0,0.0,0.0,0.0,0.0,0.0,2479.5,0.0,15246.4420577108,2479.5
4488,0.0,0.0,0.0,0.0,0.0,0.0,2413.6,0.0,15246.4420577108,2413.6
4489,0.0,0.0,0.0,0.0,45.7089065304096,0.0,2442.99612459895,0.0,15194.0836309864,2488.705031129359
4490,0.0,0.0,0.0,0.0,2718.09851088202,0.0,1.76722811515052e-13,0.0,12080.5687273414,2718.09851088202
4491,0.0,0.0,0.0,0.0,2673.7686139748,0.0,5.977399662167e-14,0.0,9017.83262885942,2673.7686139748
4492,377.85852,0.0,0.0,0.0,2115.20874639175,0.0,1.91113274088635e-13,0.0,6594.91310263748,2493.0672663917503
4493,2027.9376,0.0,0.0,0.0,519.35913860252,0.0,4.79889179747106e-14,0.0,6000.0,2547.29673860252
4494,2526.70103092783,-1.38912606902372e-13,1.38912606902372e-13,3685.37496907217,-9.998769695334821e-14,0.0,-3.5431867210846603e-31,0.0,6000.0,2526.70103092783
4495,2574.22680412371,4352.85249484536,0.0,3810.55670103093,2.4525811354955e-13,-2.4525811354955e-13,1.76012792250314e-29,0.0,9588.926882,2574.2268041237103
4496,2532.37113402062,7939.61316494845,0.0,3810.55670103093,4.08288742213138e-14,-4.08288742213138e-14,1.3157714365963598e-30,0.0,16135.1379365,2532.37113402062
4497,2534.12371134021,10646.6445876289,0.0,3810.55670103093,-7.37160503541716e-14,7.37160503541716e-14,3.0749847085979896e-30,0.0,24913.296399,2534.12371134021
4498,2579.27835051546,12185.4359484536,0.0,3810.55670103093,2.03740143519563e-13,-2.03740143519563e-13,-3.3488865007582794e-30,0.0,34960.1883385,2579.27835051546
4499,2449.89690721649,12903.7953917526,0.0,3810.55670103093,-5.02416922203417e-14,5.02416922203417e-14,-2.56942585961351e-30,0.0,45599.367639,2449.89690721649
4500,2427.31958762887,12879.4947113402,0.0,3810.55670103093,7.929468473343141e-14,-7.929468473343141e-14,-3.73402911089129e-30,0.0,56218.5110285,2427.31958762887
4501,2428.0412371134,9673.48006185567,0.0,3810.55670103093,-1.49880121435047e-13,1.49880121435047e-13,-2.1847503002987896e-30,0.0,64194.2953395,2428.0412371134
4502,2508.35051546392,10536.3077835052,0.0,3810.55670103093,9.218591573076291e-14,-9.218591573076291e-14,-5.2131208480817e-30,0.0,72881.481107,2508.35051546392
4503,2498.55670103093,8018.19959793814,0.0,3810.55670103093,1.37517092339159e-14,-1.37517092339159e-14,4.33606044764143e-32,0.0,79492.4866755,2498.55670103093
4504,2559.07216494845,4508.36813402062,0.0,3810.55670103093,-1.35462810678781e-13,1.35462810678781e-13,1.0720342560541298e-30,0.0,83209.636202,2559.07216494845
4505,2512.37113402062,106.768164948454,0.0,3810.55670103093,-6.39619358922176e-14,6.39619358922176e-14,1.17380177503727e-30,0.0,83297.666554,2512.37113402062
4506,2224.6536,0.0,0.0,-7.475724160666341e-14,315.10424742268,4233.95189003436,1.9033848714795998e-14,0.0,78086.8347814261,2539.75784742268
4507,618.969,0.0,0.0,-7.475724160666341e-14,2122.45139747995,4233.95189003436,7.06180916365184e-14,0.0,70805.731359302,2741.42039747995
4508,145.14435,0.0,0.0,-7.475724160666341e-14,2603.9060486827,4233.95189003436,1.47416134497083e-13,0.0,62973.1334913558,2749.0503986827
4509,0.0,0.0,0.0,0.0,2672.85223367698,4233.95189003436,-2.57201331633948e-14,0.0,55061.559466486,2672.85223367698
4510,0.0,0.0,0.0,0.0,2773.08132875143,4233.95189003436,-4.9643700121835e-14,0.0,47035.1754816225,2773.08132875143
4511,0.0,0.0,0.0,0.0,2883.96334478809,4233.95189003436,-1.98881562866616e-14,0.0,38881.7788781604,2883.96334478809
4512,0.0,0.0,0.0,0.0,0.0,0.0,2441.4,0.0,12000.0,2441.4
4513,0.0,0.0,0.0,0.0,0.0,0.0,2547.0,0.0,12000.0,2547.0
4514,0.0,0.0,0.0,0.0,2760.48109965636,0.0,8.49391332374274e-14,0.0,8837.93688470062,2760.48109965636
4515,0.0,0.0,0.0,0.0,2049.28448453608,0.0,565.074645,0.0,6490.53197687006,2614.35912953608
4516,70.95426,0.0,0.0,0.0,0.0,0.0,2119.2743678,0.0,6490.53197687006,2190.2286278
4517,2030.6715,0.0,0.0,0.0,428.23441580756,0.0,-1.78271008340979e-14,0.0,6000.0,2458.90591580756
4518,2499.58762886598,2.40873498055609e-13,-2.40873498055609e-13,1509.80737113402,1.28381590826909e-13,0.0,2.53295065885536e-31,0.0,6000.0,2499.58762886598
4519,2470.92783505155,0.0,0.0,1187.72456494845,1.69178999486183e-13,0.0,-7.72692629870884e-30,0.0,6000.0,2470.92783505155
4520,2587.31958762887,0.0,0.0,2922.99041237113,-1.24182616457892e-13,0.0,-7.112081508090349e-30,0.0,6000.0,2587.31958762887
4521,2667.73195876289,10351.2253402062,0.0,3810.55670103093,2.27275964384578e-13,0.0,-6.916905986685159e-30,0.0,14534.585293,2667.73195876289
4522,2685.77319587629,12063.1071030928,0.0,3810.55670103093,2.12199554988782e-13,0.0,1.5381453833073398e-30,0.0,24480.6170995,2685.77319587629
4523,2634.84536082474,12824.6539381443,0.0,3810.55670103093,2.21063194045007e-13,0.0,1.08435163890495e-29,0.0,35054.5442715,2634.84536082474
4524,2547.73195876289,12699.6463402062,0.0,3810.55670103093,1.19432994753176e-13,0.0,1.10163945749868e-29,0.0,45525.402679,2547.73195876289
4525,2446.39175257732,5700.06154639175,0.0,3810.55670103093,1.78848156930629e-13,0.0,1.04403612825739e-29,0.0,50225.103424,2446.39175257732
4526,2714.43298969072,4535.29330927835,0.0,3810.55670103093,1.71402146329508e-13,0.0,9.51836674790172e-30,0.0,53964.4527575,2714.43298969072
4527,2615.25773195876,4247.51056701031,0.0,3810.55670103093,4.85677243198192e-14,0.0,-6.8996552146785904e-31,0.0,57466.52522,2615.25773195876
4528,2612.57731958763,4230.61297938145,0.0,3810.55670103093,1.57875310978971e-13,0.0,-4.9449717477540495e-30,0.0,60954.6656215,2612.57731958763
4529,2462.57731958763,0.0,0.0,3069.45568041237,1.53297071702166e-13,0.0,-8.133791504256929e-30,0.0,60954.6656215,2462.57731958763
4530,2477.83505154639,0.0,0.0,151.708748453608,1.38135705288863e-13,0.0,-1.6478878676751798e-30,0.0,60954.6656215,2477.83505154639
4531,634.7406,0.0,0.0,0.0,2105.95832531501,0.0,1.55626548670744e-13,0.0,58542.3422248047,2740.69892531501
4532,125.05896,0.0,0.0,0.0,2664.36747857961,0.0,1.2008825007433901e-14,0.0,55490.3748953893,2789.42643857961
4533,0.0,0.0,0.0,0.0,2775.14318442153,0.0,-1.42408497111252e-13,0.0,52311.5167230852,2775.14318442153
4534,0.0,0.0,0.0,0.0,2817.18213058419,4233.95189003436,-1.2368917955537e-13,0.0,44234.6163558245,2817.18213058419
4535,0.0,0.0,0.0,0.0,2885.68155784651,2984.64742915027,-2.14995744257161e-15,0.0,37510.2990740413,2885.68155784651
4536,0.0,0.0,0.0,0.0,2751.54639175258,0.0,4.8998221287903804e-14,0.0,34358.4704466042,2751.54639175258
4537,0.0,0.0,0.0,0.0,2820.5040091638,0.0,1.55531594730654e-13,0.0,31127.6525666915,2820.5040091638
4538,0.0,0.0,0.0,0.0,2750.97365406644,0.0,-3.14930772055063e-14,0.0,27976.4799961686,2750.97365406644
4539,0.0,0.0,0.0,0.0,2807.56013745704,4233.95189003436,3.62298659953994e-15,0.0,19910.6013850674,2807.56013745704
4540,607.1988,0.0,0.0,0.0,1971.03913402062,4233.95189003436,9.67244757781682e-14,0.0,12802.936981797,2578.23793402062
4541,2332.5003,0.0,0.0,0.0,172.250525773196,4233.95189003436,5.30819925929861e-15,0.0,7755.74062921107,2504.750825773196
4542,2444.12371134021,0.0,0.0,2431.07128865979,2.36078140709618e-13,1532.76156930126,5.8214784988359096e-30,0.0,6000.0,2444.1237113402103
4543,2520.10309278351,3936.83120618557,4.54747350886464e-13,3810.55670103093,-2.14787492581357e-13,2.14787492581357e-13,1.00685596172446e-30,0.0,9245.9173295,2520.10309278351
4544,2536.28865979381,7266.37763917526,0.0,3810.55670103093,-2.4033857780982e-13,2.4033857780982e-13,4.4703214231478396e-30,0.0,15237.045693,2536.288659793809
4545,2644.63917525773,9409.65312371134,0.0,3810.55670103093,-2.05777433776439e-13,2.05777433776439e-13,8.848361221098409e-30,0.0,22995.3046935,2644.63917525773
4546,2590.61855670103,8222.57674226804,0.0,3810.55670103093,-5.11556619123938e-14,5.11556619123938e-14,-2.2744376955638897e-30,0.0,29774.8192175,2590.61855670103
4547,2502.26804123711,11560.017257732,0.0,3810.55670103093,1.90740041677573e-14,-1.90740041677573e-14,-1.0011032698918199e-30,0.0,39306.0534465,2502.26804123711
4548,2544.84536082474,9801.04993814433,0.0,3810.55670103093,9.95549405900928e-15,-9.95549405900928e-15,3.1429621032442996e-31,0.0,47387.0191205,2544.84536082474
4549,2626.70103092783,11199.4392680412,0.0,3810.55670103093,-9.693553743547831e-14,9.693553743547831e-14,-1.90137520914891e-30,0.0,56620.956797,2626.70103092783
4550,2687.62886597938,9790.71043298969,0.0,3810.55670103093,2.2267423082144998e-13,-2.2267423082144998e-13,6.52973129187646e-30,0.0,64693.397549,2687.62886597938
4551,2536.90721649485,7562.19808247423,0.0,3810.55670103093,-7.363109333666391e-14,7.363109333666391e-14,5.04413244200874e-30,0.0,70928.429868,2536.90721649485
4552,2608.65979381443,4156.45250515464,0.0,3810.55670103093,-6.62320713081892e-14,6.62320713081892e-14,-4.8381954496984796e-30,0.0,74355.4249585,2608.65979381443
4553,2634.22680412371,0.0,0.0,3592.12319587629,5.43557095718512e-14,242.703894616266,-7.491037539385131e-31,0.0,74077.4136244608,2634.22680412371
4554,2681.34020618557,0.0,0.0,104.090493814433,-6.92227680948745e-14,4118.29578579611,4.29465673169012e-30,0.0,69360.0072260689,2681.34020618557
4555,608.7159,0.0,0.0,-7.475724160666341e-14,2211.04877090493,4233.95189003436,-2.0628745341424602e-14,0.0,61977.4176946379,2819.76467090493
4556,121.35474,0.0,0.0,-7.475724160666341e-14,2839.38820412371,4233.95189003436,-4.4978441941403504e-14,0.0,53875.0808170227,2960.74294412371
4557,0.0,0.0,0.0,0.0,2936.65521191294,4233.95189003436,-6.29955550623277e-14,0.0,45661.3269774496,2936.65521191294
4558,0.0,0.0,0.0,0.0,2781.67239404353,4233.95189003436,3.90472940986149e-14,0.0,37625.1021388724,2781.67239404353
4559,0.0,0.0,0.0,0.0,2850.51546391753,4233.95189003436,5.0083520377906e-14,0.0,29510.0192592024,2850.51546391753
4560,0.0,0.0,0.0,0.0,2526.43069873998,0.0,270.526,0.0,9106.03585482248,2796.95669873998
4561,0.0,0.0,0.0,0.0,2711.56930126002,0.0,-4.73297969481475e-15,0.0,6000.0,2711.56930126002
4562,0.0,0.0,0.0,0.0,0.0,0.0,2291.2,0.0,6000.0,2291.2
4563,0.0,0.0,0.0,0.0,0.0,0.0,2304.9,0.0,6000.0,2304.9
4564,377.34528,0.0,0.0,0.0,0.0,0.0,1862.2750784,0.0,6000.0,2239.6203584
4565,1902.537,0.0,0.0,0.0,0.0,0.0,378.43911,0.0,6000.0,2280.97611
4566,2419.48453608247,3545.72146391753,0.0,0.0,1.2072769774591099e-13,0.0,4.2281797573605e-30,0.0,8923.447347,2419.48453608247
4567,2494.74226804124,5010.10573195876,0.0,0.0,-1.00963129376585e-13,0.0,-2.13572159034346e-30,0.0,13054.279523,2494.74226804124
4568,2049.8829,0.0,0.0,0.0,583.635265750286,0.0,-4.19285003916363e-15,0.0,12385.7396996892,2633.5181657502862
4569,2544.12371134021,7378.8802886598,0.0,0.0,2.39130300227488e-13,0.0,-6.74438716233162e-30,0.0,18469.6264976892,2544.1237113402103
4570,2519.27835051546,3808.70564948454,0.0,0.0,-9.500523008953751e-14,0.0,-3.76596891805616e-30,0.0,21609.9043056893,2519.27835051546
4571,2532.16494845361,4147.63805154639,0.0,0.0,-1.93583269863498e-13,0.0,-5.1401472691592394e-30,0.0,25029.6318791893,2532.16494845361
4572,2490.10309278351,3685.62490721649,0.0,0.0,-1.1152276222676e-13,0.0,1.92235389180377e-30,0.0,28068.4296151893,2490.10309278351
4573,2519.69072164949,2449.02627835051,0.0,0.0,-1.470828329697e-13,0.0,1.3795590865556098e-30,0.0,30087.6517816893,2519.69072164949
4574,2682.16494845361,720.315951546391,0.0,0.0,-1.7337797385519999e-13,0.0,-7.45190550734053e-30,0.0,30681.5522837393,2682.16494845361
4575,2674.32989690722,3613.05510309278,0.0,0.0,-1.47572017574214e-13,0.0,-5.007927768531659e-30,0.0,33660.5162162393,2674.32989690722
4576,2660.82474226804,3319.20125773196,0.0,0.0,-2.3132851900490197e-13,0.0,1.23118266825218e-29,0.0,36397.1976532393,2660.82474226804
4577,2563.60824742268,1505.69075257732,0.0,0.0,-2.34295721505265e-13,0.0,-1.72283964194083e-29,0.0,37638.6396787393,2563.60824742268
4578,2212.3881,0.0,0.0,0.0,394.597414662085,0.0,-3.84652769251999e-15,0.0,37186.6380582787,2606.9855146620853
4579,696.5127,0.0,0.0,0.0,2037.32265864834,0.0,-4.52663281815398e-14,0.0,34852.93512741,2733.83535864834
4580,23.230272,0.0,0.0,0.0,2721.15307693013,0.0,-7.29280581223255e-14,0.0,31735.921293584,2744.3833489301296
4581,0.0,0.0,0.0,0.0,2760.02290950745,0.0,4.2192068344895e-14,0.0,28574.383023816,2760.02290950745
4582,0.0,0.0,0.0,0.0,2724.97136311569,0.0,1.89922693328831e-13,0.0,25452.9954372001,2724.97136311569
4583,0.0,0.0,0.0,0.0,1311.10440577075,0.0,1220.60585376213,0.0,23951.1576299025,2531.71025953288
4584,0.0,0.0,0.0,0.0,2696.56357388316,0.0,-1.21629704399092e-13,0.0,20862.3104662334,2696.56357388316
4585,0.0,0.0,0.0,0.0,2693.47079037801,0.0,1.87138252965685e-13,0.0,17777.0060099012,2693.47079037801
4586,0.0,0.0,0.0,0.0,2552.80641466208,0.0,1.7233646761145499e-13,0.0,14852.8291317087,2552.80641466208
4587,0.0,0.0,0.0,0.0,2553.60824742268,0.0,4.68276231078993e-14,0.0,11927.7337738362,2553.60824742268
4588,35.622951,0.0,0.0,0.0,2655.72249430699,0.0,-4.8487929237405e-14,0.0,8885.66906099886,2691.34544530699
4589,38.812293,0.0,0.0,0.0,2519.189090252,0.0,-1.25128016232431e-13,0.0,6000.0,2558.001383252
4590,2318.14432989691,5.75251364144941e-13,-1.20504013258477e-13,1506.24247010309,1.8014285992336399e-13,0.0,3.65214646494754e-30,0.0,6000.0,2318.14432989691
4591,2373.29896907216,0.0,0.0,2440.74403092783,2.33916456597477e-13,0.0,7.1807902207006e-30,0.0,6000.0,2373.2989690721606
4592,2444.32989690722,4059.95040206185,4.54747350886464e-13,3810.55670103093,-5.04116062553571e-14,5.04116062553571e-14,-9.983167643714621e-31,0.0,9347.4291065,2444.32989690722
4593,2458.55670103093,0.0,0.0,2826.64529896907,-1.95829910993147e-13,1093.23489117984,-5.74998328070531e-30,0.0,8095.15546253684,2458.55670103093
4594,2514.43298969072,6212.45730927835,0.0,3810.55670103093,1.65297827293769e-13,-6.37326424438596e-13,-9.42513842627158e-30,0.0,13217.3265140368,2514.43298969072
4595,2493.60824742268,13093.6550515464,-1.81898940354586e-12,3810.55670103093,1.80289279672056e-13,-1.80289279672056e-13,2.1882807185793597e-30,0.0,24013.0451040368,2493.60824742268
4596,2516.90721649485,13047.7750824742,0.0,3810.55670103093,-1.78421903450195e-13,1.78421903450195e-13,1.0411567342513199e-29,0.0,34770.9356595368,2516.90721649485
4597,2522.78350515464,9255.77879381443,0.0,3810.55670103093,1.81179755077785e-13,-1.81179755077785e-13,-9.01827322072349e-30,0.0,42402.3252750368,2522.78350515464
4598,2468.86597938144,7198.08031958763,0.0,3810.55670103093,-4.44537069683097e-14,4.44537069683097e-14,-2.62856409208416e-30,0.0,48337.1424985368,2468.86597938144
4599,2560.41237113402,5408.35692783505,9.09494701772928e-13,3810.55670103093,-1.8230307564260998e-13,1.8230307564260998e-13,8.713355214950459e-30,0.0,52796.3327855368,2560.41237113402
4600,2432.26804123711,2611.46225773196,4.54747350886464e-13,3810.55670103093,0.0,0.0,-6.2520618693617e-14,0.0,54949.4834170368,2432.26804123711
4601,2560.0,0.0,0.0,2724.5,-1.14598416030953e-13,1206.72966781214,9.086058339781619e-30,0.0,53567.204301559,2560.0
4602,286.67652,0.0,0.0,-7.475724160666341e-14,2472.07763528064,4233.95189003436,-5.24521268458489e-14,0.0,45885.6126345315,2758.75415528064
4603,606.2667,0.0,0.0,-7.475724160666341e-14,2099.22256701031,4233.95189003436,4.87489561020921e-14,0.0,38631.1172656373,2705.48926701031
4604,86.5554300000001,0.0,0.0,-7.475724160666341e-14,2583.66693344788,4233.95189003436,-1.20920754416702e-13,0.0,30821.7028057492,2670.22236344788
4605,0.0,0.0,0.0,0.0,2613.28751431844,4233.95189003436,-1.1131844332667e-13,0.0,22978.3586999614,2613.28751431844
4606,0.0,0.0,0.0,0.0,2640.32073310424,4233.95189003436,1.29745673286238e-13,0.0,15104.0487078209,2640.32073310424
4607,0.0,0.0,0.0,0.0,2643.41351660939,4233.95189003436,-1.21269370515958e-13,0.0,7226.19600834356,2643.41351660939
4608,0.0,0.0,0.0,0.0,0.0,0.0,2207.2,0.0,12000.0,2207.2
4609,0.0,0.0,0.0,0.0,0.0,0.0,2321.6,0.0,12000.0,2321.6
4610,0.0,0.0,0.0,0.0,0.0,0.0,2333.4,0.0,12000.0,2333.4
4611,0.0,0.0,0.0,0.0,2325.25762050401,0.0,336.950097299999,0.0,9336.47466150743,2662.207717804009
4612,370.04721,0.0,0.0,0.0,2130.87537949599,0.0,-5.12392344029849e-14,0.0,6895.60939289805,2500.92258949599
4613,1816.3197,0.0,0.0,0.0,781.867,0.0,-3.70372763569549e-14,0.0,6000.0,2598.1867
4614,2664.94845360825,3.15635783799088e-13,1.39111567087376e-13,3079.71254639175,2.2719100736707e-13,0.0,-8.88605372009591e-30,0.0,6000.0,2664.94845360825
4615,2718.65979381443,3758.47650515464,0.0,3810.55670103093,2.4966643879134e-13,0.0,1.6851803514712698e-29,0.0,9098.8638785,2718.6597938144305
4616,2717.83505154639,7396.55824742268,0.0,3810.55670103093,-1.67080246498122e-13,0.0,-1.2055619014102199e-30,0.0,15197.3261535,2717.83505154639
4617,2707.21649484536,0.0,0.0,1957.02750515464,-1.2573219050314998e-13,0.0,-6.23130989069627e-30,0.0,15197.3261535,2707.21649484536
4618,2704.53608247423,0.0,0.0,3092.77491752577,-1.64246038439982e-14,0.0,5.324930071446351e-31,0.0,15197.3261535,2704.53608247423
4619,2783.09278350516,13115.8975154639,0.0,3810.55670103093,-1.65088476420996e-13,0.0,-6.503169090096409e-30,0.0,26011.383655,2783.09278350516
4620,2794.63917525773,13084.2271237113,0.0,3810.55670103093,-2.1682625123112799e-13,0.0,-4.49985927596873e-30,0.0,36799.3289185,2794.63917525773
4621,1385.9352,0.0,0.0,0.0,1215.51300801833,0.0,-3.92228240854949e-14,0.0,35406.9887031296,2601.4482080183298
4622,2463.40206185567,0.0,0.0,1836.77693814433,4.91418659418405e-14,0.0,2.1572645049666098e-30,0.0,35406.9887031296,2463.40206185567
4623,1300.2132,0.0,0.0,0.0,1232.40915922108,0.0,8.472584262481511e-14,0.0,33995.2943626702,2532.62235922108
4624,2403.40206185567,4300.2852371134,0.0,3810.55670103093,-2.4960350766726e-13,0.0,-9.27862703645836e-30,0.0,37540.8795406702,2403.4020618556697
4625,2332.37113402062,0.0,0.0,3756.50386597938,3.4724555185574103e-14,0.0,-1.0995200513863e-30,0.0,37540.8795406702,2332.37113402062
4626,2049.645,0.0,0.0,0.0,285.846907216495,0.0,-1.43852096328763e-14,0.0,37213.4489482115,2335.491907216495
4627,548.6988,0.0,0.0,0.0,1892.62561741123,0.0,-2.73334677249238e-14,0.0,35045.4929145216,2441.32441741123
4628,90.50262,0.0,0.0,0.0,2537.12767308133,0.0,-1.66023412487914e-13,0.0,32139.2756486782,2627.6302930813304
4629,0.0,0.0,0.0,0.0,2712.02749140893,0.0,3.80140851977176e-14,0.0,29032.7149483243,2712.02749140893
4630,0.0,0.0,0.0,0.0,2714.31844215349,0.0,-1.45245027663504e-13,0.0,25923.5300203134,2714.31844215349
4631,0.0,0.0,0.0,0.0,2644.90263459336,0.0,4.4716057762516505e-14,0.0,22893.8591903096,2644.90263459336
4632,0.0,0.0,0.0,0.0,2659.67926689576,0.0,-8.713442542270441e-14,0.0,19847.2620919181,2659.67926689576
4633,0.0,0.0,0.0,0.0,2708.82016036655,0.0,1.93531981836455e-13,0.0,16744.375310284,2708.82016036655
4634,0.0,0.0,0.0,0.0,2690.72164948454,0.0,-1.15912228269285e-14,0.0,13662.2199271402,2690.72164948454
4635,0.0,0.0,0.0,0.0,2643.64261168385,489.34956054003,6.97249238109589e-14,0.0,10073.4545523133,2643.64261168385
4636,303.44145,0.0,0.0,0.0,2245.31706013746,0.0,1.54964604810703e-13,0.0,7501.49915696687,2548.75851013746
4637,1799.3157,0.0,0.0,0.0,838.790115693012,0.0,2.3772610752269402e-14,0.0,6540.68573692905,2638.105815693012
4638,2584.53608247423,0.0,0.0,3385.73991752577,-1.24267573475399e-13,472.018648339061,-9.081229241501099e-30,0.0,6000.0,2584.53608247423
4639,2606.80412371134,4197.50317525773,9.09494701772928e-13,3810.55670103093,-7.67067471408568e-14,7.67067471408568e-14,1.1890277658594899e-30,0.0,9460.841368,2606.80412371134
4640,2727.73195876289,7821.82334020619,0.0,3810.55670103093,3.63735604068782e-14,-3.63735604068782e-14,2.2797338446627e-30,0.0,15909.934712,2727.73195876289
4641,2683.19587628866,10820.7264226804,0.0,3810.55670103093,-7.43751489937006e-14,7.43751489937006e-14,3.76801151081631e-30,0.0,24831.6236475,2683.19587628866
4642,2653.71134020619,4965.34495876289,0.0,3810.55670103093,8.62045221573924e-14,-8.62045221573924e-14,2.0337743905684097e-30,0.0,28925.550566,2653.71134020619
4643,2647.62886597938,13551.3884329897,1.81898940354586e-12,3810.55670103093,1.3092610594386801e-14,-1.3092610594386801e-14,-6.4096373382114905e-31,0.0,40098.670329,2647.62886597938
4644,2697.73195876289,2047.92134020619,0.0,3810.55670103093,1.39638290761475e-13,-1.39638290761475e-13,8.704636336805549e-30,0.0,41787.181474,2697.73195876289
4645,2555.05154639175,12585.7397525773,-1.81898940354586e-12,3810.55670103093,3.63120976756936e-14,-3.63120976756936e-14,2.03342762378086e-31,0.0,52164.1239,2555.05154639175
4646,2530.51546391753,10792.0958350515,0.0,3810.55670103093,3.03541983886462e-14,-3.03541983886462e-14,1.83359009009079e-30,0.0,61062.206916,2530.51546391753
4647,2472.57731958763,8042.73597938144,9.09494701772928e-13,3810.55670103093,-3.91314120344682e-14,3.91314120344682e-14,1.8363765956111497e-30,0.0,67693.442731,2472.57731958763
4648,2367.62886597938,118.91043298969,0.0,3810.55670103093,1.24353998885802e-13,-1.24353998885802e-13,1.8948684690987e-32,0.0,67791.484383,2367.62886597938
4649,2330.10309278351,102.187206185566,0.0,3810.55670103093,9.19545389645629e-14,-9.19545389645629e-14,5.30040628900283e-30,0.0,67875.7377345,2330.10309278351
4650,2050.1247,0.0,0.0,-7.475724160666341e-14,263.893517754869,4233.95189003436,-2.29507195155156e-14,0.0,62723.566591557,2314.0182177548686
4651,560.9682,0.0,0.0,-7.475724160666341e-14,2003.96431386025,4233.95189003436,3.2436212496130204e-14,0.0,55578.1872056525,2564.93251386025
4652,87.8069400000001,0.0,0.0,-7.475724160666341e-14,2531.30271271478,4233.95189003436,-1.92863853398402e-13,0.0,47828.7546710029,2619.10965271478
4653,0.0,0.0,0.0,0.0,2564.37571592211,4233.95189003436,-1.43237642696331e-13,0.0,40041.4378256919,2564.37571592211
4654,0.0,0.0,0.0,0.0,2664.94845360825,4233.95189003436,1.19330231835605e-13,0.0,32138.9173862387,2664.94845360825
4655,0.0,0.0,0.0,0.0,2657.96105383734,4233.95189003436,-1.04872624266794e-13,0.0,24244.4008411394,2657.96105383734
4656,0.0,0.0,0.0,0.0,0.0,0.0,2302.1,0.0,12000.0,2302.1
4657,0.0,0.0,0.0,0.0,0.0,0.0,2384.5,0.0,12000.0,2384.5
4658,0.0,0.0,0.0,0.0,0.0,0.0,2297.9,0.0,12000.0,2297.9
4659,0.0,0.0,0.0,0.0,2615.69301260023,0.0,1.4016111473687e-13,0.0,9003.78807262288,2615.69301260023
4660,328.52274,0.0,0.0,0.0,1841.47181328751,0.0,270.928049199999,0.0,6894.42746175516,2440.922602487509
4661,1747.8669,0.0,0.0,0.0,780.835174112256,0.0,3.2764609113144604e-14,0.0,6000.0,2528.702074112256
4662,2536.49484536082,-8.2335765645151e-15,8.2335765645151e-15,3232.81415463917,-5.9264337250074804e-15,0.0,-9.25689952236546e-32,0.0,6000.0,2536.49484536082
4663,2563.40206185567,1931.5592371134,0.0,3810.55670103093,5.21940254597104e-14,-7.64294306540785e-14,6.1020796792617105e-31,0.0,7592.570591,2563.40206185567
4664,2617.62886597938,2730.76943298969,0.0,3810.55670103093,1.16357340948983e-13,-7.64294306540785e-14,-3.8575192252895e-30,0.0,9844.0899885,2617.62886597938
4665,2587.42268041237,6518.2746185567,0.0,3810.55670103093,-1.47900727812324e-14,-7.64294306540785e-14,-1.1338331578704699e-30,0.0,15218.4074115,2587.42268041237
4666,2638.86597938144,4854.45431958763,0.0,3810.55670103093,4.9288285690532805e-14,-7.64294306540785e-14,6.933987585984291e-31,0.0,19220.904998,2638.86597938144
4667,2714.0206185567,8508.44068041237,0.0,3810.55670103093,2.2347974920967099e-13,-7.64294306540785e-14,-6.645970380837139e-30,0.0,26236.114339,2714.0206185567
4668,2682.16494845361,8257.62435051547,0.0,3810.55670103093,-1.7337797385519999e-13,-7.64294306540785e-14,-7.45190550734053e-30,0.0,33044.525616,2682.16494845361
4669,2506.49484536082,8816.62545360825,0.0,3810.55670103093,8.17112398980954e-14,-7.64294306540785e-14,8.14102367476274e-31,0.0,40313.8333025,2506.49484536082
4670,2477.01030927835,6137.09198969072,0.0,3810.55670103093,2.42290911049188e-13,-7.64294306540785e-14,-1.1938943876898699e-29,0.0,45373.865648,2477.01030927835
4671,2338.45360824742,3568.58069072165,0.0,3810.55670103093,1.0783646674857999e-13,-7.64294306540785e-14,-5.31153762957618e-30,0.0,48316.1604275,2338.45360824742
4672,2352.57731958763,0.0,0.0,2600.11068041237,-1.46974381665869e-13,1344.94002290951,8.750868033156049e-30,0.0,46775.5647540642,2352.57731958763
4673,2390.20618556701,0.0,0.0,1312.24711443299,-5.18237806797076e-15,2775.89954066438,-1.9379920454711401e-31,0.0,43595.8401943111,2390.20618556701
4674,1861.8522,0.0,0.0,0.0,578.812561282933,0.0,-3.6602165633889204e-14,0.0,42932.8246601955,2440.664761282933
4675,816.2232,0.0,0.0,0.0,1720.92038487973,0.0,-9.78969432010506e-14,0.0,40961.5527416621,2537.14358487973
4676,0.0,0.0,0.0,0.0,2487.2852233677,0.0,4.3526578294304304e-14,0.0,38112.4287744597,2487.2852233677
4677,0.0,0.0,0.0,0.0,2513.86025200458,0.0,-1.55150807309204e-13,0.0,35232.8637664361,2513.86025200458
4678,0.0,0.0,0.0,0.0,2637.11340206186,0.0,-1.11730867398908e-13,0.0,32212.115310466,2637.11340206186
4679,0.0,0.0,0.0,0.0,2594.61626575029,0.0,-1.15444336284742e-13,0.0,29240.0462775333,2594.61626575029
4680,0.0,0.0,0.0,0.0,2466.78121420389,0.0,-7.38346606713167e-14,0.0,26414.409147861,2466.78121420389
4681,0.0,0.0,0.0,0.0,2150.28636884307,0.0,1.18416008321352e-13,0.0,23951.309069003,2150.28636884307
4682,0.0,0.0,0.0,0.0,2105.49828178694,0.0,-4.12798714645622e-14,0.0,21539.5126408392,2105.49828178694
4683,0.0,0.0,0.0,0.0,2061.85567010309,0.0,-1.51861002581727e-13,0.0,19177.7077495413,2061.85567010309
4684,26.230347,0.0,0.0,0.0,1956.07853769759,0.0,-4.95033728894299e-14,0.0,16937.0679583642,1982.30888469759
4685,52.34112,0.0,0.0,0.0,2145.96691134021,0.0,-1.46254622792447e-13,0.0,14478.9157116973,2198.30803134021
4686,805.6191,0.0,0.0,0.0,1431.78633791523,3207.72911046983,-1.0189562370905401e-14,0.0,9164.46502626196,2237.40543791523
4687,2169.69072164948,0.0,0.0,758.019778350515,-1.73392448013738e-13,0.0,6.785430398817779e-30,0.0,9164.46502626196,2169.69072164948
4688,2181.85567010309,0.0,0.0,1324.23652989691,-2.7168624887727203e-14,2762.57796792669,1.1160975234698e-30,0.0,6000.0,2181.85567010309
4689,2250.72164948454,1161.13164948454,0.0,3810.55670103093,-1.60501217016407e-13,-7.64294306540785e-14,-5.7124704624997194e-30,0.0,6957.353045,2250.72164948454
4690,2268.55670103093,6597.25159793814,0.0,3810.55670103093,1.10912120552773e-13,-7.64294306540785e-14,-1.45643295342694e-30,0.0,12396.7869875,2268.55670103093
4691,2216.18556701031,3707.54073195876,0.0,3810.55670103093,5.72234808961672e-14,-7.64294306540785e-14,-3.0159289757692396e-30,0.0,15453.654321,2216.18556701031
4692,2153.40206185567,8562.7612371134,0.0,3810.55670103093,2.48040927856359e-13,-7.64294306540785e-14,1.3365306269789899e-29,0.0,22513.650961,2153.4020618556706
4693,1960.20618556701,8322.74511340206,0.0,3810.55670103093,8.58737142151463e-14,-7.64294306540785e-14,2.7778714521463e-30,0.0,29375.754307,1960.20618556701
4694,1973.09278350515,0.0,0.0,1981.27321649485,-4.8907971930677304e-15,2032.53720504009,3.07552442170252e-32,0.0,27047.5329953848,1973.09278350515
4695,1892.68041237113,7797.08088659794,0.0,3810.55670103093,-9.58984325106434e-14,-7.64294306540785e-14,2.3413832857456597e-30,0.0,33476.2261863848,1892.68041237113
4696,1763.346,0.0,0.0,0.0,53.5559908361971,4233.95189003436,-3.16980236128122e-16,0.0,28564.9915003933,1816.901990836197
4697,1749.8969072165,0.0,0.0,2257.04109278351,-5.5979752113937e-14,1726.12845360825,-2.7500126570781198e-30,0.0,26587.7538673942,1749.8969072165
4698,49.02534,0.0,0.0,0.0,1863.62591088202,2818.25679954552,7.78890301782589e-14,0.0,21224.7725266982,1912.65125088202
4699,729.5145,0.0,0.0,0.0,1110.39053264605,0.0,5.3813647818128e-14,0.0,19952.8475179399,1839.90503264605
4700,56.4642,0.0,0.0,0.0,1836.34561970218,0.0,4.03239141983075e-14,0.0,17849.3588355777,1892.80981970218
4701,0.0,0.0,0.0,0.0,1904.9255441008,0.0,8.06908771695106e-14,0.0,15667.3135387841,1904.9255441008
4702,0.0,0.0,0.0,0.0,2115.578465063,0.0,4.37757891537114e-14,0.0,13243.9705089296,2115.578465063
4703,0.0,0.0,0.0,0.0,2090.03436426117,4233.95189003436,-3.13028991807209e-14,0.0,6000.0,2090.03436426117
4704,0.0,0.0,0.0,0.0,0.0,0.0,1744.1,0.0,12000.0,1744.1
4705,0.0,0.0,0.0,0.0,1044.30011454754,0.0,818.426,0.0,10803.7799375171,1862.72611454754
4706,0.0,0.0,0.0,0.0,2087.2852233677,0.0,-2.6586995301022104e-15,0.0,8412.84611922653,2087.2852233677
4707,0.0,0.0,0.0,0.0,2106.41466208477,0.0,-1.8315941712273e-13,0.0,6000.0,2106.41466208477
4708,463.788,0.0,0.0,0.0,0.0,0.0,1319.22564,0.0,6000.0,1783.01364
4709,1928.55670103093,-8.86368472995961e-14,8.86368472995961e-14,181.370598969072,-1.00012449862153e-13,0.0,1.5050833723413101e-31,0.0,6000.0,1928.55670103093
4710,2039.79381443299,0.0,0.0,1453.38548556701,3.62126664996475e-14,0.0,1.4527218109985498e-30,0.0,6000.0,2039.79381443299
4711,2026.18556701031,66.4537319587632,0.0,3810.55670103093,9.57010385514464e-14,0.0,1.44755645401497e-31,0.0,6054.791102,2026.18556701031
4712,1998.55670103093,6070.87159793814,0.0,3810.55670103093,6.3044400103134306e-15,0.0,2.07625300530941e-31,0.0,11060.2247345,1998.55670103093
4713,1992.78350515464,7502.09479381443,0.0,3810.55670103093,1.65462706838858e-14,0.0,1.2631705368615499e-30,0.0,17245.701892,1992.78350515464
4714,2032.26804123711,9785.72325773196,0.0,3810.55670103093,-9.16379954104415e-14,-7.64294306540785e-14,3.068392487889e-30,0.0,25314.030718,2032.26804123711
4715,1807.83505154639,11842.4152474227,0.0,3810.55670103093,2.13193866749243e-14,-7.64294306540785e-14,6.316402122979839e-33,0.0,35078.1020895,1807.83505154639
4716,1764.0206185567,11733.0376804124,0.0,3810.55670103093,-5.0339655003492504e-14,-7.64294306540785e-14,-1.3326659770868199e-30,0.0,44751.991657,1764.0206185567
4717,1742.57731958763,10835.8749793814,0.0,3810.55670103093,3.49546733292925e-14,-7.64294306540785e-14,-1.96654403875002e-31,0.0,53686.1705775,1742.57731958763
4718,1814.0206185567,5554.53868041237,0.0,3810.55670103093,-4.8813575244557605e-14,-7.64294306540785e-14,-2.10619424560704e-30,0.0,58265.8877195,1814.0206185567
4719,1805.56701030928,4771.7212886598,0.0,3810.55670103093,7.07358420881663e-14,-7.64294306540785e-14,3.64712717779065e-30,0.0,62200.171922,1805.56701030928
4720,1814.43298969072,1247.23930927835,0.0,3810.55670103093,-1.08704706490467e-13,-7.64294306540785e-14,-5.2291863677802796e-30,0.0,63228.5207325,1814.43298969072
4721,1867.21649484536,286.301804123711,0.0,3810.55670103093,-1.07093669714025e-13,-7.64294306540785e-14,1.4758376591738e-30,0.0,63464.57657,1867.21649484536
4722,322.59045,0.0,0.0,0.0,1706.056430126,4233.95189003436,-7.20027478882095e-14,0.0,56660.443328121,2028.646880126
4723,606.6918,0.0,0.0,0.0,1281.10991294387,4233.95189003436,2.2284591794885702e-14,0.0,50343.0758562101,1887.80171294387
4724,68.89116,0.0,0.0,0.0,1833.64899747995,4233.95189003436,-8.31447817306953e-14,0.0,43392.7884707412,1902.5401574799496
4725,0.0,0.0,0.0,0.0,1890.03436426117,4233.95189003436,5.92912996286919e-14,0.0,36377.9130362675,1890.03436426117
4726,0.0,0.0,0.0,0.0,1860.82474226804,0.0,-4.3760862058896e-14,0.0,34246.3841218711,1860.82474226804
4727,0.0,0.0,0.0,0.0,1826.68957617411,0.0,1.9843130829454e-14,0.0,32153.956199564,1826.68957617411
4728,0.0,0.0,0.0,0.0,1780.29782359679,0.0,-6.209380063709211e-14,0.0,30114.6688873111,1780.29782359679
4729,0.0,0.0,0.0,0.0,1780.87056128293,0.0,7.6150411418899e-14,0.0,28074.7255181439,1780.87056128293
4730,0.0,0.0,0.0,0.0,1745.36082474227,0.0,4.0389666410942203e-14,0.0,26075.4576776602,1745.36082474227
4731,0.0,0.0,0.0,0.0,1744.6735395189,3800.79730735112,-2.37309309278563e-14,0.0,19723.2573948767,1744.6735395189
4732,303.58497,0.0,0.0,0.0,1362.33972405498,4233.95189003436,4.35746367416367e-14,0.0,13312.8431748431,1665.92469405498
4733,1611.64948453608,0.0,0.0,41.9505154639176,-1.22707510909461e-13,4187.34020618557,-1.3539320297680599e-30,0.0,8516.34809330179,1611.64948453608
4734,1685.77319587629,0.0,0.0,1833.46200412371,-6.314592898331631e-14,2196.77188545246,-3.39383106854921e-30,0.0,6000.0,1685.77319587629
4735,1631.44329896907,4912.929,0.0,3810.55670103093,8.12210064415138e-15,-8.12210064415138e-15,3.4732705103280203e-31,0.0,10050.7099605,1631.44329896907
4736,1716.28865979381,3491.82663917526,0.0,3810.55670103093,-1.09095718541416e-13,1.09095718541416e-13,4.05974507517137e-30,0.0,12929.7210245,1716.28865979381
4737,1704.94845360825,11524.5698453608,0.0,3810.55670103093,-1.0683733026860599e-13,1.0683733026860599e-13,-3.64814743081482e-30,0.0,22431.728862,1704.94845360825
4738,1725.25773195876,13362.1035670103,-1.81898940354586e-12,3810.55670103093,8.13072220815031e-14,-8.13072220815031e-14,2.2901323022382698e-30,0.0,33448.783253,1725.25773195876
4739,1764.22680412371,6968.66949484536,0.0,3810.55670103093,-8.41919848093207e-14,8.41919848093207e-14,3.99038702256115e-30,0.0,39194.4512515,1764.22680412371
4740,1738.55670103093,4218.55359793814,0.0,3810.55670103093,-6.15348922068737e-14,6.15348922068737e-14,3.31119295840487e-30,0.0,42672.648693,1738.55670103093
4741,1805.77319587629,6609.19510309278,0.0,3810.55670103093,4.46970406480849e-14,-4.46970406480849e-14,7.104866180329861e-31,0.0,48121.9300555,1805.77319587629
4742,1796.49484536082,1840.31045360825,2.27373675443232e-13,3810.55670103093,1.57642465819876e-14,-1.57642465819876e-14,5.581174555424261e-31,0.0,49639.2660245,1796.49484536082
4743,1817.52577319588,0.0,0.0,3040.27522680412,0.0,0.0,-1.52360140540641e-14,0.0,49639.2660245,1817.52577319588
4744,1783.71134020619,3085.29895876289,4.54747350886464e-13,3810.55670103093,-3.67161154922859e-14,3.67161154922859e-14,1.2726871723839e-30,0.0,52183.095016,1783.71134020619
4745,1762.0618556701,0.0,-2.27373675443232e-13,2912.8681443299,8.243054264632741e-14,997.431729667811,2.5950503080113e-30,0.0,51040.5615341354,1762.0618556701
4746,1796.70103092784,0.0,0.0,858.485269072165,-1.02745548580938e-14,3280.07936884307,3.76179176816538e-31,0.0,47283.3113980036,1796.70103092784
4747,504.8862,0.0,0.0,-7.475724160666341e-14,1454.25015578465,4233.95189003436,-5.10769201941758e-14,0.0,40767.6160419681,1959.1363557846496
4748,0.0,0.0,0.0,0.0,1985.45246277205,4233.95189003436,9.90238157477067e-14,0.0,33643.4415255804,1985.45246277205
4749,0.0,0.0,0.0,0.0,1969.41580756014,4233.95189003436,-3.66967243152527e-16,0.0,26537.6366027918,1969.41580756014
4750,0.0,0.0,0.0,0.0,1890.1489117984,4233.95189003436,-4.3708771869791e-14,0.0,19522.6299569352,1890.1489117984
4751,0.0,0.0,0.0,0.0,1864.14662084765,4233.95189003436,6.583915034647641e-14,0.0,12537.4082949856,1864.14662084765
4752,0.0,0.0,0.0,0.0,0.0,0.0,1613.4,0.0,12000.0,1613.4
4753,0.0,0.0,0.0,0.0,459.760878006874,0.0,1137.0287535,0.0,11473.3552371055,1596.789631506874
4754,0.0,0.0,0.0,0.0,1755.67010309278,0.0,-5.1678359186459505e-14,0.0,9462.27837216534,1755.67010309278
4755,0.0,0.0,0.0,0.0,1701.03092783505,0.0,9.306161339821099e-14,0.0,7513.78933684455,1701.03092783505
4756,345.87345,0.0,0.0,0.0,1321.53809106529,0.0,1.4380285248188502e-15,0.0,6000.0,1667.41154106529
4757,1519.07216494845,-1.49073724009069e-13,-7.82999514341635e-14,107.699735051546,-1.0730155219390099e-13,0.0,-4.6460922388061695e-30,0.0,6000.0,1519.07216494845
4758,1575.15463917526,319.793659793814,0.0,3810.55670103093,-3.26635608719609e-14,-7.64294306540785e-14,1.38717103861082e-30,0.0,6263.6698725,1575.15463917526
4759,1660.72164948454,119.059649484535,0.0,3810.55670103093,-1.18605240701113e-13,-7.64294306540785e-14,9.154671436275719e-30,0.0,6361.8345535,1660.7216494845395
4760,1655.56701030928,2836.50828865979,0.0,3810.55670103093,6.61576028113615e-14,-7.64294306540785e-14,4.58307421287764e-31,0.0,8700.5356375,1655.56701030928
4761,1688.35051546392,6029.72678350515,0.0,3810.55670103093,-2.92086421599804e-14,-7.64294306540785e-14,-1.23833177272288e-30,0.0,13672.0453705,1688.35051546392
4762,1709.8969072165,8892.38639175258,0.0,3810.55670103093,-5.110426816106191e-15,-7.64294306540785e-14,1.60527152995473e-31,0.0,21003.8179505,1709.8969072165
4763,1677.11340206186,7574.17089690722,0.0,3810.55670103093,8.24422897894889e-14,-7.64294306540785e-14,5.29613091460614e-30,0.0,27248.721855,1677.11340206186
4764,1745.36082474227,6086.0504742268,0.0,3810.55670103093,4.2853158712547e-14,-7.64294306540785e-14,-9.77795667806334e-31,0.0,32266.670471,1745.36082474227
4765,1789.69072164948,5040.47357731959,0.0,3810.55670103093,-8.08102759716864e-14,-7.64294306540785e-14,-3.412587477652e-30,0.0,36422.5409355,1789.69072164948
4766,1851.75257731959,0.0,0.0,498.391322680412,-5.02664451291464e-14,3680.1837537228,-2.0645988502709098e-30,0.0,32206.9810801474,1851.75257731959
4767,1950.20618556701,0.0,0.0,3685.29381443299,3.34783091583806e-14,0.0,-4.78156596650121e-32,0.0,32206.9810801474,1950.20618556701
4768,1843.60824742268,0.0,0.0,970.655152577319,-1.0000070271899099e-13,0.0,2.8515889438289697e-30,0.0,32206.9810801474,1843.60824742268
4769,1901.85567010309,0.0,0.0,971.484929896907,6.06521783064478e-14,0.0,3.8541895039697803e-31,0.0,32206.9810801474,1901.85567010309
4770,827.7009,0.0,0.0,0.0,1074.14676632302,0.0,2.76012932799628e-14,0.0,30976.5724131107,1901.84766632302
4771,0.0,0.0,0.0,0.0,2062.313860252,0.0,-1.09113937689195e-13,0.0,28614.2426762814,2062.313860252
4772,65.88231,0.0,0.0,0.0,2023.01736460481,0.0,-5.4159312830739704e-14,0.0,26296.9261074328,2088.89967460481
4773,0.0,0.0,0.0,0.0,2106.9873997709,0.0,1.24705556813913e-13,0.0,23883.4239312921,2106.9873997709
4774,0.0,0.0,0.0,0.0,2152.34822451317,0.0,-1.43969550548716e-13,0.0,21417.9620475427,2152.34822451317
4775,0.0,0.0,0.0,0.0,2105.49828178694,0.0,-4.12798714645622e-14,0.0,19006.165619379,2105.49828178694
4776,0.0,0.0,0.0,0.0,2015.34936998855,0.0,6.76993561121516e-14,0.0,16697.6325495181,2015.34936998855
4777,0.0,0.0,0.0,0.0,2036.65521191294,0.0,-8.119255452514381e-14,0.0,14364.6941624471,2036.65521191294
4778,0.0,0.0,0.0,0.0,1916.49484536082,0.0,-7.50955769504311e-15,0.0,12169.3965159857,1916.49484536082
4779,0.0,0.0,0.0,0.0,1947.19358533792,0.0,6.30308136090781e-14,0.0,9938.93421892053,1947.19358533792
4780,273.47112,0.0,0.0,0.0,1526.0401072165,0.0,-9.7333625413369e-14,0.0,8190.89285899327,1799.5112272165
4781,1577.7723,0.0,0.0,0.0,279.336619702176,1523.92245673732,-1.7580005682834e-14,0.0,6125.30399709236,1857.108919702176
4782,1860.72164948454,0.0,0.0,3712.10535051546,-1.20314450031121e-13,109.390389461627,-2.20796176459018e-30,0.0,6000.0,1860.72164948454
4783,1870.82474226804,4383.66055670103,0.0,3810.55670103093,4.92870270680512e-14,-4.92870270680512e-14,1.0909824190671698e-30,0.0,9614.328129,1870.82474226804
4784,1833.29896907216,7937.38732989691,-9.09494701772928e-13,3810.55670103093,1.6887567146811802e-14,-1.6887567146811802e-14,8.630354613154591e-31,0.0,16158.7039825,1833.29896907216
4785,1887.42268041237,10361.7916185567,0.0,3810.55670103093,-2.8341661040574502e-14,2.8341661040574502e-14,-1.3188332390247799e-30,0.0,24702.001172,1887.42268041237
4786,1858.76288659794,11379.9984123711,0.0,3810.55670103093,2.02692759844462e-14,-2.02692759844462e-14,-1.03053447683415e-30,0.0,34084.809863,1858.76288659794
4787,1853.81443298969,11460.4118659794,0.0,3810.55670103093,-7.3644099102307e-14,7.3644099102307e-14,-2.76876906618092e-30,0.0,43533.9194465,1853.81443298969
4788,1785.05154639175,11016.2077525773,0.0,3810.55670103093,-9.13699088218616e-14,9.13699088218616e-14,6.454880044952251e-31,0.0,52616.7827385,1785.05154639175
4789,1639.07216494845,3291.09013402062,4.54747350886464e-13,3810.55670103093,5.41417437499803e-16,-5.41417437499803e-16,-2.52678745305253e-32,0.0,55330.286554,1639.07216494845
4790,1617.11340206186,3127.83789690722,4.54747350886464e-13,3810.55670103093,2.85208049737883e-14,-2.85208049737883e-14,-2.2654324907485e-30,0.0,57909.1889,1617.11340206186
4791,1582.98969072165,1881.86460824742,2.27373675443232e-13,3810.55670103093,-7.40965738844407e-14,7.40965738844407e-14,-1.0656332675774298e-30,0.0,59460.7862695,1582.98969072165
4792,1538.76288659794,4846.29441237113,0.0,3810.55670103093,-9.367801268269481e-14,9.367801268269481e-14,3.46866547272809e-30,0.0,63456.5560125,1538.76288659794
4793,1521.13402061856,0.0,2.27373675443232e-13,3694.95997938144,1.21958210992085e-13,128.440801832761,-4.2262233159879294e-30,0.0,63309.4302372047,1521.1340206185605
4794,1430.61855670103,0.0,0.0,441.946943298969,1.13986515734484e-13,3742.89973081329,8.30565994525459e-30,0.0,59022.0307746466,1430.6185567010302
4795,533.9724,0.0,0.0,-7.475724160666341e-14,975.769498281787,4233.95189003436,-2.38462236654126e-14,0.0,53054.4232278927,1509.7418982817871
4796,37.2933210000001,0.0,0.0,-7.475724160666341e-14,1571.16320576174,4233.95189003436,-1.3807331800987e-14,0.0,46404.8068524103,1608.4565267617402
4797,0.0,0.0,0.0,0.0,1641.92439862543,4233.95189003436,5.02103681274687e-14,0.0,39674.1352731895,1641.92439862543
4798,0.0,0.0,0.0,0.0,1827.49140893471,4233.95189003436,-4.79128001115208e-14,0.0,32730.9012537518,1827.49140893471
4799,0.0,0.0,0.0,0.0,1771.59221076747,4233.95189003436,-7.66611801403495e-14,0.0,25851.6983891449,1771.59221076747
4800,0.0,0.0,0.0,0.0,0.0,0.0,1500.9,0.0,12000.0,1500.9
4801,0.0,0.0,0.0,0.0,224.685080183276,0.0,1357.149925,0.0,11742.6287741314,1581.8350051832758
4802,0.0,0.0,0.0,0.0,1787.51431844215,0.0,-7.27675443129489e-14,0.0,9695.07514475896,1787.51431844215
4803,0.0,0.0,0.0,0.0,1787.05612829324,0.0,-8.663815242419081e-14,0.0,7648.0463609179,1787.05612829324
4804,386.0298,0.0,0.0,0.0,1314.26242153494,0.0,-7.77009347147574e-14,0.0,6142.59112433722,1700.29222153494
4805,1683.0177,0.0,0.0,0.0,124.482051546392,0.0,-4.7810963161041e-15,0.0,6000.0,1807.499751546392
4806,1781.85567010309,-6.55620245738205e-14,-1.61811650869412e-13,696.520229896907,-4.7190791324953404e-14,0.0,1.79050582587833e-30,0.0,6000.0,1781.85567010309
4807,1721.44329896907,1202.013,0.0,3810.55670103093,-4.12211448947445e-14,0.0,-2.64806545730307e-30,0.0,6991.0597185,1721.44329896907
4808,1782.98969072165,5578.62760824742,0.0,3810.55670103093,-6.7992254848701e-14,0.0,-4.1597463416583195e-30,0.0,11590.6381815,1782.98969072165
4809,1818.24742268041,9168.18587628866,0.0,3810.55670103093,1.38236604857804e-14,0.0,-2.90988608238942e-31,0.0,19149.8074365,1818.24742268041
4810,1836.80412371134,10114.7621752577,0.0,3810.55670103093,5.60621918864815e-14,0.0,4.92314936279922e-33,0.0,27489.42885,1836.80412371134
4811,1835.9793814433,1362.38791752577,0.0,3810.55670103093,-9.24200195123397e-14,0.0,-3.9136287446190105e-31,0.0,28612.717688,1835.9793814433
4812,1793.19587628866,3181.93342268041,0.0,3810.55670103093,-4.16356512320167e-14,0.0,1.23870477245889e-30,0.0,31236.221795,1793.19587628866
4813,1668.86597938144,6384.02631958763,0.0,3810.55670103093,-7.66845114770153e-14,0.0,1.47936807745437e-30,0.0,36499.8514955,1668.86597938144
4814,1660.0,9730.94129896907,0.0,3810.55670103093,1.02756037101618e-13,0.0,-6.63127501101799e-31,0.0,44523.0125965,1660.0
4815,1610.82474226804,4134.00855670103,0.0,3810.55670103093,-1.07387767833891e-14,0.0,-6.217656311748191e-31,0.0,47931.5026515,1610.82474226804
4816,1588.65979381443,3876.97250515464,0.0,3810.55670103093,5.10929405587276e-14,0.0,5.95630273748014e-31,0.0,51128.066482,1588.65979381443
4817,1585.67010309278,376.670195876288,0.0,3810.55670103093,6.923325661555451e-14,0.0,4.3134120974370096e-30,0.0,51438.6310585,1585.67010309278
4818,1537.31958762887,0.0,0.0,304.619212371134,1.0422065412936799e-13,0.0,-3.5130468519066296e-30,0.0,51438.6310585,1537.31958762887
4819,508.6146,0.0,0.0,0.0,1102.79935624284,0.0,8.6996719794717e-14,0.0,50175.4015553582,1611.41395624284
4820,19.839144,0.0,0.0,0.0,1657.33794996564,0.0,-5.61731320126213e-14,0.0,48276.9617501283,1677.17709396564
4821,0.0,0.0,0.0,0.0,1703.09278350515,0.0,2.9173273190084303e-14,0.0,46326.1109099162,1703.09278350515
4822,0.0,0.0,0.0,0.0,1940.77892325315,0.0,3.48250831252506e-14,0.0,44102.9964502906,1940.77892325315
4823,0.0,0.0,0.0,0.0,1930.81328751432,0.0,4.52665696704356e-14,0.0,41891.297380973,1930.81328751432
4824,0.0,0.0,0.0,0.0,1811.34020618557,1265.80113100064,-4.43035116038971e-14,0.0,38366.507762203,1811.34020618557
4825,0.0,0.0,0.0,0.0,1835.85337915235,4233.95189003436,4.82811184439533e-14,0.0,31413.6953118173,1835.85337915235
4826,0.0,0.0,0.0,0.0,1790.72164948454,4233.95189003436,-5.86646790710352e-14,0.0,24512.5801462744,1790.72164948454
4827,0.0,0.0,0.0,0.0,1747.07903780069,4233.95189003436,2.92514084737417e-14,0.0,17661.4565175974,1747.07903780069
4828,233.76561,0.0,0.0,0.0,1407.61438522337,4233.95189003436,2.9330519142731104e-14,0.0,11199.1812882071,1641.37999522337
4829,1504.5732,0.0,0.0,0.0,215.995413516609,4233.95189003436,-5.698560888027141e-15,0.0,6101.87624404792,1720.568613516609
4830,1770.51546391753,0.0,2.27373675443232e-13,3730.51253608247,-3.71188746863965e-14,88.9379610538379,2.35113344667716e-30,0.0,6000.0,1770.51546391753
4831,1804.43298969072,4504.06730927835,0.0,3810.55670103093,9.153730561191391e-14,-9.153730561191391e-14,4.0879747832637496e-30,0.0,9713.6034965,1804.43298969072
4832,1847.31958762887,8031.00671134021,0.0,3810.55670103093,-8.686487941940299e-14,8.686487941940299e-14,4.5662406341822e-30,0.0,16335.16853,1847.31958762887
4833,1862.26804123711,10594.972257732,0.0,3810.55670103093,5.94439007241158e-14,-5.94439007241158e-14,-1.8886467887868097e-30,0.0,25070.7231565,1862.26804123711
4834,1826.18556701031,12358.3647319588,0.0,3810.55670103093,8.95967195157067e-14,-8.95967195157067e-14,3.2388687194823795e-30,0.0,35260.194878,1826.18556701031
4835,1877.52577319588,13194.4695257732,1.81898940354586e-12,3810.55670103093,2.8655477579319104e-14,-2.8655477579319104e-14,-9.209742816479831e-31,0.0,46139.035002,1877.52577319588
4836,1819.07216494845,13236.9331340206,1.81898940354586e-12,3810.55670103093,-9.81450736402919e-14,9.81450736402919e-14,1.7315472741995897e-30,0.0,57052.886371,1819.07216494845
4837,1645.67010309278,12482.1741958763,0.0,3810.55670103093,1.23154741431255e-13,-1.23154741431255e-13,-4.6532381833989895e-30,0.0,67344.4389955,1645.6701030927802
4838,1576.39175257732,10884.0465463917,0.0,3810.55670103093,4.81139909152039e-14,-4.81139909152039e-14,1.4107539376043598e-30,0.0,76318.335373,1576.39175257732
4839,1531.9587628866,8484.27153608247,0.0,3810.55670103093,6.23848819227781e-14,-6.23848819227781e-14,-4.88740488380163e-30,0.0,83313.6172545,1531.9587628866
4840,1499.48453608247,5084.3167628866,0.0,3810.55670103093,-1.1532548028448801e-14,1.1532548028448801e-14,1.0415410245887302e-31,0.0,87505.6364255,1499.48453608247
4841,1463.9175257732,639.719773195875,0.0,3810.55670103093,7.59352115596386e-14,-7.59352115596386e-14,3.95928570091673e-30,0.0,88033.0853785,1463.9175257732
4842,1469.79381443299,0.0,0.0,306.53918556701,-7.755149259642121e-14,3893.35279495991,-3.94953501830728e-30,0.0,83573.3456362779,1469.79381443299
4843,449.0694,0.0,0.0,-7.475724160666341e-14,1127.37993356243,4233.95189003436,-1.64146386553156e-14,0.0,77432.0720697294,1576.4493335624302
4844,0.0,0.0,0.0,0.0,1573.19587628866,4233.95189003436,-9.270238643159581e-14,0.0,70780.1273202185,1573.19587628866
4845,0.0,0.0,0.0,0.0,1591.17983963345,4233.95189003436,4.58001278496195e-14,0.0,64107.5823836002,1591.17983963345
4846,0.0,0.0,0.0,0.0,1784.87972508591,4233.95189003436,5.13738025011284e-14,0.0,57213.1589985827,1784.87972508591
4847,0.0,0.0,0.0,0.0,1754.5246277205,4233.95189003436,6.88276540254416e-14,0.0,50353.5066300204,1754.5246277205
4848,0.0,0.0,0.0,0.0,1642.95532646048,0.0,3.8279696327600806e-15,0.0,10118.0351357841,1642.95532646048
4849,0.0,0.0,0.0,0.0,1712.02749140893,0.0,3.62377283583174e-14,0.0,8156.94980770972,1712.02749140893
4850,0.0,0.0,0.0,0.0,1667.3026185567,0.0,40.244813999999,0.0,6247.0957200159,1707.547432556699
4851,0.0,0.0,0.0,0.0,0.0,0.0,1478.8,0.0,6247.0957200159,1478.8
4852,219.46041,0.0,0.0,0.0,0.0,0.0,1188.6234023,0.0,6247.0957200159,1408.0838123
4853,1435.7538,0.0,0.0,0.0,215.714563573883,0.0,4.2201168134672506e-15,0.0,6000.0,1651.468363573883
4854,1663.09278350515,-8.14533052941192e-14,8.14533052941192e-14,3685.05521649485,-5.86291524376962e-14,0.0,3.2280021677326096e-30,0.0,6000.0,1663.09278350515
4855,1662.57731958763,4376.00397938144,9.09494701772928e-13,3810.55670103093,-1.15944093234193e-13,1.15944093234193e-13,5.87773721805982e-30,0.0,9608.015281,1662.5773195876295
4856,1690.20618556701,7938.01311340206,0.0,3810.55670103093,-2.65474946930597e-14,2.65474946930597e-14,9.94138571124777e-31,0.0,16152.907093,1690.20618556701
4857,1783.29896907216,10577.8453298969,0.0,3810.55670103093,1.53614873878769e-14,0.0,-1.1181385511960898e-30,0.0,24874.3405675,1783.29896907216
4858,1806.28865979381,12120.2376391753,0.0,3810.55670103093,9.41984530788346e-14,0.0,8.110405650478571e-31,0.0,34867.476501,1806.28865979381
4859,1804.12371134021,12591.9625876289,0.0,3810.55670103093,8.18356337533598e-15,-8.18356337533598e-15,-3.3098414771435997e-31,0.0,45249.5496545,1804.12371134021
4860,1798.14432989691,12313.3589690722,0.0,3810.55670103093,5.22777238547365e-14,-5.22777238547365e-14,-2.53246520025789e-30,0.0,55401.9141245,1798.14432989691
4861,1623.29896907216,11717.2913298969,0.0,3810.55670103093,-4.16121569456936e-14,4.16121569456936e-14,1.13146142358503e-30,0.0,65062.820826,1623.29896907216
4862,1588.96907216495,10169.3132268041,0.0,3810.55670103093,-1.18190734363841e-13,1.18190734363841e-13,5.26790120651376e-30,0.0,73447.4195815,1588.9690721649497
4863,1553.71134020619,7919.95095876289,0.0,3810.55670103093,6.04442958265709e-14,-6.04442958265709e-14,5.2822981765441e-30,0.0,79977.419147,1553.71134020619
4864,1581.34020618557,4554.9750927835,0.0,3810.55670103093,-1.02796522791443e-13,1.02796522791443e-13,-7.25339609119199e-31,0.0,83732.996111,1581.34020618557
4865,1544.22680412371,292.728494845361,-2.27373675443232e-13,3810.55670103093,6.536383156630171e-14,-6.536383156630171e-14,5.3162805764691194e-30,0.0,83974.350755,1544.22680412371
4866,1504.84536082474,0.0,0.0,225.112739175258,3.03032241781416e-14,3983.82662428408,-2.65354128719379e-30,0.0,79410.9754694513,1504.84536082474
4867,460.6368,0.0,0.0,-7.475724160666341e-14,1153.24433447881,4233.95189003436,4.88875506023568e-14,0.0,73240.0748686343,1613.88113447881
4868,0.0,0.0,0.0,0.0,1591.75257731959,4233.95189003436,-1.4452878756331e-14,0.0,66566.8738751017,1591.75257731959
4869,0.0,0.0,0.0,0.0,1560.71019473081,4233.95189003436,-3.2243167789526e-14,0.0,59929.2311663215,1560.71019473081
4870,0.0,0.0,0.0,0.0,1565.86483390607,4233.95189003436,2.0971428742744e-14,0.0,53285.683945313,1565.86483390607
4871,0.0,0.0,0.0,0.0,1524.1695303551,4233.95189003436,-5.04979710840646e-14,0.0,46689.8976676618,1524.1695303551
4872,0.0,0.0,0.0,0.0,1520.38946162657,4233.95189003436,-4.34782972002776e-15,0.0,40098.4413656447,1520.38946162657
4873,0.0,0.0,0.0,0.0,1507.67468499427,4233.95189003436,3.47378564757759e-14,0.0,33521.5495271239,1507.67468499427
4874,0.0,0.0,0.0,0.0,1483.50515463918,4233.95189003436,5.90239060376504e-14,0.0,26972.3432903845,1483.50515463918
4875,0.0,0.0,0.0,0.0,1441.58075601375,4233.95189003436,-4.94256945413386e-15,0.0,20471.1604197681,1441.58075601375
4876,214.88571,0.0,0.0,-7.475724160666341e-14,1202.70430847652,4233.95189003436,-1.6280835686763402e-14,0.0,14243.6046368232,1417.59001847652
4877,1399.164,0.0,0.0,-7.475724160666341e-14,122.463825887743,4233.95189003436,-2.80937259964321e-15,0.0,9253.43772282307,1521.627825887743
4878,1581.13402061856,0.0,0.0,3528.87997938144,-7.67577213513614e-14,312.974135166095,2.21130095063846e-30,0.0,8894.93355882984,1581.13402061856
4879,1552.26804123711,4091.63325773196,4.54747350886464e-13,3810.55670103093,-2.10798288625938e-15,2.10798288625938e-15,-7.31642894767946e-32,0.0,12268.4851798298,1552.26804123711
4880,1507.9381443299,7513.51915463917,0.0,3810.55670103093,1.13741923432227e-13,-1.13741923432227e-13,-5.90689260641614e-30,0.0,18463.3817228298,1507.9381443299003
4881,1437.9381443299,9845.01215463918,0.0,3810.55670103093,1.52385619255077e-14,-1.52385619255077e-14,2.3848384629823102e-31,0.0,26580.5942443298,1437.9381443299
4882,1401.03092783505,11136.783371134,0.0,3810.55670103093,-9.52773023159758e-14,9.52773023159758e-14,-5.35277947631138e-31,0.0,35762.8721338298,1401.03092783505
4883,1140.82474226804,11790.148556701,0.0,3810.55670103093,-1.21450776361588e-13,1.21450776361588e-13,6.93027845574229e-31,0.0,45483.8496188298,1140.8247422680397
4884,1138.86597938144,11625.2653195876,0.0,3810.55670103093,1.13194212882319e-14,-1.13194212882319e-14,4.886907091246851e-31,0.0,55068.8808748298,1138.86597938144
4885,1111.34020618557,11385.4070927835,0.0,3810.55670103093,3.13153664237582e-14,-3.13153664237582e-14,1.70907972266841e-30,0.0,64456.1490228298,1111.34020618557
4886,1091.54639175258,8398.7299072165,0.0,3810.55670103093,-9.95142451298545e-14,9.95142451298545e-14,4.13987406341521e-30,0.0,71380.9018313298,1091.54639175258
4887,1048.65979381443,8153.71850515464,0.0,3810.55670103093,-3.57104761294908e-14,3.57104761294908e-14,1.72885742815128e-30,0.0,78103.6427388298,1048.65979381443
4888,1029.58762886598,3455.66267010309,4.54747350886464e-13,3810.55670103093,-1.2852003929988401e-14,1.2852003929988401e-14,5.104402268483699e-31,0.0,80952.8366103298,1029.58762886598
4889,1024.32989690722,227.235402061855,0.0,3810.55670103093,-6.77071768566196e-14,6.77071768566196e-14,4.224641961063181e-31,0.0,81140.1921993298,1024.32989690722
4890,1004.84536082474,0.0,0.0,1171.25713917526,1.50424265887924e-14,2932.55506872852,-4.2766316405512505e-31,0.0,77781.0225902479,1004.84536082474
4891,393.276,0.0,0.0,-7.475724160666341e-14,671.617731958763,4233.95189003436,-2.4727566248901e-14,0.0,72161.8134012524,1064.893731958763
4892,0.0,0.0,0.0,0.0,1035.16609392898,4233.95189003436,5.4768031779577e-15,0.0,66126.1685169874,1035.16609392898
4893,0.0,0.0,0.0,0.0,921.420389461627,4233.95189003436,8.116921160915121e-15,0.0,60220.8165358923,921.420389461627
4894,0.0,0.0,0.0,0.0,934.249713631157,4233.95189003436,-5.843770421110231e-15,0.0,54300.768879918,934.249713631157
4895,0.0,0.0,0.0,0.0,951.775486827033,4233.95189003436,-9.336930363398051e-15,0.0,48360.6458823677,951.775486827033
4896,0.0,0.0,0.0,0.0,939.977090492554,0.0,-1.28821804947909e-14,0.0,10923.2793923338,939.977090492554
4897,0.0,0.0,0.0,0.0,938.831615120275,0.0,8.375223386139431e-15,0.0,9847.87089849619,938.831615120275
4898,0.0,0.0,0.0,0.0,937.686139747995,0.0,2.96326272670697e-14,0.0,8773.77451848703,937.686139747995
4899,0.0,0.0,0.0,0.0,935.166093928981,0.0,-4.84747067483067e-14,0.0,7702.56478890057,935.166093928981
4900,14.028534,0.0,0.0,0.0,924.389830492555,0.0,-4.7811728211235504e-14,0.0,6643.69900368573,938.418364492555
4901,840.412371134021,0.0,0.0,621.233528865979,4.77890565445386e-14,0.0,-2.00401325958386e-30,0.0,6643.69900368573,840.412371134021
4902,840.412371134021,0.0,1.13686837721616e-13,3105.49062886598,4.77890565445386e-14,561.949230217641,-2.00401325958386e-30,0.0,6000.0,840.412371134021
4903,834.020618556701,2013.97068041237,2.27373675443232e-13,3810.55670103093,1.76421113245285e-14,-1.76421113245285e-14,-2.71583902492082e-31,0.0,7660.518826,834.020618556701
4904,834.329896907217,5431.30940206186,0.0,3810.55670103093,-2.1416090835593602e-14,2.1416090835593602e-14,8.32859819934973e-31,0.0,12138.633428,834.329896907217
4905,838.350515463918,6153.03978350516,-9.09494701772928e-13,3810.55670103093,-5.51519980618741e-14,5.51519980618741e-14,8.92839667993791e-31,0.0,17211.8147295,838.350515463918
4906,849.587628865979,11855.9266701031,0.0,3810.55670103093,-4.43909856146435e-14,4.43909856146435e-14,-9.49756670268287e-31,0.0,26987.026269,849.587628865979
4907,847.628865979382,12475.9964329897,0.0,3810.55670103093,-3.40327323615236e-14,3.40327323615236e-14,-1.71390673423711e-30,0.0,37273.485328,847.628865979382
4908,853.60824742268,10853.3110515464,0.0,3810.55670103093,4.8191815738649305e-14,-4.8191815738649305e-14,2.4269450281864297e-30,0.0,46222.04029,853.60824742268
4909,848.865979381443,12037.0233195876,0.0,3810.55670103093,5.06515836085147e-14,-5.06515836085147e-14,2.4439362281489397e-30,0.0,56146.566017,848.865979381443
4910,838.556701030928,7912.51359793814,0.0,3810.55670103093,4.12211448947445e-14,-4.12211448947445e-14,2.64806545730307e-30,0.0,62670.4334785,838.556701030928
4911,843.608247422681,8310.37105154639,0.0,3810.55670103093,-2.9682513524301e-16,2.9682513524301e-16,-9.15543350994964e-33,0.0,69522.3344105,843.608247422681
4912,847.319587628866,5007.49371134021,0.0,3810.55670103093,5.0254697985984806e-15,-5.0254697985984806e-15,-6.36481756323933e-32,0.0,73651.0129755,847.319587628866
4913,845.360824742268,773.194474226804,0.0,3810.55670103093,0.0,0.0,1.34299902241502e-14,0.0,74288.5118195,845.360824742268
4914,833.917525773196,0.0,0.0,861.724474226804,3.06615120445692e-14,3276.48025200458,1.19673637738675e-30,0.0,70535.3843830687,833.917525773196
4915,460.5549,0.0,0.0,-7.475724160666341e-14,407.745414662085,4233.95189003436,1.51056863278535e-14,0.0,65218.4344349627,868.3003146620849
4916,0.0,0.0,0.0,0.0,913.287514318442,4233.95189003436,4.69833727733232e-14,0.0,59322.39846205,913.287514318442
4917,0.0,0.0,0.0,0.0,924.742268041237,4233.95189003436,4.73447810166072e-14,0.0,53413.2413508523,924.742268041237
4918,0.0,0.0,0.0,0.0,923.253150057274,4233.95189003436,3.6541886228138204e-14,0.0,47505.7899876317,923.253150057274
4919,0.0,0.0,0.0,0.0,922.107674684994,4233.95189003436,-4.14493192219023e-14,0.0,41599.6507382395,922.107674684994
4920,0.0,0.0,0.0,0.0,905.956471935854,4233.95189003436,-3.78400307142786e-14,0.0,35712.0122938292,905.956471935854
4921,0.0,0.0,0.0,0.0,859.106529209622,4233.95189003436,3.59731915885846e-14,0.0,29878.0393050044,859.106529209622
4922,0.0,0.0,0.0,0.0,857.159221076747,4233.95189003436,-3.1385397017715903e-15,0.0,24046.2969096882,857.159221076747
4923,0.0,0.0,0.0,0.0,854.982817869416,4233.95189003436,-4.91855750477487e-14,0.0,18217.047530646,854.982817869416
4924,183.38385,0.0,0.0,-7.475724160666341e-14,652.139364833906,4233.95189003436,-1.2289913711890901e-15,0.0,12620.1503314842,835.523214833906
4925,777.525773195876,0.0,0.0,554.878026804124,-1.01151293437584e-15,3617.42074914089,-8.50216334199371e-32,0.0,8476.48395217046,777.525773195876
4926,804.948453608248,359.607845360825,-2.27373675443232e-13,3810.55670103093,-4.08129316698802e-15,4.08129316698802e-15,-1.79221510368957e-31,0.0,8772.98062067046,804.948453608248
4927,813.711340206186,4703.24495876289,0.0,3810.55670103093,-4.41837324460074e-14,4.41837324460074e-14,2.6162627769142796e-30,0.0,12650.8060891705,813.711340206186
4928,827.525773195876,8264.9115257732,0.0,3810.55670103093,5.14566824559087e-16,-5.14566824559087e-16,2.29456088227077e-33,0.0,19465.2256421705,827.525773195876
4929,837.731958762887,10805.0323402062,0.0,3810.55670103093,2.68711704412434e-14,-2.68711704412434e-14,6.35100055004128e-32,0.0,28373.9748066705,837.731958762887
4930,851.649484536082,12384.732814433,0.0,3810.55670103093,5.46433048088958e-14,-5.46433048088958e-14,-2.4714650991749e-30,0.0,38585.1870121705,851.649484536082
4931,855.876288659794,13291.5070103093,0.0,3810.55670103093,-1.2246396745927202e-15,1.2246396745927202e-15,-8.683499529837029e-33,0.0,49544.0345421705,855.876288659794
4932,856.494845360825,13474.3054536082,-1.81898940354586e-12,3810.55670103093,3.91641362189897e-14,-3.91641362189897e-14,1.5526279830473099e-30,0.0,60653.5993886705,856.494845360825
4933,860.618556701031,12757.417742268,1.81898940354586e-12,3810.55670103093,-7.591171727331551e-15,7.591171727331551e-15,1.44287551227295e-31,0.0,71172.0903171705,860.618556701031
4934,852.268041237113,11209.239257732,0.0,3810.55670103093,-2.34730995113483e-14,2.34730995113483e-14,-2.6257765432079e-31,0.0,80414.1080851705,852.268041237113
4935,854.639175257732,8637.78212371134,0.0,3810.55670103093,3.6502988752069e-14,-3.6502988752069e-14,-6.79842360800347e-31,0.0,87535.9594461705,854.639175257732
4936,854.432989690722,5193.89830927835,0.0,3810.55670103093,6.254179019215031e-14,-6.254179019215031e-14,2.2567981989573097e-30,0.0,91818.3286021705,854.4329896907221
4937,847.422680412371,837.822618556701,-2.27373675443232e-13,3810.55670103093,-7.9939309214422e-15,7.9939309214422e-15,-1.5461731499533702e-31,0.0,92509.1133511705,847.422680412371
4938,840.824742268041,0.0,0.0,836.081657731959,-8.19531051849753e-15,3304.97227033219,3.8460582215128998e-31,0.0,88723.3490094383,840.824742268041
4939,444.3426,0.0,0.0,-7.475724160666341e-14,428.737317296678,4233.95189003436,-1.9668936394327203e-15,0.0,83382.3533538472,873.079917296678
4940,0.0,0.0,0.0,0.0,930.927835051546,4233.95189003436,-4.50716302768023e-14,0.0,77466.1108279756,930.927835051546
4941,0.0,0.0,0.0,0.0,943.757159221077,4233.95189003436,4.02162874721431e-14,0.0,71535.1726272248,943.757159221077
4942,0.0,0.0,0.0,0.0,955.784650630011,4233.95189003436,-3.41135392811686e-14,0.0,65590.4572312748,955.784650630011
4943,0.0,0.0,0.0,0.0,951.660939289805,4233.95189003436,-2.0023696586531102e-14,0.0,59650.4654451073,951.660939289805
4944,0.0,0.0,0.0,0.0,950.057273768614,0.0,-2.7075129207488e-14,0.0,10911.7327906431,950.057273768614
4945,0.0,0.0,0.0,0.0,950.057273768614,0.0,-2.7075129207488e-14,0.0,9823.46558128611,950.057273768614
4946,0.0,0.0,0.0,0.0,943.184421534937,0.0,1.22068474712289e-15,0.0,8743.07105490015,943.184421534937
4947,0.0,0.0,0.0,0.0,939.060710194731,0.0,1.53105274417604e-14,0.0,7667.4001382968,939.060710194731
4948,169.77636,0.0,0.0,0.0,767.946083390607,0.0,3.39922687036253e-14,0.0,6787.73681253436,937.7224433906068
4949,875.876288659794,0.0,0.0,436.005711340206,-2.6659302323508102e-14,687.694237342497,-2.58771156615234e-31,0.0,6000.0,875.876288659794
4950,852.474226804124,141.496072164948,-1.13686837721616e-13,3810.55670103093,-5.3418665134303104e-14,0.0,-1.82407371540741e-30,0.0,6116.6635115,852.474226804124
4951,849.175257731959,4340.80504123711,0.0,3810.55670103093,7.68661726551923e-15,-7.64294306540785e-14,-5.85880112816512e-31,0.0,9695.657268,849.175257731959
4952,839.072164948454,7809.35013402062,0.0,3810.55670103093,-2.77826228883324e-14,-7.64294306540785e-14,-5.63689162388267e-31,0.0,16134.4664535,839.072164948454
4953,857.422680412371,10454.8166185567,0.0,3810.55670103093,4.44014741353235e-14,-7.64294306540785e-14,-1.4609836247316798e-30,0.0,24754.4627555,857.422680412371
4954,862.783505154639,12181.4847938144,0.0,3810.55670103093,-4.39882264205329e-14,-7.64294306540785e-14,-2.0282029445615398e-30,0.0,34798.096968,862.783505154639
4955,850.824742268041,0.0,2.27373675443232e-13,3283.13625773196,4.42000945382682e-14,586.022714776633,1.83294179344672e-30,0.0,34126.822380627,850.824742268041
4956,855.360824742268,0.0,-1.13686837721616e-13,2710.35067525773,-5.85395804710893e-14,1222.451139748,1.43586930284597e-30,0.0,32726.5347062307,855.3608247422679
4957,844.020618556701,3352.86368041237,0.0,3810.55670103093,-6.018795638115261e-14,-7.64294306540785e-14,6.12525857594378e-31,0.0,35490.9708107307,844.0206185567009
4958,810.0,0.0,0.0,566.4777,-5.34127915627223e-14,3604.5322233677,-4.73533412109987e-31,0.0,31362.0679202751,810.0
4959,800.309278350515,5085.08002061856,0.0,3810.55670103093,-1.85476902000367e-14,-7.64294306540785e-14,1.12194504890165e-30,0.0,35554.7163972751,800.309278350515
4960,792.783505154639,4997.48479381443,0.0,3810.55670103093,-2.0079643530552402e-14,-7.64294306540785e-14,5.44933014124449e-31,0.0,39675.1426097751,792.783505154639
4961,789.278350515464,0.0,0.0,2580.32944948454,-5.925426827022211e-14,1366.91916838488,-4.1063592359864395e-30,0.0,38109.3703664935,789.2783505154639
4962,784.123711340206,0.0,0.0,777.132088659794,3.0966308455529002e-15,0.0,6.66374415362241e-32,0.0,38109.3703664935,784.123711340206
4963,338.06994,0.0,0.0,0.0,489.544282016037,0.0,-2.2436196399382802e-14,0.0,37548.6094478039,827.614222016037
4964,0.0,0.0,0.0,0.0,865.292096219931,0.0,-4.2004991314179704e-14,0.0,36557.4386617558,865.292096219931
4965,0.0,0.0,0.0,0.0,862.313860252005,0.0,-3.47343241098272e-14,0.0,35569.6793716619,862.313860252005
4966,0.0,0.0,0.0,0.0,864.490263459336,0.0,1.13127112361499e-14,0.0,34579.4270652938,864.490263459336
4967,0.0,0.0,0.0,0.0,858.64833906071,0.0,7.66435508669742e-15,0.0,33595.8665394511,858.64833906071
4968,0.0,0.0,0.0,0.0,846.277205040092,0.0,-3.48764977697156e-14,0.0,32626.4768429561,846.277205040092
4969,0.0,0.0,0.0,0.0,837.571592210767,4233.95189003436,-4.9443877272973e-14,0.0,26817.1715941072,837.571592210767
4970,0.0,0.0,0.0,0.0,834.593356242841,4233.95189003436,-4.21732100686206e-14,0.0,21011.2778412123,834.593356242841
4971,0.0,0.0,0.0,0.0,830.126002290951,4233.95189003436,-4.57054376527371e-14,0.0,15210.5013322486,830.126002290951
4972,152.52939,0.0,0.0,0.0,661.107092439863,3694.10202880332,-1.41733609871866e-14,0.0,10221.7165427375,813.636482439863
4973,768.762886597938,0.0,0.0,493.554013402062,3.90909263446436e-14,3685.55854180985,2.2845608562313998e-30,0.0,6000.0,768.762886597938
4974,800.0,470.363298969072,0.0,3810.55670103093,2.4417276142958802e-14,-2.4417276142958802e-14,-1.3576431721964499e-30,0.0,6387.81454,800.0
4975,810.309278350515,2736.32802061856,0.0,3810.55670103093,3.3847714856729e-14,-3.3847714856729e-14,-1.5617724013505799e-30,0.0,8643.916993,810.309278350515
4976,802.268041237113,6767.02425773196,0.0,3810.55670103093,-2.49991792702832e-14,2.49991792702832e-14,5.10950614199432e-31,0.0,14223.3284935,802.268041237113
4977,811.237113402062,8379.16818556701,0.0,3810.55670103093,3.90850527730628e-14,-3.90850527730628e-14,9.34020552933979e-31,0.0,21131.9526625,811.237113402062
4978,820.515463917526,9385.95683505155,0.0,3810.55670103093,6.02043184734133e-14,-6.02043184734133e-14,-1.67272584929692e-30,0.0,28870.674073,820.5154639175261
4979,823.092783505155,10124.8865154639,0.0,3810.55670103093,-3.60838674656976e-14,3.60838674656976e-14,-1.45880390519545e-30,0.0,37218.643005,823.092783505155
4980,826.288659793814,10261.8566391753,0.0,3810.55670103093,4.21489594340942e-14,-4.21489594340942e-14,2.0880446224883797e-30,0.0,45679.543804,826.288659793814
4981,822.164948453608,10351.2343505155,0.0,3810.55670103093,-3.7414441199157904e-14,3.7414441199157904e-14,1.79663203912493e-31,0.0,54214.136526,822.164948453608
4982,813.19587628866,10754.4544226804,0.0,3810.55670103093,2.4820035337069402e-14,-2.4820035337069402e-14,3.1861283454207102e-31,0.0,63081.1841975,813.19587628866
4983,784.536082474227,5737.95721649485,9.09494701772928e-13,3810.55670103093,-5.28877362174833e-14,5.28877362174833e-14,4.48920273685754e-32,0.0,67812.1299225,784.536082474227
4984,782.989690721649,4731.43160824742,0.0,3810.55670103093,2.7804858552173902e-14,-2.7804858552173902e-14,8.54029473983143e-31,0.0,71713.1952835,782.989690721649
4985,771.649484536082,0.0,1.13686837721616e-13,3659.29651546392,3.0063246824984e-14,168.066872852234,1.4102438110922799e-30,0.0,71520.6788197517,771.649484536082
4986,752.680412371134,0.0,0.0,1542.23558762887,4.38090824873191e-14,2520.35679266896,1.0306411227127101e-31,0.0,68633.6721843921,752.680412371134
4987,486.1818,0.0,0.0,-7.475724160666341e-14,294.276808705613,4233.95189003436,1.1493520461957e-14,0.0,63446.6977299362,780.458608705613
4988,0.0,0.0,0.0,0.0,839.060710194731,4233.95189003436,-3.8640982484504e-14,0.0,57635.6867331102,839.060710194731
4989,0.0,0.0,0.0,0.0,843.069873997709,4233.95189003436,3.5831017928696204e-14,0.0,51820.0833378845,843.069873997709
4990,0.0,0.0,0.0,0.0,848.224513172967,4233.95189003436,-1.02029948700047e-14,0.0,45998.5754304305,848.224513172967
4991,0.0,0.0,0.0,0.0,844.558991981672,4233.95189003436,3.219568432652e-14,0.0,40181.2662872277,844.558991981672
4992,0.0,0.0,0.0,0.0,719.806825887744,0.0,104.408641,0.0,11175.4790081469,824.215466887744
4993,0.0,0.0,0.0,0.0,830.355097365407,0.0,-3.87701335971162e-14,0.0,10224.3276938681,830.355097365407
4994,0.0,0.0,0.0,0.0,838.029782359679,0.0,-6.6968123804406305e-15,0.0,9264.38521693834,838.029782359679
4995,0.0,0.0,0.0,0.0,829.896907216495,0.0,3.21696392319675e-14,0.0,8313.75874819092,829.896907216495
4996,0.0,0.0,0.0,0.0,828.178694158076,0.0,1.44314403878775e-14,0.0,7365.10045018625,828.178694158076
4997,0.0,0.0,0.0,0.0,847.766323024055,0.0,-3.8511831371891904e-14,0.0,6394.00500571426,847.766323024055
4998,454.2447,0.0,0.0,0.0,343.966369988545,0.0,1.22639078803185e-14,0.0,6000.0,798.211069988545
4999,741.134020618557,3712.37027835052,0.0,3810.55670103093,-5.42124363793628e-14,-7.64294306540785e-14,-2.4755051222896e-30,0.0,9060.8492945,741.134020618557
5000,742.474226804124,805.725072164948,0.0,3810.55670103093,1.74524788706347e-14,0.0,2.1401756021761503e-31,0.0,9725.1696165,742.474226804124
5001,756.701030927835,0.0,-2.27373675443232e-13,3556.19196907217,1.00731752610385e-14,282.627479954181,1.63043960330089e-31,0.0,9401.42679868307,756.701030927835
5002,773.814432989691,781.872865979382,-3.41060513164848e-13,3810.55670103093,-6.3338078682173304e-15,0.0,-7.35711144386149e-32,0.0,10046.0809766831,773.814432989691
5003,756.701030927835,12079.8532680412,0.0,3810.55670103093,1.00731752610385e-14,-7.64294306540785e-14,1.63043960330089e-31,0.0,20005.9199961831,756.701030927835
5004,762.371134020619,7758.13116494845,0.0,3810.55670103093,8.94398112463345e-15,-7.64294306540785e-14,-1.15063208224479e-31,0.0,26402.4991416831,762.371134020619
5005,763.298969072165,4993.11732989691,0.0,3810.55670103093,1.02745548580938e-14,-7.64294306540785e-14,-3.76179176816538e-31,0.0,30519.3243801831,763.298969072165
5006,727.938144329897,8913.38515463918,0.0,3810.55670103093,-5.85219597563469e-14,-7.64294306540785e-14,5.487490212738239e-30,0.0,37868.4104401831,727.9381443298969
5007,694.639175257732,8359.14912371134,0.0,3810.55670103093,-2.04706555815015e-14,-7.64294306540785e-14,-1.184944667051e-30,0.0,44760.5288926831,694.639175257732
5008,688.350515463917,0.0,0.0,2590.77338453608,6.26817070580211e-14,1355.31479610538,2.39588626055785e-30,0.0,43208.0491720583,688.3505154639171
5009,691.958762886598,818.605536082473,3.41060513164848e-13,3810.55670103093,-3.74817775019233e-14,0.0,2.2621363803940098e-30,0.0,43882.9894365583,691.958762886598
5010,698.762886597938,0.0,0.0,963.249413402062,5.909274505175061e-14,3163.67476403207,7.23436751524886e-31,0.0,40259.0779084575,698.7628865979381
5011,499.3248,0.0,0.0,0.0,223.430634593356,4233.95189003436,-1.0204405081649201e-14,0.0,35153.2560016674,722.755434593356
5012,0.0,0.0,0.0,0.0,778.23596792669,4233.95189003436,-1.44200456590108e-14,0.0,29411.9182491347,778.23596792669
5013,0.0,0.0,0.0,0.0,784.879725085911,4233.95189003436,4.9597445661728104e-14,0.0,23662.9702363967,784.879725085911
5014,0.0,0.0,0.0,0.0,786.827033218786,4233.95189003436,-2.4977660769531702e-14,0.0,17911.7916301502,786.827033218786
5015,0.0,0.0,0.0,0.0,782.13058419244,1715.42163584739,4.93651885310563e-14,0.0,15050.9070711126,782.13058419244
5016,0.0,0.0,0.0,0.0,767.239404352806,0.0,2.79656109902376e-14,0.0,14172.0532287841,767.239404352806
5017,0.0,0.0,0.0,0.0,761.626575028637,4233.95189003436,-3.91195936532742e-14,0.0,8449.74112676463,761.626575028637
5018,0.0,0.0,0.0,0.0,759.679266895762,0.0,2.10172843873404e-14,0.0,7579.54723570419,759.679266895762
5019,0.0,0.0,0.0,0.0,749.942726231386,0.0,3.83940749881464e-14,0.0,6720.50631218599,749.942726231386
5020,104.61984,0.0,0.0,0.0,629.002010538373,0.0,3.2494899234582404e-14,0.0,6000.0,733.621850538373
5021,691.030927835052,0.0,0.0,501.405772164948,-4.27191154182571e-14,0.0,-2.33656573890552e-31,0.0,6000.0,691.030927835052
5022,722.783505154639,454.954793814433,-1.13686837721616e-13,3810.55670103093,-7.78248234453433e-17,7.78248234453433e-17,-4.69884676571123e-33,0.0,6375.1102275,722.783505154639
5023,750.721649484536,4955.65764948454,0.0,3810.55670103093,5.0260571557565604e-14,-5.0260571557565604e-14,7.14058546973489e-31,0.0,10461.0499595,750.721649484536
5024,758.041237113402,8488.52406185567,0.0,3810.55670103093,-4.45806180685373e-14,4.45806180685373e-14,-4.641552075585899e-31,0.0,17459.8380485,758.041237113402
5025,748.556701030928,8866.05159793815,0.0,3810.55670103093,-3.5754318145933e-14,3.5754318145933e-14,-1.8053173063046098e-30,0.0,24769.897591,748.556701030928
5026,758.247422680412,8578.75887628866,0.0,3810.55670103093,5.56992890709547e-14,-5.56992890709547e-14,-8.40739169203527e-32,0.0,31843.0842845,758.247422680412
5027,758.453608247423,9507.45469072165,0.0,3810.55670103093,2.96604876308733e-14,-2.96604876308733e-14,2.4886900853855297e-30,0.0,39681.980677,758.453608247423
5028,755.876288659794,10701.8720103093,0.0,3810.55670103093,-8.18356337533598e-15,8.18356337533598e-15,3.3098414771435997e-31,0.0,48505.6741495,755.876288659794
5029,751.958762886598,10341.4125360825,0.0,3810.55670103093,1.64397073137773e-14,-1.64397073137773e-14,-1.1951093383784398e-30,0.0,57032.1687855,751.958762886598
5030,677.319587628866,8032.37171134021,0.0,3810.55670103093,2.58818931707091e-14,-2.58818931707091e-14,1.3018420390622699e-30,0.0,63654.8592615,677.319587628866
5031,655.567010309278,6356.25928865979,0.0,3810.55670103093,3.1729243449789604e-14,-3.1729243449789604e-14,7.75803604172592e-31,0.0,68895.595045,655.567010309278
5032,656.288659793814,1836.13963917526,-4.54747350886464e-13,3810.55670103093,6.30053828062048e-14,-6.30053828062048e-14,-4.8105720059122794e-30,0.0,70409.4921775,656.2886597938141
5033,657.731958762887,0.0,1.13686837721616e-13,2108.73304123711,-4.6678112434116706e-15,1890.91517754868,-1.93357511003579e-32,0.0,68243.4954105485,657.731958762887
5034,264.05184,0.0,0.0,-7.475724160666341e-14,435.589593585338,4233.95189003436,-1.29255013917178e-14,0.0,62894.6506412247,699.6414335853381
5035,319.15572,0.0,0.0,-7.475724160666341e-14,351.339005269187,4233.95189003436,1.0173797813573701e-14,0.0,57642.312845917,670.494725269187
5036,0.0,0.0,0.0,0.0,700.114547537228,4233.95189003436,2.0229355164391202e-14,0.0,51990.4612564879,700.114547537228
5037,0.0,0.0,0.0,0.0,721.878579610538,4233.95189003436,1.3333118750599e-14,0.0,46313.6795043174,721.878579610538
5038,0.0,0.0,0.0,0.0,731.156930126002,4233.95189003436,-4.6790736742739403e-14,0.0,40626.269630136,731.156930126002
5039,0.0,0.0,0.0,0.0,725.315005727377,4233.95189003436,4.8809516438779e-14,0.0,34945.5515364799,725.315005727377
5040,0.0,0.0,0.0,0.0,718.556701030928,0.0,-1.14565127144478e-14,0.0,11176.9109953827,718.556701030928
5041,0.0,0.0,0.0,0.0,719.129438717068,0.0,4.19773184012177e-14,0.0,10353.1659338511,719.129438717068
5042,0.0,0.0,0.0,0.0,708.93470790378,1636.47440429172,3.10452725001365e-14,0.0,7666.55755791124,708.93470790378
5043,0.0,0.0,0.0,0.0,715.463917525773,0.0,-1.48726117332285e-14,0.0,6847.01126063085,715.463917525773
5044,74.34531,0.0,0.0,0.0,624.610594845361,0.0,2.18005357674495e-14,0.0,6131.53520697065,698.955904845361
5045,650.20618556701,0.0,0.0,510.94081443299,-6.1997645739273704e-15,0.0,9.23277843803853e-32,0.0,6131.53520697065,650.20618556701
5046,664.536082474227,202.723216494846,-2.27373675443232e-13,3810.55670103093,-3.44119972693111e-14,0.0,-7.42703808817718e-31,0.0,6298.68049897065,664.536082474227
5047,666.185567010309,0.0,2.27373675443232e-13,3575.88343298969,2.10148000343781e-15,260.748075601375,-4.55708281993436e-32,0.0,6000.0,666.185567010309
5048,681.340206185567,8225.61309278351,0.0,3810.55670103093,-3.94724987269806e-15,-7.64294306540785e-14,-1.33226115499571e-32,0.0,12782.017995,681.340206185567
5049,680.618556701031,11045.449742268,0.0,3810.55670103093,-3.5223389229113204e-14,-7.64294306540785e-14,6.36484364713695e-32,0.0,21888.9913075,680.618556701031
5050,676.701030927835,12524.0742680412,0.0,3810.55670103093,-1.84136469057467e-14,-7.64294306540785e-14,-8.95071927952373e-32,0.0,32215.0905415,676.701030927835
5051,708.041237113402,2530.73006185567,0.0,3810.55670103093,-4.61066978274722e-14,-7.64294306540785e-14,3.09373060961631e-31,0.0,34301.6774775,708.041237113402
5052,692.371134020619,13535.0791649485,0.0,3810.55670103093,3.28525640146139e-14,-7.64294306540785e-14,1.08072160994563e-30,0.0,45461.350249,692.371134020619
5053,677.731958762887,0.0,1.13686837721616e-13,1959.42854123711,-3.01024738923271e-14,2056.80906643757,2.31310998028153e-30,0.0,43105.3261179146,677.731958762887
5054,678.762886597938,0.0,0.0,3401.06611340206,-4.17913008789074e-14,454.989541809851,-7.936774087052441e-31,0.0,42584.1468031267,678.762886597938
5055,648.969072164948,2960.77022680412,0.0,3810.55670103093,3.15278638527343e-14,-7.64294306540785e-14,-1.4396755397125498e-30,0.0,45025.3018551267,648.969072164948
5056,635.257731958763,1996.28356701031,0.0,3810.55670103093,-3.00966003207463e-14,-7.64294306540785e-14,-1.8457542784845898e-30,0.0,46671.2376561267,635.257731958763
5057,632.680412371134,712.133886597937,3.41060513164848e-13,3810.55670103093,-6.01271229612088e-14,0.0,1.3300648908158501e-31,0.0,47258.3920456267,632.6804123711339
5058,640.721649484536,0.0,0.0,713.685950515464,-1.2802288341965402e-15,0.0,-4.58587082590833e-32,0.0,47258.3920456267,640.721649484536
5059,44.50017,0.0,0.0,0.0,649.753533906071,0.0,-3.23734756502476e-16,0.0,46514.1153744857,694.253703906071
5060,0.0,0.0,0.0,0.0,686.254295532646,0.0,-3.31143924804908e-14,0.0,45728.027979832,686.254295532646
5061,0.0,0.0,0.0,0.0,698.281786941581,0.0,6.242618487813411e-15,0.0,44928.1633899791,698.281786941581
5062,0.0,0.0,0.0,0.0,704.352806414662,505.16552398787,1.68262786928868e-14,0.0,43542.6899301824,704.352806414662
5063,0.0,0.0,0.0,0.0,702.061855670103,4233.95189003436,-3.99075228762234e-14,0.0,37888.6077472449,702.061855670103
5064,0.0,0.0,0.0,0.0,694.158075601375,4233.95189003436,2.03324611824509e-14,0.0,32243.579149724,694.158075601375
5065,0.0,0.0,0.0,0.0,688.201603665521,4233.95189003436,5.997338809865341e-15,0.0,26605.3735441113,688.201603665521
5066,0.0,0.0,0.0,0.0,685.337915234823,4233.95189003436,2.39547722373509e-14,0.0,20970.4482230698,685.337915234823
5067,0.0,0.0,0.0,0.0,683.276059564719,4233.95189003436,-2.58437252761384e-14,0.0,15337.8847069197,683.276059564719
5068,61.30956,0.0,0.0,0.0,620.996250630012,4233.95189003436,-1.87920856642343e-14,0.0,9776.66117809452,682.305810630012
5069,618.762886597938,0.0,0.0,843.234013402062,3.0605922884965403e-14,3297.02520847652,4.70885598399559e-31,0.0,6000.0,618.762886597938
5070,613.814432989691,565.678865979381,-4.54747350886464e-13,3810.55670103093,-5.94006880189144e-14,5.94006880189144e-14,-2.64249348961825e-30,0.0,6466.402225,613.8144329896909
5071,619.587628865979,5303.08567010309,9.09494701772928e-13,3810.55670103093,4.88626615213398e-14,-4.88626615213398e-14,-1.0744057295006e-30,0.0,10838.79636,619.587628865979
5072,614.432989690722,9198.84130927835,0.0,3810.55670103093,-1.9011912125332e-14,1.9011912125332e-14,1.24000240910292e-31,0.0,18423.2410195,614.432989690722
5073,614.123711340206,12272.9745876289,0.0,3810.55670103093,2.3953054217663502e-14,-2.3953054217663502e-14,3.99114300843969e-31,0.0,28542.308567,614.123711340206
5074,619.072164948454,14239.2811340206,1.81898940354586e-12,3810.55670103093,-8.45227927515668e-15,8.45227927515668e-15,1.97978180310728e-31,0.0,40282.595862,619.072164948454
5075,620.618556701031,8719.66374226804,0.0,3810.55670103093,3.7173834534759504e-14,-3.7173834534759504e-14,1.32821144357617e-30,0.0,47471.9586175,620.618556701031
5076,619.484536082474,6464.0237628866,9.09494701772928e-13,3810.55670103093,6.18820622413805e-14,-6.18820622413805e-14,-5.11549001168531e-30,0.0,52801.54621,619.4845360824742
5077,615.670103092784,6919.61419587629,0.0,3810.55670103093,-6.0646304734867e-14,6.0646304734867e-14,9.65121352900443e-31,0.0,58506.7681145,615.6701030927838
5078,632.371134020619,5623.01116494845,9.09494701772928e-13,3810.55670103093,-2.10689208010867e-14,2.10689208010867e-14,-9.71437233345471e-31,0.0,63142.94082,632.371134020619
5079,631.030927835052,9123.23637113402,0.0,3810.55670103093,3.35848725284891e-14,-3.35848725284891e-14,-3.4423806545679103e-31,0.0,70665.049208,631.030927835052
5080,631.443298969072,3502.534,4.54747350886464e-13,3810.55670103093,-2.23994945345471e-14,2.23994945345471e-14,6.670298757624751e-31,0.0,73552.888491,631.443298969072
5081,649.690721649484,0.0,2.27373675443232e-13,3658.83427835051,5.88972390262761e-14,168.580469644904,5.36790247300071e-30,0.0,73359.7837147745,649.6907216494841
5082,628.969072164948,0.0,-1.13686837721616e-13,1161.74322783505,5.69625265016497e-14,2943.12608132875,-5.14947241161033e-30,0.0,69988.5052710989,628.9690721649481
5083,312.01716,0.0,0.0,-7.475724160666341e-14,336.36123115693,4233.95189003436,-2.4186233049837602e-14,0.0,64753.3241471684,648.37839115693
5084,0.0,0.0,0.0,0.0,694.158075601375,4233.95189003436,2.03324611824509e-14,0.0,59108.2955496476,694.158075601375
5085,0.0,0.0,0.0,0.0,694.043528064147,4233.95189003436,9.645694959317811e-15,0.0,53463.3981635095,694.043528064147
5086,0.0,0.0,0.0,0.0,697.938144329897,4233.95189003436,-2.5817680181585903e-14,0.0,47814.0395903546,697.938144329897
5087,0.0,0.0,0.0,0.0,698.85452462772,4233.95189003436,4.5238221212833703e-14,0.0,42163.6313261368,698.85452462772
5088,0.0,0.0,0.0,0.0,699.42726231386,0.0,-1.5014785393116902e-14,0.0,11198.8232963186,699.42726231386
5089,0.0,0.0,0.0,0.0,694.38717067583,0.0,2.7267765238071903e-14,0.0,10403.4198934826,694.38717067583
5090,0.0,0.0,0.0,0.0,691.06529209622,0.0,2.4781337730250303e-15,0.0,9611.82162074924,691.06529209622
5091,0.0,0.0,0.0,0.0,688.316151202749,0.0,1.66841050329984e-14,0.0,8823.37242120428,688.316151202749
5092,0.0,0.0,0.0,0.0,689.347079037801,0.0,-1.52600650710649e-14,0.0,8033.74231921368,689.347079037801
5093,0.0,0.0,0.0,0.0,676.174112256587,0.0,-4.4832153771484204e-15,0.0,7259.20152625081,676.174112256587
5094,381.65634,0.0,0.0,0.0,248.56053860252,0.0,-1.0586091046245201e-14,0.0,6974.48155076109,630.21687860252
5095,607.422680412371,0.0,0.0,624.146619587629,3.28643111577755e-14,0.0,-1.7276023455230797e-30,0.0,6974.48155076109,607.422680412371
5096,612.989690721649,0.0,-1.13686837721616e-13,2358.82200927835,4.86612819242845e-14,0.0,2.2195196886778e-30,0.0,6974.48155076109,612.989690721649
5097,613.505154639175,0.0,-1.13686837721616e-13,1812.47034536082,-2.4249250041665702e-14,850.722393814433,3.8290956765750704e-31,0.0,6000.0,613.505154639175
5098,620.824742268041,57.4795567010306,-1.13686837721616e-13,3810.55670103093,7.22826891180475e-15,0.0,-2.33284617510447e-31,0.0,6047.3918945,620.824742268041
5099,630.20618556701,13378.0641134021,0.0,3810.55670103093,1.53281338921146e-14,-7.64294306540785e-14,1.20105326244337e-30,0.0,17077.605756,630.20618556701
5100,617.628865979381,13451.2474329897,0.0,3810.55670103093,5.5314150591586404e-14,-7.64294306540785e-14,-4.6341129479838106e-31,0.0,28168.1592645,617.628865979381
5101,614.845360824742,3929.17793814433,0.0,3810.55670103093,5.52291935740787e-14,-7.64294306540785e-14,-2.4325590282091298e-30,0.0,31407.7664745,614.845360824742
5102,617.835051546392,10546.4382474227,0.0,3810.55670103093,3.31821133343784e-14,-7.64294306540785e-14,7.34208208836463e-31,0.0,40103.3048095,617.835051546392
5103,616.80412371134,2756.20517525773,0.0,3810.55670103093,4.48709403209587e-14,-7.64294306540785e-14,-1.6684089642403098e-30,0.0,42375.7959765,616.80412371134
5104,624.639175257732,3415.58212371134,0.0,3810.55670103093,3.43792730847896e-15,-7.64294306540785e-14,1.08401511191036e-32,0.0,45191.9434375,624.639175257732
5105,620.0,0.0,-1.13686837721616e-13,3580.69,-3.2149413588229003e-15,255.40744558992,-6.09311464364866e-32,0.0,44899.3804986799,620.0
5106,625.773195876289,0.0,0.0,929.051504123711,-2.1270300398142e-14,3201.67244100802,-4.32214096198843e-31,0.0,41231.9435673993,625.773195876289
5107,38.373036,0.0,0.0,0.0,646.481277296678,4233.95189003436,1.2744438886074999e-14,0.0,35641.5275681655,684.8543132966779
5108,0.0,0.0,0.0,0.0,684.306987399771,4233.95189003436,-4.33496669895565e-14,0.0,30007.7831495697,684.306987399771
5109,0.0,0.0,0.0,0.0,693.585337915235,4233.95189003436,-1.86631415425693e-14,0.0,24363.4106089631,693.585337915235
5110,0.0,0.0,0.0,0.0,696.334478808706,4233.95189003436,-3.28691128025428e-14,0.0,18715.8889951681,696.334478808706
5111,0.0,0.0,0.0,0.0,700.57273768614,1160.19627783326,-3.62721892740472e-14,0.0,16584.4239143898,700.57273768614
5112,0.0,0.0,0.0,0.0,697.021764032073,0.0,1.68132561456106e-14,0.0,15786.0026497483,697.021764032073
5113,0.0,0.0,0.0,0.0,692.210767468499,0.0,-1.87792701079053e-14,0.0,14993.0922631864,692.210767468499
5114,0.0,0.0,0.0,0.0,702.634593356243,0.0,-9.11920151203129e-16,0.0,14188.2416407852,702.634593356243
5115,0.0,0.0,0.0,0.0,693.356242840779,0.0,-4.00366739888355e-14,0.0,13394.0191403949,693.356242840779
5116,36.429315,0.0,0.0,0.0,655.628367067583,0.0,-3.16908661676017e-14,0.0,12643.0129925511,692.057682067583
5117,640.515463917526,0.0,0.0,510.530536082474,2.47585726058848e-14,3666.69573883162,9.969240332892331e-31,0.0,8442.90332607734,640.515463917526
5118,660.824742268041,0.0,0.0,1891.16755773196,-3.97342922031526e-14,2132.65460366552,3.0176006555051903e-31,0.0,6000.0,660.824742268041
5119,848.041237113402,2407.53906185567,-4.54747350886464e-13,3810.55670103093,3.63016091550136e-14,-3.63016091550136e-14,2.61408305737805e-30,0.0,7985.0159565,848.041237113402
5120,795.154639175258,3925.85065979381,9.09494701772928e-13,3810.55670103093,3.9896444732864903e-14,-3.9896444732864903e-14,1.27668307644891e-31,0.0,11221.8798255,795.154639175258
5121,667.835051546392,9015.49124742268,0.0,3810.55670103093,3.4708193093313304e-14,-3.4708193093313304e-14,-3.93200596837578e-32,0.0,18655.152359,667.835051546392
5122,726.494845360825,10807.6154536082,0.0,3810.55670103093,1.3057998476143e-14,-1.3057998476143e-14,-6.788905407447261e-31,0.0,27566.0313005,726.494845360825
5123,735.567010309278,14077.6242886598,0.0,3810.55670103093,6.02160656165749e-14,-6.02160656165749e-14,1.0283547572979199e-30,0.0,39173.0325265,735.5670103092781
5124,678.969072164948,9797.07122680413,0.0,3810.55670103093,5.45818420777112e-14,-5.45818420777112e-14,9.61548380604036e-31,0.0,47250.717753,678.969072164948
5125,767.010309278351,13166.5749896907,0.0,3810.55670103093,1.95036139748087e-14,-1.95036139748087e-14,-4.10852688240434e-32,0.0,58106.558832,767.010309278351
5126,813.711340206186,11432.0709587629,0.0,3810.55670103093,-4.41837324460074e-14,4.41837324460074e-14,2.6162627769142796e-30,0.0,67532.3013375,813.711340206186
5127,796.80412371134,8673.19217525773,0.0,3810.55670103093,-5.3815550756833e-14,5.3815550756833e-14,6.04912862183267e-31,0.0,74683.348286,796.80412371134
5128,792.577319587629,4986.80997938144,-9.09494701772928e-13,3810.55670103093,9.865922092402382e-15,-9.865922092402382e-15,-6.4827320582070505e-31,0.0,78794.973114,792.577319587629
5129,767.010309278351,527.259989690722,-3.41060513164848e-13,3810.55670103093,1.95036139748087e-14,-1.95036139748087e-14,-4.10852688240434e-32,0.0,79229.6989755,767.010309278351
5130,755.360824742268,0.0,0.0,638.506975257732,-6.15917399889591e-14,3524.49969530355,2.9829258398864197e-30,0.0,75192.4713749232,755.3608247422679
5131,37.0030440000001,0.0,0.0,-7.475724160666341e-14,802.757213424971,4233.95189003436,7.79244617885583e-15,0.0,69423.0451395746,839.7602574249711
5132,0.0,0.0,0.0,0.0,849.369988545246,4233.95189003436,-3.1460398750935e-14,0.0,63600.2251182921,849.369988545246
5133,0.0,0.0,0.0,0.0,856.242840778923,4233.95189003436,3.94923966254249e-14,0.0,57769.5324140386,856.242840778923
5134,0.0,0.0,0.0,0.0,863.802978235968,4233.95189003436,-3.8369657712003503e-14,0.0,51930.179758517,863.802978235968
5135,0.0,0.0,0.0,0.0,865.521191294387,4233.95189003436,-2.06314588679135e-14,0.0,46088.8589322527,865.521191294387
5136,0.0,0.0,0.0,0.0,857.159221076747,0.0,-3.1385397017715903e-15,0.0,11018.1452221343,857.159221076747
5137,0.0,0.0,0.0,0.0,862.084765177549,0.0,4.31407527748774e-14,0.0,10030.6483548061,862.084765177549
5138,0.0,0.0,0.0,0.0,865.406643757159,0.0,-3.13182250910466e-14,0.0,9039.34635737519,865.406643757159
5139,0.0,0.0,0.0,0.0,857.388316151203,0.0,1.82349927444946e-14,0.0,8057.22915674381,857.388316151203
5140,0.0,0.0,0.0,0.0,850.630011454754,0.0,-4.20310364087322e-14,0.0,7082.85342770056,850.630011454754
5141,0.0,0.0,0.0,0.0,882.245131729668,0.0,2.9193083740128303e-14,0.0,6072.26335699075,882.245131729668
5142,788.453608247423,0.0,0.0,714.380191752577,5.66212300387236e-14,0.0,-1.99463505503247e-30,0.0,6072.26335699075,788.453608247423
5143,804.226804123711,0.0,-2.27373675443232e-13,3317.76119587629,-3.5357432523403205e-14,0.0,1.27510067816826e-30,0.0,6072.26335699075,804.226804123711
5144,702.989690721649,2606.80060824742,0.0,3810.55670103093,-6.81963614611331e-16,0.0,-1.11280311788433e-33,0.0,8221.57045849075,702.989690721649
5145,822.783505154639,3831.68779381443,0.0,3810.55670103093,6.881098877297911e-15,0.0,1.9366129525410998e-31,0.0,11380.7970444907,822.783505154639
5146,755.257731958763,4462.91956701031,0.0,3810.55670103093,-4.85723392689184e-14,0.0,-1.0581584422983e-30,0.0,15060.4742274907,755.257731958763
5147,656.59793814433,4463.14336082474,0.0,3810.55670103093,2.00404164632093e-14,0.0,4.23718496217589e-31,0.0,18740.3359284907,656.59793814433
5148,642.577319587629,1855.58397938144,0.0,3810.55670103093,1.38091863272421e-15,0.0,-5.15839677497444e-32,0.0,20270.2649194907,642.577319587629
5149,680.0,1102.66729896907,0.0,3810.55670103093,4.2893015091130904e-14,0.0,-2.1452390083827397e-30,0.0,21179.4141074907,680.0
5150,746.494845360825,0.0,0.0,1091.17735463918,-1.62834283556458e-14,0.0,2.73997408276433e-31,0.0,21179.4141074907,746.494845360825
5151,730.721649484536,0.0,0.0,1152.95495051546,-5.0623474373092405e-14,0.0,-8.03055613256641e-31,0.0,21179.4141074907,730.721649484536
5152,254.87319,0.0,0.0,0.0,492.065298625429,0.0,2.04282196467628e-14,0.0,20615.765426362,746.938488625429
5153,367.71384,0.0,0.0,0.0,369.894129667812,0.0,-7.07178085569971e-16,0.0,20192.0608104767,737.6079696678121
5154,691.649484536083,0.0,0.0,946.873115463917,5.483188841072161e-15,0.0,-2.1745184070409e-31,0.0,20192.0608104767,691.649484536083
5155,0.0,0.0,0.0,0.0,762.886597938144,0.0,3.5120149629254204e-14,0.0,19318.1930006965,762.886597938144
5156,0.0,0.0,0.0,0.0,772.966781214204,0.0,2.0927200916557e-14,0.0,18432.7785892255,772.966781214204
5157,0.0,0.0,0.0,0.0,785.796105383734,0.0,6.966509334531661e-15,0.0,17532.6685028753,785.796105383734
5158,0.0,0.0,0.0,0.0,779.381443298969,0.0,-3.56774495399411e-14,0.0,16639.9062539646,779.381443298969
5159,0.0,0.0,0.0,0.0,782.474226804124,0.0,-1.78231221305152e-14,0.0,15743.6012977171,782.474226804124
5160,0.0,0.0,0.0,0.0,783.505154639175,0.0,4.9481317096392205e-14,0.0,14846.1154390239,783.505154639175
5161,0.0,0.0,0.0,0.0,778.923253150057,0.0,3.52623232891426e-14,0.0,13953.8780356446,778.923253150057
5162,0.0,0.0,0.0,0.0,771.477663230241,0.0,2.4562534518733203e-14,0.0,13070.1693721507,771.477663230241
5163,0.0,0.0,0.0,0.0,768.843069873998,0.0,4.9455272001839703e-14,0.0,12189.4785704622,768.843069873998
5164,33.835854,0.0,0.0,0.0,725.634847216495,0.0,2.47084749944131e-14,0.0,11358.2817237079,759.4707012164951
5165,704.742268041237,0.0,0.0,299.897731958763,1.89053487552235e-14,0.0,1.7242216488148602e-31,0.0,11358.2817237079,704.742268041237
5166,642.371134020619,0.0,1.13686837721616e-13,1343.22416597938,3.1326484255679e-14,2741.48059450172,1.8542498784658497e-30,0.0,8217.98321912408,642.371134020619
5167,540.618556701031,232.065742268041,-2.27373675443232e-13,3810.55670103093,8.6870123679743e-15,0.0,-3.0169085006504103e-31,0.0,8409.32142362408,540.618556701031
5168,677.628865979381,1713.63343298969,0.0,3810.55670103093,-1.7083073172286402e-14,-7.64294306540785e-14,1.02672797912859e-30,0.0,9822.21218912408,677.628865979381
5169,728.041237113402,5058.24906185567,0.0,3810.55670103093,5.86841122860592e-14,-7.64294306540785e-14,-5.05806183954283e-30,0.0,13992.7385406241,728.0412371134021
5170,730.515463917526,0.0,-1.13686837721616e-13,1622.35843608247,-2.0677908750137602e-14,2431.33140549828,7.58440447829979e-31,0.0,11207.7082937761,730.515463917526
5171,732.474226804124,7939.93307216495,0.0,3810.55670103093,-3.10361620032576e-14,-7.64294306540785e-14,1.5225905117987999e-30,0.0,17754.1831117761,732.474226804124
5172,683.092783505155,70.0525154639172,1.13686837721616e-13,3810.55670103093,1.17332983142634e-14,0.0,-4.445854093711321e-31,0.0,17811.9414107761,683.092783505155
5173,684.432989690722,668.61030927835,2.27373675443232e-13,3810.55670103093,-3.9013730832439e-14,0.0,1.68512434561681e-30,0.0,18363.2106107761,684.432989690722
5174,704.742268041237,4812.87703092784,0.0,3810.55670103093,1.89053487552235e-14,-7.64294306540785e-14,1.7242216488148602e-31,0.0,22331.4277227761,704.742268041237
5175,696.701030927835,0.0,0.0,1476.28536907217,-4.38483095546621e-14,2593.63481328751,-1.8891148829610097e-30,0.0,19360.4829194685,696.701030927835
5176,678.144329896907,34.518969072165,-2.27373675443232e-13,3810.55670103093,4.41386318070836e-14,0.0,-2.4344928883788997e-31,0.0,19388.9438094685,678.144329896907
5177,684.020618556701,0.0,0.0,931.347681443299,1.3063872047723701e-14,0.0,6.7164976255269605e-31,0.0,19388.9438094685,684.020618556701
5178,678.865979381443,0.0,0.0,750.343620618557,-5.4810701598948103e-14,0.0,-2.2619976885840698e-30,0.0,19388.9438094685,678.865979381443
5179,204.64548,0.0,0.0,0.0,516.144197479954,0.0,3.17259892978682e-14,0.0,18797.7133427103,720.789677479954
5180,0.0,0.0,0.0,0.0,754.524627720504,0.0,-4.66355405355747e-14,0.0,17933.4239638781,754.524627720504
5181,0.0,0.0,0.0,0.0,756.013745704467,0.0,-3.58326457471057e-14,0.0,17067.4288370688,756.013745704467
5182,0.0,0.0,0.0,0.0,756.128293241695,3912.33501966373,-2.5145879523972602e-14,0.0,11719.8190857453,756.128293241695
5183,0.0,0.0,0.0,0.0,759.450171821306,4233.95189003436,-3.56248058925768e-16,0.0,6000.0,759.450171821306
5184,0.0,0.0,0.0,0.0,752.920962199313,1002.95087260023,4.55616361744392e-14,0.0,9988.69205635791,752.920962199313
5185,0.0,0.0,0.0,0.0,749.369988545246,0.0,1.38367006537714e-14,0.0,9130.30718975396,749.369988545246
5186,0.0,0.0,0.0,0.0,758.533791523482,0.0,4.22746882682707e-14,0.0,8261.42541252203,758.533791523482
5187,0.0,0.0,0.0,0.0,747.422680412371,0.0,-2.5275030636584803e-14,0.0,7405.27113942653,747.422680412371
5188,9.312654,0.0,0.0,0.0,743.146306552119,0.0,4.2361041441822304e-14,0.0,6554.01534727061,752.4589605521189
5189,691.855670103093,0.0,0.0,231.094929896907,-2.44623767818826e-14,0.0,9.75754379241064e-31,0.0,6554.01534727061,691.855670103093
5190,275.01942,0.0,0.0,0.0,483.655398167239,0.0,-7.893145725162049e-16,0.0,6000.0,758.674818167239
5191,818.041237113402,93.9120618556699,0.0,3810.55670103093,9.340866747163332e-15,0.0,2.1065249521661902e-31,0.0,6077.430495,818.041237113402
5192,827.731958762887,2406.12534020618,0.0,3810.55670103093,-2.5524234615522302e-14,-7.64294306540785e-14,-7.47482527913107e-33,0.0,8061.280838,827.731958762887
5193,827.525773195876,30.880525773196,1.13686837721616e-13,3810.55670103093,5.14566824559087e-16,0.0,2.29456088227077e-33,0.0,8086.7418315,827.525773195876
5194,831.030927835052,13869.060371134,0.0,3810.55670103093,3.96891915642288e-14,-7.64294306540785e-14,2.0710534225258697e-30,0.0,19521.7821075,831.030927835052
5195,836.59793814433,6266.64436082474,0.0,3810.55670103093,5.1579398147864404e-14,-7.64294306540785e-14,1.88391539333425e-30,0.0,24688.630383,836.59793814433
5196,853.60824742268,14744.1850515464,0.0,3810.55670103093,4.8191815738649305e-14,-7.64294306540785e-14,2.4269450281864297e-30,0.0,36845.210958,853.60824742268
5197,828.041237113402,7757.94206185567,0.0,3810.55670103093,6.1736271803929e-14,-7.64294306540785e-14,4.41369074754382e-30,0.0,43241.634188,828.0412371134021
5198,833.711340206185,2921.10795876289,0.0,3810.55670103093,5.67003134846506e-14,-7.64294306540785e-14,-1.37602762491914e-30,0.0,45650.0877,833.711340206185
5199,813.711340206186,6002.56895876289,0.0,3810.55670103093,-4.41837324460074e-14,-7.64294306540785e-14,2.6162627769142796e-30,0.0,50599.2058065,813.711340206186
5200,808.144329896907,267.569969072165,1.13686837721616e-13,3810.55670103093,-5.2167174846769604e-14,0.0,1.4282563074348598e-30,0.0,50819.817246,808.144329896907
5201,806.59793814433,0.0,0.0,3351.66006185567,2.46186557400141e-14,509.885154639176,8.578359716886981e-31,0.0,50235.7563586699,806.59793814433
5202,802.164948453608,0.0,0.0,393.114851546392,-1.1979778550242501e-14,3797.15761053837,6.01919753562376e-31,0.0,45886.2058311345,802.164948453608
5203,191.76729,0.0,0.0,0.0,667.910342153494,0.0,-2.0641425738159802e-14,0.0,45121.1309833069,859.677632153494
5204,0.0,0.0,0.0,0.0,885.223367697595,0.0,3.6360644926421e-14,0.0,44107.129416643,885.223367697595
5205,0.0,0.0,0.0,0.0,887.17067583047,0.0,-3.82144615048388e-14,0.0,43090.8972564707,887.17067583047
5206,0.0,0.0,0.0,0.0,884.192439862543,0.0,-4.5382022691131604e-14,0.0,42078.0765922524,884.192439862543
5207,0.0,0.0,0.0,0.0,891.294387170676,0.0,4.69443051314945e-14,0.0,41057.1208222975,891.294387170676
5208,0.0,0.0,0.0,0.0,890.950744558992,4233.95189003436,2.9322234852740403e-14,0.0,35186.6710690405,890.950744558992
5209,0.0,0.0,0.0,0.0,888.888888888889,4233.95189003436,-2.0476262660748802e-14,0.0,29318.5831206748,888.888888888889
5210,0.0,0.0,0.0,0.0,895.876288659794,4233.95189003436,-3.80853103922267e-14,0.0,23442.4912779552,895.876288659794
5211,0.0,0.0,0.0,0.0,895.074455899198,4233.95189003436,7.94163767457686e-16,0.0,17567.3179149156,895.074455899198
5212,18.156411,0.0,0.0,0.0,874.213380675831,3414.53323693784,-4.619555692522e-14,0.0,12654.6642864922,892.369791675831
5213,817.010309278351,0.0,0.0,106.548690721649,2.1029693733743602e-14,4115.5644558992,-8.14613537344265e-31,0.0,7940.38655923079,817.010309278351
5214,834.020618556701,0.0,2.27373675443232e-13,2285.9949814433,1.76421113245285e-14,1693.95746620848,-2.71583902492082e-31,0.0,6000.0,834.020618556701
5215,889.072164948454,4489.86313402062,-9.09494701772928e-13,3810.55670103093,-2.2349778946524e-14,2.2349778946524e-14,4.23403514522435e-32,0.0,9701.892154,889.072164948454
5216,913.60824742268,2054.15205154639,0.0,3810.55670103093,-2.81121722080969e-14,2.81121722080969e-14,-2.1717576127910503e-31,0.0,11395.5405205,913.60824742268
5217,984.329896907216,3049.80740206185,0.0,3810.55670103093,-2.07446157416622e-14,2.07446157416622e-14,-1.1258048695464901e-31,0.0,13910.1067235,984.329896907216
5218,986.494845360825,13715.0394536082,-1.81898940354586e-12,3810.55670103093,-5.71416704348635e-14,5.71416704348635e-14,-2.2850709827434897e-30,0.0,25218.156753,986.4948453608248
5219,984.742268041237,6604.79103092783,-9.09494701772928e-13,3810.55670103093,5.34964899577484e-14,-5.34964899577484e-14,-2.6691397560740697e-30,0.0,30663.806958,984.742268041237
5220,951.855670103093,8984.42462886598,0.0,3810.55670103093,3.16566628866843e-14,-3.16566628866843e-14,-1.44575763390946e-30,0.0,38071.4650645,951.855670103093
5221,950.824742268041,13894.697556701,-1.81898940354586e-12,3810.55670103093,4.33454898732646e-14,-4.33454898732646e-14,1.66102975507732e-30,0.0,49527.6432,950.824742268041
5222,932.371134020619,11819.7091649485,0.0,3810.55670103093,-1.1912442247477201e-14,1.1912442247477201e-14,-1.03202282403252e-31,0.0,59272.9934065,932.371134020619
5223,914.639175257732,8742.75212371134,0.0,3810.55670103093,-3.58942350118038e-14,3.58942350118038e-14,-1.9444053679051497e-30,0.0,66481.3925325,914.639175257732
5224,886.701030927835,4883.56026804124,9.09494701772928e-13,3810.55670103093,4.00860771867586e-14,-4.00860771867586e-14,-3.57933155064805e-31,0.0,70507.8879735,886.701030927835
5225,873.917525773196,237.208773195877,-1.13686837721616e-13,3810.55670103093,-1.63010490703882e-14,1.63010490703882e-14,-1.02292122058406e-30,0.0,70703.466607,873.917525773196
5226,865.979381443299,0.0,0.0,349.650618556701,3.42446004792589e-14,3845.45120274914,1.5186455831222899e-30,0.0,66298.5969589483,865.979381443299
5227,203.98287,0.0,0.0,-7.475724160666341e-14,725.242401030928,4233.95189003436,-8.60246558248625e-15,0.0,60617.9620321839,929.225271030928
5228,0.0,0.0,0.0,0.0,956.013745704467,4233.95189003436,-1.27400068349025e-14,0.0,54672.9842134682,956.013745704467
5229,0.0,0.0,0.0,0.0,952.348224513173,4233.95189003436,2.9658672361622203e-14,0.0,48732.2051590037,952.348224513173
5230,0.0,0.0,0.0,0.0,953.264604810997,4233.95189003436,1.46596442507096e-15,0.0,42790.3764134763,953.264604810997
5231,0.0,0.0,0.0,0.0,957.617411225659,4233.95189003436,-5.68857421394558e-15,0.0,36843.5616354007,957.617411225659
5232,0.0,0.0,0.0,0.0,950.171821305842,0.0,-1.6388362984354902e-14,0.0,10911.6015792602,950.171821305842
5233,0.0,0.0,0.0,0.0,950.28636884307,0.0,-5.70159676122183e-15,0.0,9823.07194713756,950.28636884307
5234,0.0,0.0,0.0,0.0,952.348224513173,0.0,2.9658672361622203e-14,0.0,8732.18051012361,952.348224513173
5235,0.0,0.0,0.0,0.0,953.951890034364,444.811775486826,3.67101049825791e-14,0.0,7129.9311796297,953.951890034364
5236,0.0,0.0,0.0,0.0,945.017182130584,0.0,2.9645649814345997e-14,0.0,6047.43727111814,945.017182130584
5237,858.865979381443,0.0,0.0,56.3353206185568,-2.71784840971664e-14,0.0,5.73343707203625e-31,0.0,6047.43727111814,858.865979381443
5238,851.958762886598,0.0,0.0,3773.2852371134,1.55851026487738e-14,41.4127376861405,-1.36702137674784e-30,0.0,6000.0,851.958762886598
5239,863.092783505155,4813.68551546392,0.0,3810.55670103093,4.3272279998918403e-14,-7.64294306540785e-14,2.3929626282614096e-30,0.0,9968.8837075,863.092783505155
5240,868.453608247423,8895.95369072165,0.0,3810.55670103093,-4.1210656374064504e-14,-7.64294306540785e-14,4.50598809760509e-31,0.0,17303.5975255,868.453608247423
5241,869.79381443299,11987.9374845361,0.0,3810.55670103093,3.04542588759331e-14,-7.64294306540785e-14,-2.3692830697958198e-30,0.0,27187.6519815,869.79381443299
5242,875.773195876289,13907.3491030928,0.0,3810.55670103093,-1.36399016034674e-14,-7.64294306540785e-14,-1.6780201725229e-31,0.0,38654.261317,875.773195876289
5243,880.103092783505,14693.5882061856,0.0,3810.55670103093,3.9884697589703304e-14,-7.64294306540785e-14,-2.5734122989499496e-30,0.0,50769.124793,880.103092783505
5244,880.103092783505,10013.9782061856,0.0,3810.55670103093,3.9884697589703304e-14,-7.64294306540785e-14,-2.5734122989499496e-30,0.0,59025.649824,880.103092783505
5245,887.422680412371,6299.6696185567,0.0,3810.55670103093,-5.8863256219273e-14,-7.64294306540785e-14,-2.37648155481099e-30,0.0,64219.7274245,887.4226804123709
5246,902.577319587629,6701.54197938144,0.0,3810.55670103093,6.14067224841645e-14,-7.64294306540785e-14,-7.492004134105621e-31,0.0,69745.1487865,902.5773195876292
5247,917.216494845361,4427.00880412371,0.0,3810.55670103093,-1.95694818846789e-15,-7.64294306540785e-14,-1.3324385720779302e-31,0.0,73395.2175455,917.216494845361
5248,921.546391752577,2563.5879072165,0.0,3810.55670103093,4.7660886821829403e-14,-7.64294306540785e-14,5.579792854104451e-31,0.0,75508.895775,921.546391752577
5249,954.432989690722,0.0,-1.13686837721616e-13,2278.71771030928,-6.07247588695532e-14,1702.04332302406,-2.6069801884790297e-30,0.0,73559.2470659232,954.432989690722
5250,728.7501,0.0,0.0,0.0,256.02795303551,4233.95189003436,7.84444145735732e-15,0.0,68416.0857336553,984.77805303551
5251,235.44573,0.0,0.0,0.0,825.220666552119,2040.34041947881,-4.667898662231819e-16,0.0,65133.6560818444,1060.666396552119
5252,0.0,0.0,0.0,0.0,1121.53493699885,4233.95189003436,-5.73522830347193e-14,0.0,58999.0778149106,1121.53493699885
5253,0.0,0.0,0.0,0.0,1154.41008018328,0.0,-9.59474098746269e-14,0.0,57676.7294985495,1154.41008018328
5254,0.0,0.0,0.0,0.0,1167.01030927835,4233.95189003436,5.2777356368377904e-14,0.0,51490.0603126242,1167.01030927835
5255,0.0,0.0,0.0,0.0,1205.26918671249,4233.95189003436,8.87703585070065e-14,0.0,45259.5665248272,1205.26918671249
5256,0.0,0.0,0.0,0.0,1222.68041237113,4233.95189003436,6.015220395094041e-14,0.0,39009.1286068369,1222.68041237113
5257,0.0,0.0,0.0,0.0,1249.48453608247,4233.95189003436,-8.827519242501141e-14,0.0,32727.9872252598,1249.48453608247
5258,0.0,0.0,0.0,0.0,1280.52691867125,4233.95189003436,-7.048490339181651e-14,0.0,26411.2875589303,1280.52691867125
5259,0.0,0.0,0.0,0.0,1302.17640320733,4233.95189003436,-7.362967763809651e-14,0.0,20069.7889412422,1302.17640320733
5260,0.0,0.0,0.0,0.0,1327.94959908362,4233.95189003436,-6.05391363868858e-15,0.0,13698.7677624129,1327.94959908362
5261,952.38,0.0,0.0,0.0,248.443757159221,4233.95189003436,-2.0597856626394804e-15,0.0,8564.29393973986,1200.823757159221
5262,1133.60824742268,0.0,0.0,1795.79095257732,7.88761927583008e-14,2238.6286093929,9.60527605901912e-31,0.0,6000.0,1133.60824742268
5263,1145.05154639175,3465.11575257732,4.54747350886464e-13,3810.55670103093,-5.88135406312499e-14,5.88135406312499e-14,2.50823348294233e-30,0.0,8856.987938,1145.05154639175
5264,1144.84536082474,7279.44393814433,0.0,3810.55670103093,-3.27747391911686e-14,3.27747391911686e-14,-6.45305193635598e-32,0.0,14858.889465,1144.84536082474
5265,1174.53608247423,5966.45821649485,9.09494701772928e-13,3810.55670103093,3.32442053768038e-14,-3.32442053768038e-14,-1.42894820145067e-31,0.0,19778.2342645,1174.53608247423
5266,1157.62886597938,12056.1724329897,0.0,3810.55670103093,2.75191512488517e-14,-2.75191512488517e-14,-7.746869525153491e-31,0.0,29718.5484355,1157.62886597938
5267,1143.19587628866,10765.0414226804,0.0,3810.55670103093,-6.14746880981707e-14,6.14746880981707e-14,-5.2336414229688795e-30,0.0,38594.3250885,1143.19587628866
5268,1137.83505154639,9160.56024742268,0.0,3810.55670103093,-1.11123988670508e-13,1.11123988670508e-13,-3.8577104575217896e-30,0.0,46147.2070125,1137.83505154639
5269,1144.53608247423,10089.8202164948,0.0,3810.55670103093,-1.16128481427746e-13,1.16128481427746e-13,-5.8608405908575494e-30,0.0,54466.263781,1144.5360824742295
5270,1142.88659793814,10626.7447010309,0.0,3810.55670103093,1.07808986824398e-13,-1.07808986824398e-13,1.11289676839247e-30,0.0,63228.014787,1142.88659793814
5271,1095.46391752577,7891.1663814433,-9.09494701772928e-13,3810.55670103093,-1.20230751636094e-13,1.20230751636094e-13,5.668174191352849e-30,0.0,69734.2814685,1095.4639175257698
5272,923.60824742268,3194.53505154639,-4.54747350886464e-13,3810.55670103093,2.4283232848668802e-14,-2.4283232848668802e-14,-1.46190930499561e-31,0.0,72368.1756185,923.60824742268
5273,925.360824742268,0.0,1.13686837721616e-13,3207.04017525773,3.9963781035630205e-14,670.573917525774,-1.9548048688366197e-30,0.0,71600.0497106812,925.360824742268
5274,947.010309278351,0.0,0.0,614.686190721649,5.10425956594638e-14,3550.96723367698,-1.3355906527391598e-30,0.0,67532.5041967328,947.010309278351
5275,92.0770500000001,0.0,0.0,-7.475724160666341e-14,1003.07590091638,4233.95189003436,4.623991680070781e-15,0.0,61533.6178382554,1095.1529509163802
5276,0.0,0.0,0.0,0.0,1307.7892325315,4233.95189003436,2.23319837867058e-14,0.0,55185.6898628077,1307.7892325315
5277,0.0,0.0,0.0,0.0,1318.67124856816,4233.95189003436,6.8508170245295e-14,0.0,48825.2968059893,1318.67124856816
5278,0.0,0.0,0.0,0.0,1420.5040091638,4233.95189003436,-6.205080181380431e-14,0.0,42348.2568298172,1420.5040091638
5279,0.0,0.0,0.0,0.0,1421.19129438717,4233.95189003436,-2.68066612562962e-14,0.0,35870.4295853481,1421.19129438717
5280,0.0,0.0,0.0,0.0,1393.47079037801,0.0,9.387951889717171e-14,0.0,10403.8135276311,1393.47079037801
5281,0.0,0.0,0.0,0.0,1397.70904925544,0.0,9.04764424256673e-14,0.0,8802.77223409685,1397.70904925544
5282,0.0,0.0,0.0,0.0,1350.97365406644,0.0,9.0166050011338e-14,0.0,7255.26518476531,1350.97365406644
5283,0.0,0.0,0.0,0.0,1095.84650630012,0.0,257.425999999999,0.0,6000.0,1353.272506300119
5284,0.0,0.0,0.0,0.0,0.0,0.0,1192.9,0.0,6000.0,1192.9
5285,17.047992,0.0,0.0,0.0,0.0,0.0,1333.36344776,0.0,6000.0,1350.41143976
5286,1502.26804123711,-5.048792312178241e-15,5.048792312178241e-15,1790.19385876289,-3.634062645194311e-15,0.0,1.16884087854834e-32,0.0,6000.0,1502.26804123711
5287,1498.86597938144,9.25047514537885e-14,-9.25047514537885e-14,3385.26002061856,6.65838562917953e-14,0.0,-7.2738220187935105e-31,0.0,6000.0,1498.86597938144
5288,1548.45360824742,2694.02169072165,0.0,3810.55670103093,-1.24636349862507e-13,-7.64294306540785e-14,-1.0520766611081699e-29,0.0,8221.220884,1548.45360824742
5289,1524.74226804124,1865.85603092784,0.0,3810.55670103093,1.78879622492669e-14,-7.64294306540785e-14,-2.30126416448957e-31,0.0,9759.6191815,1524.74226804124
5290,1547.83505154639,6936.82624742268,0.0,3810.55670103093,-3.8706417176516e-14,-7.64294306540785e-14,1.0482706329127698e-30,0.0,15479.0324225,1547.83505154639
5291,1598.65979381443,4797.20050515464,0.0,3810.55670103093,1.03488345615493e-13,-7.64294306540785e-14,-2.0880871765042197e-30,0.0,19434.324239,1598.65979381443
5292,1574.0206185567,6447.98368041237,0.0,3810.55670103093,-1.18620973482133e-14,-7.64294306540785e-14,4.506675035680351e-31,0.0,24750.6867835,1574.0206185567
5293,1297.73195876289,179.331340206185,-2.27373675443232e-13,3810.55670103093,8.909452914555e-14,0.0,5.72894803325532e-32,0.0,24898.5454735,1297.73195876289
5294,1282.88659793814,5694.11270103093,0.0,3810.55670103093,5.2178292678690405e-14,-7.64294306540785e-14,-1.28308615163742e-30,0.0,29593.3413955,1282.88659793814
5295,1307.11340206186,5152.08289690722,0.0,3810.55670103093,-2.5217550270840102e-14,-7.64294306540785e-14,-4.455367077488e-31,0.0,33841.233744,1307.11340206186
5296,1336.28865979381,3635.36963917526,0.0,3810.55670103093,-1.65135464993643e-14,-7.64294306540785e-14,-6.28868239234869e-31,0.0,36838.5960115,1336.28865979381
5297,1323.50515463918,0.0,-2.27373675443232e-13,3214.37884536082,-7.68074369393845e-14,662.419839633448,-2.67341408711485e-30,0.0,36079.8103990906,1323.50515463918
5298,1164.2748,0.0,0.0,0.0,185.28458648339,517.881360765736,9.79356078275975e-15,0.0,35274.3511238911,1349.55938648339
5299,183.24579,0.0,0.0,0.0,1276.92048533792,0.0,-1.70584959751744e-14,0.0,33811.6701555773,1460.1662753379198
5300,0.0,0.0,0.0,0.0,1439.06071019473,0.0,1.61987058614605e-14,0.0,32163.2615528342,1439.06071019473
5301,0.0,0.0,0.0,0.0,1390.49255441008,0.0,-9.73470325604174e-14,0.0,30570.4865764195,1390.49255441008
5302,0.0,0.0,0.0,0.0,1500.45819014891,0.0,4.54116001516328e-14,0.0,28851.7486724688,1500.45819014891
5303,0.0,0.0,0.0,0.0,1493.35624284078,0.0,-4.6914727670993304e-14,0.0,27141.1458742549,1493.35624284078
5304,0.0,0.0,0.0,0.0,1376.97594501718,0.0,-4.8258328986219905e-14,0.0,25563.8538410164,1376.97594501718
5305,0.0,0.0,0.0,0.0,1430.81328751432,0.0,7.3254848032026e-14,0.0,23924.8924578385,1430.81328751432
5306,0.0,0.0,0.0,0.0,1472.73768613975,4233.95189003436,-6.12758951381314e-14,0.0,17388.0200910869,1472.73768613975
5307,0.0,0.0,0.0,0.0,1481.09965635739,0.0,6.041566636052291e-15,0.0,15691.4569108379,1481.09965635739
5308,0.0,0.0,0.0,0.0,1467.92668957617,0.0,2.38018793932357e-15,0.0,14009.9830396167,1467.92668957617
5309,870.9168,0.0,0.0,0.0,757.171482245132,4233.95189003436,1.08947011097007e-14,0.0,8292.7741366619,1628.088282245132
5310,1586.59793814433,0.0,0.0,2009.12406185567,7.447059453188831e-14,2001.59182130584,-4.20960407240553e-30,0.0,6000.0,1586.59793814433
5311,1668.24742268041,3125.21987628866,4.54747350886464e-13,3810.55670103093,9.245421208975641e-15,-9.245421208975641e-15,6.522450568058361e-31,0.0,8576.743788,1668.24742268041
5312,1606.28865979381,2557.71863917526,0.0,3810.55670103093,9.59076624088417e-14,-9.59076624088417e-14,1.15486464178666e-30,0.0,10685.582806,1606.28865979381
5313,1583.9175257732,10462.4967731959,0.0,3810.55670103093,-6.88592359681069e-14,6.88592359681069e-14,1.4301596867071298e-30,0.0,19311.9113955,1583.9175257732
5314,1684.22680412371,12293.8184948454,0.0,3810.55670103093,9.73313742059402e-15,-9.73313742059402e-15,1.6559537540744502e-31,0.0,29448.1647445,1684.22680412371
5315,1748.24742268041,13013.6198762887,0.0,3810.55670103093,-9.249322938668591e-14,9.249322938668591e-14,3.40569998722192e-31,0.0,40177.8943325,1748.24742268041
5316,1712.68041237113,12778.3708865979,0.0,3810.55670103093,-5.0254697985984806e-15,5.0254697985984806e-15,6.36481756323933e-32,0.0,50713.6611285,1712.68041237113
5317,1514.12371134021,11837.2305876289,0.0,3810.55670103093,4.36089615127453e-14,-4.36089615127453e-14,-2.50999869208261e-30,0.0,60473.457748,1514.12371134021
5318,1518.76288659794,10010.5114123711,0.0,3810.55670103093,6.19821227286674e-14,-6.19821227286674e-14,1.70044595255517e-30,0.0,68727.1244075,1518.76288659794
5319,1490.61855670103,995.296742268041,-2.27373675443232e-13,3810.55670103093,-9.25429449747089e-14,9.25429449747089e-14,-4.544145039031119e-30,0.0,69547.7465715,1490.61855670103
5320,1449.48453608247,3547.3677628866,9.09494701772928e-13,3810.55670103093,-1.30586277873838e-14,1.30586277873838e-14,-4.996687695367921e-31,0.0,72472.551292,1449.48453608247
5321,1407.52577319588,0.0,0.0,2988.32022680412,-8.20565219988798e-14,913.596082474227,3.1485214761328398e-30,0.0,71426.0494793148,1407.52577319588
5322,975.4368,0.0,0.0,-7.475724160666341e-14,472.653269186712,4233.95189003436,1.71536620804366e-14,0.0,66034.7491823834,1448.0900691867118
5323,152.17566,0.0,0.0,-7.475724160666341e-14,1335.61238235968,4233.95189003436,-6.51574574164476e-14,0.0,59654.9504740282,1487.7880423596798
5324,0.0,0.0,0.0,0.0,1499.65635738832,4233.95189003436,5.54146175300266e-14,0.0,53087.243432307,1499.65635738832
5325,0.0,0.0,0.0,0.0,1522.45131729668,4233.95189003436,-6.82361699281545e-14,0.0,46493.4253253986,1522.45131729668
5326,0.0,0.0,0.0,0.0,1573.53951890034,4233.95189003436,2.4168293178129e-14,0.0,39841.0869417391,1573.53951890034
5327,0.0,0.0,0.0,0.0,1561.97021764032,4233.95189003436,-5.725203383796841e-14,0.0,33202.0009077475,1561.97021764032
5328,0.0,0.0,0.0,0.0,575.800687285224,0.0,824.025999999999,0.0,11340.4344933732,1399.826687285223
5329,0.0,0.0,0.0,0.0,1596.21993127148,0.0,3.5175772184307805e-15,0.0,9512.00387336002,1596.21993127148
5330,0.0,0.0,0.0,0.0,1531.72966781214,0.0,8.45754216310939e-14,0.0,7757.44526189136,1531.72966781214
5331,0.0,0.0,0.0,0.0,1534.24971363116,0.0,3.45576895342091e-14,0.0,6000.0,1534.24971363116
5332,0.0,0.0,0.0,0.0,0.0,0.0,1196.3,0.0,6000.0,1196.3
5333,724.9008,0.0,0.0,0.0,0.0,0.0,653.246224,0.0,6000.0,1378.147024
5334,1525.36082474227,-8.36751935755812e-14,3.11048869018813e-13,2528.49417525773,-6.02284420709772e-14,0.0,-7.759412526266199e-31,0.0,6000.0,1525.36082474227
5335,1574.12371134021,3141.77258762887,0.0,3810.55670103093,9.753044632844591e-14,-7.64294306540785e-14,-4.57839848791515e-31,0.0,8590.3914985,1574.12371134021
5336,1498.24742268041,7031.06887628866,0.0,3810.55670103093,-1.00123628181361e-13,-7.64294306540785e-14,-1.30119322074025e-30,0.0,14387.507787,1498.24742268041
5337,1538.86597938144,7379.04631958763,0.0,3810.55670103093,1.57145309939645e-14,-7.64294306540785e-14,1.1828069798526598e-30,0.0,20471.5314775,1538.86597938144
5338,1546.59793814433,9327.16436082474,0.0,3810.55670103093,1.25339919829719e-13,-7.64294306540785e-14,-6.10388692073988e-31,0.0,28161.778493,1546.5979381443303
5339,1556.28865979381,8822.36863917526,0.0,3810.55670103093,9.438158264990681e-14,-7.64294306540785e-14,-3.5810116517566696e-30,0.0,35435.821436,1556.28865979381
5340,1533.09278350515,9118.68151546392,0.0,3810.55670103093,4.1583418399030504e-14,-7.64294306540785e-14,1.81152072788818e-31,0.0,42954.1743455,1533.09278350515
5341,1392.37113402062,8045.95716494845,0.0,3810.55670103093,5.03109164568294e-14,-7.64294306540785e-14,2.6452794734606597e-30,0.0,49588.066028,1392.37113402062
5342,1456.90721649485,5250.95308247423,0.0,3810.55670103093,5.39949044604604e-15,-7.64294306540785e-14,1.7051904644819702e-31,0.0,53917.4768445,1456.90721649485
5343,1439.07216494845,0.0,0.0,2476.44983505155,-1.33764299639867e-14,1482.34096219931,-2.06777042864561e-31,0.0,52219.4917789796,1439.07216494845
5344,1123.0635,0.0,0.0,0.0,286.515927835052,4233.95189003436,2.27915747214436e-14,0.0,47041.4072224281,1409.579427835052
5345,1360.41237113402,0.0,0.0,1726.16852886598,4.1521955667845904e-14,2315.98685796105,-1.89523900949579e-30,0.0,44388.5013141108,1360.41237113402
5346,1345.25773195876,0.0,0.0,226.356468041237,-8.65615514013384e-14,3982.44470332188,-7.72231153554137e-31,0.0,39826.7089849906,1345.25773195876
5347,44.48613,0.0,0.0,0.0,1438.54347525773,0.0,-2.38199798103662e-14,0.0,38178.8928621296,1483.02960525773
5348,0.0,0.0,0.0,0.0,1497.36540664376,0.0,9.792942529188721e-14,0.0,36463.6976655159,1497.36540664376
5349,0.0,0.0,0.0,0.0,1469.75945017182,0.0,-8.28816847150694e-14,0.0,34780.124412169,1469.75945017182
5350,0.0,0.0,0.0,0.0,1533.21878579611,4233.95189003436,8.09400880289177e-14,0.0,28173.9724352727,1533.21878579611
5351,0.0,0.0,0.0,0.0,1451.43184421535,0.0,5.87395587178736e-14,0.0,26511.3930031818,1451.43184421535
5352,0.0,0.0,0.0,0.0,1365.75028636884,0.0,-1.28079763925924e-14,0.0,24946.9596854626,1365.75028636884
5353,0.0,0.0,0.0,0.0,1381.67239404353,0.0,-8.91434056519186e-15,0.0,23364.2879855273,1381.67239404353
5354,0.0,0.0,0.0,0.0,1359.67926689576,0.0,7.5856972733305e-14,0.0,21806.8088710992,1359.67926689576
5355,0.0,0.0,0.0,0.0,1393.24169530355,4233.95189003436,7.25059864509055e-14,0.0,15360.9972040454,1393.24169530355
5356,0.0,0.0,0.0,0.0,1324.28407789233,0.0,-6.29038437731347e-14,0.0,13844.0624069179,1324.28407789233
5357,182.26806,0.0,0.0,0.0,1376.05954387171,1103.06494645588,-2.16572368148041e-14,0.0,11004.2863584327,1558.32760387171
5358,1450.72164948454,0.0,0.0,831.234650515464,7.553245236552791e-14,3310.35783390607,-4.71672586853558e-31,0.0,7212.35298626079,1450.72164948454
5359,1554.53608247423,749.639216494845,0.0,3810.55670103093,-5.15244382995014e-14,-7.64294306540785e-14,1.79542949691908e-30,0.0,7830.43052026079,1554.53608247423
5360,1566.28865979381,848.841639175258,0.0,3810.55670103093,-1.05860429452474e-13,-7.64294306540785e-14,-1.8793636786736e-30,0.0,8530.30045176079,1566.28865979381
5361,1680.51546391753,0.0,0.0,1822.49963608247,1.22243708524993e-14,2208.95229438717,-1.6287860705051401e-31,0.0,6000.0,1680.51546391753
5362,1685.15463917526,3989.20565979382,0.0,3810.55670103093,2.2784003702674602e-14,-7.64294306540785e-14,-8.89006676500793e-32,0.0,9289.1000665,1685.15463917526
5363,1731.03092783505,5029.71337113402,0.0,3810.55670103093,7.10653914079308e-14,-7.64294306540785e-14,-2.20879078538206e-30,0.0,13436.098741,1731.03092783505
5364,1744.22680412371,5858.99549484536,0.0,3810.55670103093,6.36546222362946e-14,-7.64294306540785e-14,4.97245649973031e-30,0.0,18266.8405265,1744.22680412371
5365,1479.48453608247,11539.3557628866,0.0,3810.55670103093,-1.0850982977623299e-13,-7.64294306540785e-14,4.09865114613714e-30,0.0,27781.039353,1479.48453608247
5366,1458.0412371134,9753.14906185567,0.0,3810.55670103093,-2.32155014434484e-14,-7.64294306540785e-14,-2.7474184271459504e-31,0.0,35822.5107545,1458.0412371134
5367,1438.14432989691,7018.35896907217,0.0,3810.55670103093,-1.08002395145737e-14,-7.64294306540785e-14,5.65455675723434e-32,0.0,41609.1477245,1438.14432989691
5368,1211.9211,0.0,0.0,0.0,187.670713631157,4233.95189003436,1.1275728286419401e-14,0.0,36544.2879264868,1399.591813631157
5369,77.42046,0.0,0.0,0.0,1431.38849232531,4233.95189003436,6.66620332131723e-14,0.0,30054.7800429133,1508.80895232531
5370,326.59146,0.0,0.0,0.0,1085.45966071019,4233.95189003436,2.03454314030974e-14,0.0,23961.5251165163,1412.05112071019
5371,22.534746,0.0,0.0,0.0,1309.32565450172,733.995279662614,-4.02654523942448e-16,0.0,21620.9513087679,1331.86040050172
5372,0.0,0.0,0.0,0.0,1341.92439862543,4233.95189003436,-4.12720091016442e-14,0.0,15233.9223412309,1341.92439862543
5373,0.0,0.0,0.0,0.0,1306.18556701031,0.0,-6.95298297745767e-14,0.0,13737.7189425937,1306.18556701031
5374,0.0,0.0,0.0,0.0,1271.13402061856,4233.95189003436,7.820079520935961e-14,0.0,7431.77860965794,1271.13402061856
5375,0.0,0.0,0.0,0.0,1249.94272623139,0.0,-4.5528127532479e-14,0.0,6000.0,1249.94272623139
5376,0.0,0.0,0.0,0.0,0.0,0.0,1081.1,0.0,12000.0,1081.1
5377,0.0,0.0,0.0,0.0,935.066873997709,0.0,220.386619,0.0,10928.9039244012,1155.453492997709
5378,0.0,0.0,0.0,0.0,1158.53379152348,0.0,8.84599660926772e-14,0.0,9601.83199825751,1158.53379152348
5379,0.0,0.0,0.0,0.0,1169.41580756014,0.0,-9.27375228919656e-14,0.0,8262.29499074304,1169.41580756014
5380,0.0,0.0,0.0,0.0,1185.33791523482,0.0,-8.8843887064565e-14,0.0,6904.51960101243,1185.33791523482
5381,648.5973,0.0,0.0,0.0,789.645611683849,0.0,-3.3840227310684e-14,0.0,6000.0,1438.242911683849
5382,1410.0,1.21302451958036e-13,-3.48676127401268e-13,2591.985,8.73121099411967e-14,0.0,4.45398276777844e-31,0.0,6000.0,1410.0
5383,1464.63917525773,3532.72012371134,0.0,3810.55670103093,1.07211350916054e-13,-7.64294306540785e-14,-1.62708990916814e-30,0.0,8912.727742,1464.63917525773
5384,1446.39175257732,7817.09954639176,0.0,3810.55670103093,-1.04310855407216e-13,-7.64294306540785e-14,-2.76013529606768e-30,0.0,15357.926318,1446.39175257732
5385,1511.85567010309,11104.621628866,0.0,3810.55670103093,1.00838945291734e-13,-7.64294306540785e-14,3.88992764830652e-30,0.0,24513.686851,1511.85567010309
5386,1519.38144329897,13120.1428556701,0.0,3810.55670103093,-2.39478099573235e-14,-7.64294306540785e-14,1.1502178326878199e-30,0.0,35331.2446355,1519.38144329897
5387,1298.35051546392,4458.06578350515,0.0,3810.55670103093,1.09781248253059e-14,-7.64294306540785e-14,-4.8852535584511e-31,0.0,39006.919874,1298.35051546392
5388,1204.53608247423,2751.13321649485,0.0,3810.55670103093,-6.22069966120458e-14,-7.64294306540785e-14,-3.80868174756646e-30,0.0,41275.229211,1204.53608247423
5389,1115.67010309278,13109.6741958763,0.0,3810.55670103093,-4.1478742962644403e-14,-7.64294306540785e-14,-2.63590126890926e-30,0.0,52084.1555855,1115.67010309278
5390,1079.07216494845,555.941134020619,0.0,3810.55670103093,-6.864086496755e-14,-7.64294306540785e-14,5.141349289687129e-30,0.0,52542.5290505,1079.07216494845
5391,1045.87628865979,9.28501030927782,0.0,3810.55670103093,7.88029828839546e-14,0.0,1.692460479086e-30,0.0,52550.1845415,1045.87628865979
5392,1021.75257731959,222.402721649484,-1.13686837721616e-13,3810.55670103093,2.46742448996179e-14,0.0,-1.1710155303558899e-30,0.0,52733.5555855,1021.75257731959
5393,969.690721649485,0.0,1.13686837721616e-13,2061.07337835052,4.6525819113843603e-14,1943.87035853379,-2.4480193269574298e-30,0.0,50506.8999628954,969.690721649485
5394,909.6477,0.0,0.0,0.0,45.2940790378008,4233.95189003436,-1.85932322154194e-15,0.0,45605.129093397,954.9417790378008
5395,112.06845,0.0,0.0,0.0,940.084310996564,0.0,2.1678808634456e-14,0.0,44528.285667284,1052.152760996564
5396,0.0,0.0,0.0,0.0,1030.46964490263,0.0,7.98196524785457e-14,0.0,43347.9080671665,1030.46964490263
5397,0.0,0.0,0.0,0.0,1007.33104238259,0.0,1.7893793866765002e-15,0.0,42194.0351663846,1007.33104238259
5398,0.0,0.0,0.0,0.0,991.523482245132,4233.95189003436,2.30207381730543e-14,0.0,36208.3818189854,991.523482245132
5399,0.0,0.0,0.0,0.0,982.817869415808,3824.4876005974,2.2891587060442102e-14,0.0,30701.7317960608,982.817869415808
5400,0.0,0.0,0.0,0.0,923.253150057274,4233.95189003436,3.6541886228138204e-14,0.0,24794.2804328401,923.253150057274
5401,0.0,0.0,0.0,0.0,905.154639175258,4233.95189003436,1.0394434454057502e-15,0.0,18907.5604681097,905.154639175258
5402,0.0,0.0,0.0,0.0,908.018327605956,4233.95189003436,-1.69179899820798e-14,0.0,13017.5602188081,908.018327605956
5403,0.0,0.0,0.0,0.0,893.699885452463,4233.95189003436,1.5116263592767e-14,0.0,7143.96139236271,893.699885452463
5404,0.0,0.0,0.0,0.0,878.121420389461,0.0,2.88446980441205e-14,0.0,6138.09493143549,878.121420389461
5405,678.8184,0.0,0.0,0.0,120.556875143184,0.0,-1.0648248946708601e-15,0.0,6000.0,799.375275143184
5406,798.247422680412,0.0,1.13686837721616e-13,3341.71957731959,4.8299637731239304e-15,0.0,-2.39911445962175e-31,0.0,6000.0,798.247422680412
5407,803.40206185567,4343.0542371134,0.0,3810.55670103093,-5.36141711597776e-14,5.36141711597776e-14,-2.6890125559951296e-30,0.0,9580.8482185,803.40206185567
5408,805.876288659794,8485.96801030928,0.0,3810.55670103093,-6.6574836164010505e-15,6.6574836164010505e-15,2.46131449452082e-31,0.0,16577.528843,805.876288659794
5409,821.340206185567,11429.8630927835,0.0,3810.55670103093,-5.56711798355324e-14,5.56711798355324e-14,1.72495453181265e-30,0.0,26001.450963,821.340206185567
5410,837.628865979381,13355.7354329897,1.81898940354586e-12,3810.55670103093,3.98905711612841e-14,-3.98905711612841e-14,-1.22287199565253e-30,0.0,37013.2548275,837.628865979381
5411,849.484536082474,13952.3967628866,-1.81898940354586e-12,3810.55670103093,-3.13715848946028e-14,3.13715848946028e-14,5.18563609610543e-31,0.0,48517.0059585,849.484536082474
5412,836.59793814433,13655.0773608247,-1.81898940354586e-12,3810.55670103093,5.1579398147864404e-14,-5.1579398147864404e-14,1.88391539333425e-30,0.0,59775.6172425,836.59793814433
5413,823.917525773196,12750.3997731959,-1.81898940354586e-12,3810.55670103093,-1.78271288293231e-14,1.78271288293231e-14,-2.49392952063837e-31,0.0,70288.3218555,823.917525773196
5414,834.536082474227,10984.9372164948,0.0,3810.55670103093,-5.1361656458548303e-14,5.1361656458548303e-14,-7.286362411516461e-31,0.0,79345.4025905,834.536082474227
5415,841.030927835052,8186.08137113402,9.09494701772928e-13,3810.55670103093,-3.8140876141452304e-14,3.8140876141452304e-14,-2.5542413794512197e-30,0.0,86094.826681,841.030927835052
5416,838.144329896907,4321.25996907217,9.09494701772928e-13,3810.55670103093,-2.91131966217927e-14,2.91131966217927e-14,-1.67992433431209e-30,0.0,89657.7055255,838.144329896907
5417,808.865979381443,0.0,-1.13686837721616e-13,3487.84202061856,-2.87045638561013e-14,358.571867124856,-1.4078303053079299e-30,0.0,89246.9702825162,808.865979381443
5418,799.690721649485,0.0,0.0,52.6659783505154,-6.28432302764925e-14,4175.43413631157,5.2400003791076896e-30,0.0,84464.1133107962,799.6907216494849
5419,62.0451000000001,0.0,0.0,-7.475724160666341e-14,819.949888888889,4233.95189003436,8.27773385639021e-15,0.0,78674.9932891201,881.994988888889
5420,0.0,0.0,0.0,0.0,883.619702176403,4233.95189003436,1.48709839148189e-14,0.0,72812.9410643655,883.619702176403
5421,0.0,0.0,0.0,0.0,882.13058419244,4233.95189003436,1.8506317516995202e-14,0.0,66952.5945875879,882.13058419244
5422,0.0,0.0,0.0,0.0,875.945017182131,4233.95189003436,-2.7641089112113603e-15,0.0,61099.3335254843,875.945017182131
5423,0.0,0.0,0.0,0.0,872.05040091638,4233.95189003436,1.8261037839047102e-14,0.0,55250.5336503975,872.05040091638
5424,0.0,0.0,0.0,0.0,865.635738831615,0.0,-9.94469264478039e-15,0.0,11008.4355798034,865.635738831615
5425,0.0,0.0,0.0,0.0,869.530355097365,0.0,-4.54080677856841e-14,0.0,10012.4099725899,869.530355097365
5426,0.0,0.0,0.0,0.0,868.499427262314,0.0,-2.7902126072265902e-14,0.0,9017.56526782211,868.499427262314
5427,0.0,0.0,0.0,0.0,858.304696449026,0.0,-2.4395943582701903e-14,0.0,8034.39837612793,858.304696449026
5428,0.0,0.0,0.0,0.0,842.382588774341,0.0,5.86877371188062e-16,0.0,7069.46986664987,842.382588774341
5429,633.5901,0.0,0.0,0.0,131.864379152348,0.0,-1.14755060935459e-14,0.0,6918.42246784993,765.454479152348
5430,758.144329896907,0.0,1.13686837721616e-13,2678.50837010309,-5.3693254605704604e-14,0.0,2.20178457595508e-30,0.0,6918.42246784993,758.144329896907
5431,771.546391752577,4033.23090721649,0.0,3810.55670103093,4.30826475450247e-14,0.0,-2.6308404710924396e-30,0.0,10243.8213508499,771.546391752577
5432,780.824742268041,8047.93355670103,0.0,3810.55670103093,-6.21167953341982e-14,0.0,2.46450040040785e-30,0.0,16879.3425683499,780.8247422680408
5433,810.927835051546,11133.6964639175,0.0,3810.55670103093,-5.20822178292619e-14,0.0,-2.1120005212179298e-30,0.0,26059.0753028499,810.927835051546
5434,839.484536082474,9281.9677628866,0.0,3810.55670103093,4.64584828110782e-14,0.0,-3.65546150475917e-31,0.0,33712.0577233499,839.484536082474
5435,854.845360824742,10791.5459381443,0.0,3810.55670103093,1.04641873119876e-14,0.0,5.15570500989652e-31,0.0,42609.6873493499,854.845360824742
5436,861.134020618557,9338.31827835052,0.0,3810.55670103093,5.36305332520384e-14,0.0,1.62881256429259e-30,0.0,50309.1307698499,861.134020618557
5437,876.907216494845,9549.36908247423,0.0,3810.55670103093,-3.83481293100884e-14,0.0,-6.108562645702371e-31,0.0,58182.5855783499,876.907216494845
5438,898.041237113402,7809.54406185567,0.0,3810.55670103093,3.78276889139486e-14,0.0,1.84055478885783e-30,0.0,64621.5546573499,898.041237113402
5439,931.030927835052,7600.35237113402,0.0,3810.55670103093,4.27413510820986e-14,0.0,5.23996885485428e-31,0.0,70888.0451873499,931.030927835052
5440,957.216494845361,3724.00880412371,0.0,3810.55670103093,-5.2826273486298703e-14,0.0,2.12128310965319e-30,0.0,73958.4904463499,957.216494845361
5441,983.917525773196,0.0,0.0,3140.9954742268,3.5239751321374e-14,0.0,-1.1238484281739198e-30,0.0,73958.4904463499,983.917525773196
5442,889.5588,0.0,0.0,0.0,351.005686139748,0.0,-1.08020158397797e-14,0.0,73556.4220773468,1240.564486139748
5443,85.22787,0.0,0.0,0.0,1434.05379851088,0.0,7.55343410903302e-14,0.0,71913.7487686287,1519.28166851088
5444,0.0,0.0,0.0,0.0,1613.63115693013,0.0,3.7758794436551005e-15,0.0,70065.3740184224,1613.63115693013
5445,0.0,0.0,0.0,0.0,1645.01718213058,0.0,-6.00603705753667e-14,0.0,68181.0473493152,1645.01718213058
5446,0.0,0.0,0.0,0.0,1682.70332187858,0.0,3.6185638169212404e-14,0.0,66253.5521352504,1682.70332187858
5447,0.0,0.0,0.0,0.0,1660.13745704467,0.0,-1.7287260588281802e-14,0.0,64351.905563607,1660.13745704467
5448,0.0,0.0,0.0,0.0,1607.21649484536,0.0,-5.33063078214629e-14,0.0,62510.8786508403,1607.21649484536
5449,0.0,0.0,0.0,0.0,1624.05498281787,0.0,7.20500100971199e-15,0.0,60650.5636647946,1624.05498281787
5450,0.0,0.0,0.0,0.0,1568.27033218786,0.0,7.3953768144342e-14,0.0,58854.1486221968,1568.27033218786
5451,0.0,0.0,0.0,0.0,1600.11454753723,0.0,8.17410397991431e-14,0.0,57021.2568151668,1600.11454753723
5452,0.0,0.0,0.0,0.0,1569.98854524628,0.0,-7.792879489221911e-14,0.0,55222.8736018262,1569.98854524628
5453,0.0,0.0,0.0,0.0,1812.60022909507,4233.95189003436,-4.04359208710491e-14,0.0,48296.6970621591,1812.60022909507
5454,1159.1736,0.0,0.0,0.0,676.290501718213,4233.95189003436,-1.30095214570534e-14,0.0,42672.1353304837,1835.464101718213
5455,2035.87628865979,0.0,0.0,691.292311340206,6.47427013716342e-14,3465.84932187858,-2.82586731428118e-30,0.0,38702.0902882402,2035.87628865979
5456,658.5696,0.0,0.0,0.0,1530.91350286369,4233.95189003436,7.00220566025388e-14,0.0,32098.5789561691,2189.48310286369
5457,2016.80412371134,0.0,0.0,1814.44667628866,-4.26242991913102e-14,2217.90002749141,2.2782449757863696e-30,0.0,29558.0290964997,2016.80412371134
5458,2096.39175257732,881.508546391753,0.0,3810.55670103093,1.68165598618085e-13,-7.64294306540785e-14,1.03456546001519e-29,0.0,30284.8328929997,2096.39175257732
5459,2099.48453608247,4991.1607628866,0.0,3810.55670103093,-2.3804347971463e-13,-7.64294306540785e-14,-1.7184566677401798e-29,0.0,34400.0449419997,2099.4845360824697
5460,2113.29896907217,5083.27032989691,0.0,3810.55670103093,-7.09332360473632e-14,-7.64294306540785e-14,-1.1609882466434898e-30,0.0,38591.2013289997,2113.29896907217
5461,1998.24742268041,3156.39887628866,0.0,3810.55670103093,-8.48628305920113e-14,-7.64294306540785e-14,1.9823332181846298e-30,0.0,41193.6522024997,1998.24742268041
5462,2045.9793814433,2614.10791752577,0.0,3810.55670103093,-3.39202954198344e-14,-7.64294306540785e-14,-6.597888367314691e-31,0.0,43348.9841804997,2045.9793814433
5463,1980.92783505155,0.0,0.0,2183.57016494845,-3.85102818398007e-14,1807.76281786942,-1.0402846377656498e-30,0.0,41278.2363937077,1980.92783505155
5464,1936.80412371134,0.0,0.0,2537.04187628866,5.91143514043513e-14,1415.01647193585,3.9672711743858996e-30,0.0,39657.3698737354,1936.80412371134
5465,1945.36082474227,0.0,0.0,442.472675257732,4.89574777482867e-14,3742.31558419244,1.4374958201763299e-30,0.0,35370.6395367452,1945.36082474227
5466,1294.8897,0.0,0.0,0.0,722.631146620848,4233.95189003436,4.2438286034888604e-14,0.0,29692.9957375983,2017.520846620848
5467,0.0,0.0,0.0,0.0,2142.72623138603,0.0,-1.8627814627445699e-13,0.0,27238.5556100084,2142.72623138603
5468,0.0,0.0,0.0,0.0,2037.45704467354,0.0,7.84251899771134e-14,0.0,24904.6987432575,2037.45704467354
5469,0.0,0.0,0.0,0.0,2001.03092783505,1817.34152176411,-4.2829684815908105e-14,0.0,20530.8471400511,2001.03092783505
5470,0.0,0.0,0.0,0.0,2030.12600229095,4233.95189003436,-3.52746702917789e-14,0.0,13355.500184352,2030.12600229095
5471,0.0,0.0,0.0,0.0,2187.39977090493,4233.95189003436,4.7541348228650105e-14,0.0,6000.0,2187.39977090493
5472,0.0,0.0,0.0,0.0,2167.92668957617,0.0,-5.84493756690986e-14,0.0,9516.69336818308,2167.92668957617
5473,0.0,0.0,0.0,0.0,2188.54524627721,0.0,1.54409010459981e-13,0.0,7009.76868745317,2188.54524627721
5474,0.0,0.0,0.0,0.0,881.528064146621,0.0,1091.426,0.0,6000.0,1972.954064146621
5475,0.0,0.0,0.0,0.0,0.0,0.0,1884.6,0.0,6000.0,1884.6
5476,0.0,0.0,0.0,0.0,0.0,0.0,1822.6,0.0,6000.0,1822.6
5477,562.5087,0.0,0.0,0.0,0.0,0.0,1458.666561,0.0,6000.0,2021.175261
5478,2138.24742268041,-1.97892316585702e-13,1.97892316585702e-13,1678.72937731959,-1.32679996371972e-13,0.0,-3.16393869918735e-30,0.0,6000.0,2138.24742268041
5479,2240.20618556701,0.0,0.0,2659.05181443299,-9.76061734477553e-15,0.0,-6.27916680018224e-31,0.0,6000.0,2240.20618556701
5480,2371.13402061856,1282.51927835051,0.0,3810.55670103093,-1.04735850265168e-13,0.0,3.53737522869424e-30,0.0,7057.437145,2371.13402061856
5481,2522.57731958763,8692.59097938144,0.0,3810.55670103093,-5.3232389007026905e-14,0.0,1.0540217597115499e-30,0.0,14224.4784075,2522.57731958763
5482,2538.76288659794,10155.5974123711,0.0,3810.55670103093,-6.31564175039963e-14,0.0,-9.83090773549239e-31,0.0,22597.768474,2538.76288659794
5483,2452.98969072165,11031.3156082474,0.0,3810.55670103093,-1.95999825028162e-13,0.0,-9.68827874752681e-30,0.0,31693.088193,2452.98969072165
5484,2626.28865979381,11272.3526391753,0.0,3810.55670103093,-2.9230877823822e-14,0.0,-1.5286720843177498e-30,0.0,40987.142944,2626.28865979381
5485,2448.35051546392,6466.87078350516,0.0,3810.55670103093,-2.22186514609831e-13,0.0,1.0889183853431699e-29,0.0,46319.077905,2448.35051546392
5486,2633.60824742268,9041.87705154639,0.0,3810.55670103093,-1.12351774901305e-13,0.0,-1.32291477279941e-30,0.0,53774.105534,2633.60824742268
5487,2435.46391752577,4029.1923814433,0.0,3810.55670103093,-1.2360847483587e-13,0.0,1.2445530804076698e-30,0.0,57096.1746525,2435.46391752577
5488,2372.57731958763,555.831979381443,0.0,3810.55670103093,-4.21835715523381e-14,0.0,-2.1259714294119597e-30,0.0,57554.4581195,2372.57731958763
5489,2336.59793814433,0.0,0.0,340.16316185567,9.73617909159121e-14,0.0,7.15685585981794e-31,0.0,57554.4581195,2336.59793814433
5490,346.46664,0.0,0.0,0.0,2238.29021672394,0.0,-7.92427630771827e-14,0.0,54990.5518002286,2584.75685672394
5491,0.0,0.0,0.0,0.0,2536.99885452463,0.0,7.68984672299067e-15,0.0,52084.4820928693,2536.99885452463
5492,0.0,0.0,0.0,0.0,2391.75257731959,0.0,7.7917676892482e-14,0.0,49344.7884189637,2391.75257731959
5493,0.0,0.0,0.0,0.0,2412.37113402062,0.0,-1.06218374302322e-13,0.0,46581.4766961452,2412.37113402062
5494,0.0,0.0,0.0,0.0,2477.09049255441,0.0,3.25945323932231e-14,0.0,43744.0305420164,2477.09049255441
5495,0.0,0.0,0.0,0.0,2477.89232531501,0.0,-3.51613985477517e-14,0.0,40905.6659082077,2477.89232531501
5496,0.0,0.0,0.0,0.0,2283.96334478809,0.0,1.94141526578996e-13,0.0,38289.4421455638,2283.96334478809
5497,0.0,0.0,0.0,0.0,2384.53608247423,0.0,1.17467877349629e-13,0.0,35558.0147887778,2384.53608247423
5498,0.0,0.0,0.0,0.0,2258.07560137457,0.0,2.1921586348387e-15,0.0,32971.444798658,2258.07560137457
5499,0.0,0.0,0.0,0.0,2274.22680412371,0.0,-1.71037891753436e-13,0.0,30366.3740035564,2274.22680412371
5500,0.0,0.0,0.0,0.0,2217.86941580756,0.0,-7.2912574794146e-14,0.0,27825.8592088169,2217.86941580756
5501,0.0,0.0,0.0,0.0,2451.6609392898,0.0,5.3012991222249504e-14,0.0,25017.5419816808,2451.6609392898
5502,0.0,0.0,0.0,0.0,2492.66895761741,0.0,-1.09258968170392e-13,0.0,22162.2510794845,2492.66895761741
5503,221.37882,0.0,0.0,0.0,2313.01551500573,0.0,1.67817787248846e-13,0.0,19512.748771345,2534.3943350057298
5504,2378.76288659794,0.0,0.0,206.083013402062,1.40320883687327e-13,0.0,2.3949616236498196e-30,0.0,19512.748771345,2378.76288659794
5505,2389.69072164948,8410.32257731959,0.0,3810.55670103093,-6.24973188644673e-14,0.0,-1.6761175757675597e-30,0.0,26447.059736345,2389.69072164948
5506,2409.48453608247,2353.4457628866,0.0,3810.55670103093,-1.76491596104254e-13,0.0,8.54697363360595e-30,0.0,28387.475767845,2409.48453608247
5507,2540.41237113402,0.0,0.0,2312.70862886598,2.18180948562153e-13,0.0,5.31005926878433e-30,0.0,28387.475767845,2540.41237113402
5508,2582.78350515464,4411.45379381443,0.0,3810.55670103093,-9.72264889991405e-15,0.0,1.78366610624361e-31,0.0,32024.719420845,2582.78350515464
5509,2370.92783505155,6154.68346391753,0.0,3810.55670103093,1.66126839968313e-13,0.0,4.8389393624586894e-30,0.0,37099.255936845,2370.92783505155
5510,2416.18556701031,1118.71273195876,0.0,3810.55670103093,6.33277999319069e-14,0.0,4.9087670742769696e-30,0.0,38021.634584345,2416.18556701031
5511,2329.38144329897,1162.9678556701,0.0,3810.55670103093,-1.99772545916746e-13,0.0,-4.0151819284891095e-30,0.0,38980.501581345,2329.38144329897
5512,2301.54639175258,504.246907216495,0.0,3810.55670103093,2.42144491300496e-13,0.0,-1.04750781305305e-29,0.0,39396.253156345,2301.5463917525803
5513,2260.1030927835,0.0,0.0,1263.30510721649,-2.9989407639397e-14,0.0,4.13733766521034e-31,0.0,39396.253156345,2260.1030927835
5514,581.4198,0.0,0.0,0.0,1856.49804581901,0.0,7.08277846076637e-14,0.0,37269.6803661743,2437.91784581901
5515,0.0,0.0,0.0,0.0,2591.98167239404,0.0,1.78317772409987e-13,0.0,34300.6291950471,2591.98167239404
5516,0.0,0.0,0.0,0.0,2510.76746849943,1870.80209369082,1.53617150055573e-13,0.0,29281.6491696288,2510.76746849943
5517,0.0,0.0,0.0,0.0,2594.95990836197,4233.95189003436,-1.68194418555668e-13,0.0,21459.2988850969,2594.95990836197
5518,0.0,0.0,0.0,0.0,2520.84765177549,4233.95189003436,1.12991352306144e-14,0.0,13721.8423652689,2520.84765177549
5519,0.0,0.0,0.0,0.0,2507.21649484536,4233.95189003436,2.26436052039342e-14,0.0,6000.0,2507.21649484536
5520,0.0,0.0,0.0,0.0,2344.44444444444,0.0,1.37860291084103e-13,0.0,9314.4966272114,2344.44444444444
5521,0.0,0.0,0.0,0.0,2372.05040091638,0.0,-4.94465794515328e-14,0.0,6597.37131115599,2372.05040091638
5522,0.0,0.0,0.0,0.0,521.505154639176,0.0,1638.726,0.0,6000.0,2160.231154639176
5523,0.0,0.0,0.0,0.0,0.0,0.0,1954.9,0.0,6000.0,1954.9
5524,0.0,0.0,0.0,0.0,0.0,0.0,2077.8,0.0,6000.0,2077.8
5525,0.0,0.0,0.0,0.0,0.0,0.0,2213.2,0.0,6000.0,2213.2
5526,269.33712,0.0,0.0,0.0,0.0,0.0,2053.7429936,0.0,6000.0,2323.0801136
5527,2485.67010309278,1.34348759776494e-13,-1.34348759776494e-13,2741.77289690722,9.67026922763831e-14,0.0,1.4087123882001198e-30,0.0,6000.0,2485.67010309278
5528,2539.38144329897,5911.1938556701,0.0,3810.55670103093,1.19178123700653e-13,0.0,5.10895137475459e-30,0.0,10873.779334,2539.38144329897
5529,2592.68041237113,0.0,0.0,2198.74258762887,1.78104101273592e-13,0.0,-1.8545687727456398e-30,0.0,10873.779334,2592.68041237113
5530,2506.18556701031,3956.75473195876,0.0,3810.55670103093,-2.46466391131882e-13,0.0,-1.98753449642151e-29,0.0,14136.1236105,2506.1855670103096
5531,2667.42268041237,12310.6216185567,0.0,3810.55670103093,-1.0090166664539999e-13,0.0,5.4500740540047e-30,0.0,24286.231135,2667.42268041237
5532,2645.56701030928,7540.2742886598,0.0,3810.55670103093,-2.16167152591599e-13,0.0,5.825923045940039e-30,0.0,30503.187286,2645.56701030928
5533,2512.57731958763,2021.18897938144,0.0,3810.55670103093,1.54823151461101e-13,0.0,7.62089391341349e-30,0.0,32169.6575995,2512.57731958763
5534,2581.34020618557,5895.63809278351,0.0,3810.55670103093,-8.7901984344238e-14,0.0,3.2348213928763404e-31,0.0,37030.611207,2581.34020618557
5535,2540.20618556701,2399.82311340206,0.0,3810.55670103093,-6.04138791165988e-16,0.0,-1.79350679227338e-32,0.0,39009.265364,2540.20618556701
5536,2362.0618556701,1996.98444329897,0.0,3810.55670103093,9.29299713877996e-14,0.0,-3.93699991688927e-30,0.0,40655.7790375,2362.0618556701
5537,2231.6073,0.0,0.0,0.0,108.86703207331,0.0,-5.3772683513505506e-15,0.0,40531.0745334069,2340.47433207331
5538,0.0,0.0,0.0,0.0,2659.33562428408,0.0,2.33685704108028e-14,0.0,37484.8710691639,2659.33562428408
5539,0.0,0.0,0.0,0.0,2602.29095074456,0.0,-1.12247471849357e-13,0.0,34504.0108735802,2602.29095074456
5540,0.0,0.0,0.0,0.0,2543.98625429553,0.0,-1.65101734498493e-13,0.0,31589.9372718672,2543.98625429553
5541,0.0,0.0,0.0,0.0,2617.29667812142,0.0,6.24021664175015e-14,0.0,28591.8883851301,2617.29667812142
5542,0.0,0.0,0.0,0.0,2636.99885452463,0.0,1.89766422761516e-13,0.0,25571.2711405429,2636.99885452463
5543,0.0,0.0,0.0,0.0,2595.76174112257,0.0,1.6104408782724e-13,0.0,22597.8899937817,2595.76174112257
5544,0.0,0.0,0.0,0.0,2473.42497136312,0.0,-1.93876159621874e-13,0.0,19764.6426039041,2473.42497136312
5545,0.0,0.0,0.0,0.0,2494.50171821306,0.0,6.17292913997379e-14,0.0,16907.2523195822,2494.50171821306
5546,0.0,0.0,0.0,0.0,2590.83619702176,0.0,-4.04177381394146e-14,0.0,13939.5132622835,2590.83619702176
5547,0.0,0.0,0.0,0.0,2376.86139747995,0.0,5.65180993516633e-14,0.0,11216.8770681484,2376.86139747995
5548,0.0,0.0,0.0,0.0,2241.46620847652,0.0,1.90428057693162e-13,0.0,8649.33272854181,2241.46620847652
5549,457.0527,0.0,0.0,0.0,2039.0136093929,0.0,7.25999457776698e-15,0.0,6313.69285523952,2496.0663093929
5550,2367.83505154639,0.0,0.0,1151.32604845361,-1.62135748079173e-13,273.853862624103,-6.800846578516389e-30,0.0,6000.0,2367.83505154639
5551,2438.86597938144,2012.06431958763,4.54747350886464e-13,3810.55670103093,4.31839666547931e-14,-4.31839666547931e-14,-1.72189272938423e-30,0.0,7658.9470315,2438.86597938144
5552,2552.26804123711,6084.45425773196,0.0,3810.55670103093,2.06000839266923e-14,-2.06000839266923e-14,9.800707426197291e-31,0.0,12675.579567,2552.26804123711
5553,2570.92783505155,9268.59146391752,0.0,3810.55670103093,1.72231159004053e-13,-1.72231159004053e-13,1.74482628837781e-30,0.0,20317.533229,2570.92783505155
5554,2560.1030927835,11381.9062061856,0.0,3810.55670103093,-2.08329290857875e-14,2.08329290857875e-14,1.2819687174632499e-30,0.0,29701.914896,2560.1030927835
5555,2431.75257731959,6293.34372164948,0.0,3810.55670103093,-1.28930769769712e-13,1.28930769769712e-13,7.79842151683945e-30,0.0,34890.7767945,2431.75257731959
5556,2467.9381443299,12605.5781546392,-1.81898940354586e-12,3810.55670103093,-4.96910448846435e-14,4.96910448846435e-14,3.85047515694826e-31,0.0,45284.075983,2467.9381443299
5557,2478.0412371134,11497.8590618557,0.0,3810.55670103093,-1.32726984944618e-13,1.32726984944618e-13,8.06935712268747e-30,0.0,54764.0607795,2478.0412371134
5558,2491.54639175258,9184.5239072165,0.0,3810.55670103093,-6.45975402454235e-14,6.45975402454235e-14,-3.74981933368181e-30,0.0,62336.700741,2491.54639175258
5559,2472.26804123711,3484.41325773196,9.09494701772928e-13,3810.55670103093,0.0,0.0,1.06801715238015e-13,0.0,65209.599472,2472.26804123711
5560,2516.28865979381,0.0,0.0,2430.31534020619,1.60145446394942e-13,1533.60151202749,1.0670254769817099e-30,0.0,63452.8967090819,2516.28865979381
5561,2405.15463917526,0.0,0.0,262.437560824742,1.41126402075548e-13,3942.3546002291,-1.07807400490638e-29,0.0,58937.0266057267,2405.15463917526
5562,645.3252,0.0,0.0,-7.475724160666341e-14,1960.86432531501,4233.95189003436,-1.47066992800493e-14,0.0,51841.0171952463,2606.18952531501
5563,0.0,0.0,0.0,0.0,2477.43413516609,4233.95189003436,-7.790846344028411e-14,0.0,44153.2897895184,2477.43413516609
5564,0.0,0.0,0.0,0.0,2522.10767468499,4233.95189003436,4.4043182744752905e-14,0.0,36414.3899444791,2522.10767468499
5565,0.0,0.0,0.0,0.0,2472.16494845361,4233.95189003436,1.70374230187871e-13,0.0,28732.6982623623,2472.16494845361
5566,0.0,0.0,0.0,0.0,2293.47079037801,4233.95189003436,-2.86677867393727e-14,0.0,21255.6963374913,2293.47079037801
5567,0.0,0.0,0.0,0.0,2413.17296678121,4233.95189003436,-1.73974305243296e-13,0.0,13641.5785175422,2413.17296678121
5568,0.0,0.0,0.0,0.0,0.0,0.0,2048.7,0.0,12000.0,2048.7
5569,0.0,0.0,0.0,0.0,0.0,0.0,2043.8,0.0,12000.0,2043.8
5570,0.0,0.0,0.0,0.0,1039.0100091638,0.0,1121.844262,0.0,10809.839622951,2160.8542711638
5571,0.0,0.0,0.0,0.0,0.0,0.0,2003.9,0.0,10809.839622951,2003.9
5572,0.0,0.0,0.0,0.0,2285.45246277205,0.0,1.9050619297682e-13,0.0,8191.91011233006,2285.45246277205
5573,432.4554,0.0,0.0,0.0,1913.53752806415,0.0,-3.95744991833451e-14,0.0,6000.0,2345.99292806415
5574,2261.03092783505,8.21926718431839e-14,-8.21926718431839e-14,1193.51497216495,-2.47520697230633e-14,0.0,1.5482443977381998e-31,0.0,6000.0,2261.03092783505
5575,2206.28865979381,0.0,0.0,240.918440206186,-1.46230326008833e-13,0.0,-9.918201597786171e-31,0.0,6000.0,2206.28865979381
5576,2249.69072164948,0.0,0.0,2148.92427835052,2.30143735708894e-13,0.0,-9.18373120851589e-30,0.0,6000.0,2249.690721649481
5577,2319.07216494845,8812.83113402062,0.0,3810.55670103093,1.69753141108204e-13,0.0,6.29708289789175e-31,0.0,13266.17927,2319.07216494845
5578,2351.44329896907,10355.709,0.0,3810.55670103093,1.34278027382772e-13,0.0,2.0560612179517697e-30,0.0,21804.4613405,2351.44329896907
5579,2391.54639175258,10941.9069072165,0.0,3810.55670103093,-6.76496997632933e-14,0.0,-2.2027627966413698e-30,0.0,30826.0635855,2391.54639175258
5580,2425.67010309278,11067.5271958763,0.0,3810.55670103093,-2.02042681332717e-13,0.0,-1.0027179153224899e-29,0.0,39951.2397585,2425.67010309278
5581,2424.84536082474,10259.8429381443,0.0,3810.55670103093,-9.7887475572392e-14,0.0,1.7193830858057797e-30,0.0,48410.480261,2424.84536082474
5582,2379.58762886598,0.0,0.0,2139.22537113402,2.05386211955077e-14,0.0,-1.0963203396648799e-30,0.0,48410.480261,2379.58762886598
5583,2370.92783505155,0.0,0.0,2780.19216494845,1.66126839968313e-13,0.0,4.8389393624586894e-30,0.0,48410.480261,2370.92783505155
5584,2403.71134020619,1894.29995876289,0.0,3810.55670103093,7.85741233627178e-14,0.0,3.9201117110596703e-31,0.0,49972.330577,2403.71134020619
5585,2322.16494845361,0.0,0.0,1201.99205154639,8.367951568889761e-15,0.0,3.8878453707592703e-31,0.0,49972.330577,2322.16494845361
5586,525.9774,0.0,0.0,0.0,2024.62992210767,0.0,8.09035148600893e-14,0.0,47653.1668632455,2550.60732210767
5587,0.0,0.0,0.0,0.0,2651.43184421535,0.0,-1.7082258835149997e-13,0.0,44616.0169844192,2651.43184421535
5588,0.0,0.0,0.0,0.0,2590.03436426117,0.0,-3.04147207610207e-14,0.0,41649.1964068005,2590.03436426117
5589,0.0,0.0,0.0,0.0,2552.11912943872,0.0,-1.19157805170576e-13,0.0,38725.806796905,2552.11912943872
5590,0.0,0.0,0.0,0.0,2451.20274914089,0.0,6.80188398922981e-14,0.0,35918.0144153003,2451.20274914089
5591,0.0,0.0,0.0,0.0,2493.0126002291,0.0,-1.6200905044131799e-13,0.0,33062.3298789554,2493.0126002291
5592,0.0,0.0,0.0,0.0,2481.09965635739,0.0,-1.90679295186489e-13,0.0,30220.2913264269,2481.09965635739
5593,0.0,0.0,0.0,0.0,2394.73081328751,0.0,7.06470096881296e-14,0.0,27477.1861565672,2394.73081328751
5594,0.0,0.0,0.0,0.0,2358.64833906071,0.0,9.513927128612341e-14,0.0,24775.4125723053,2358.64833906071
5595,0.0,0.0,0.0,0.0,2255.21191294387,0.0,-6.46607888780013e-14,0.0,22192.1228667567,2255.21191294387
5596,0.0,0.0,0.0,0.0,2219.12943871707,0.0,1.29452234600644e-13,0.0,19650.1647468059,2219.12943871707
5597,413.6769,0.0,0.0,0.0,1822.26048911798,0.0,3.93893992784875e-14,0.0,17562.8102346433,2235.93738911798
5598,2086.59793814433,0.0,0.0,1240.90546185567,8.973139212123751e-14,2855.16804352806,-9.260776334806461e-31,0.0,14292.2855570624,2086.59793814433
5599,2219.07216494845,1893.10413402062,0.0,3810.55670103093,1.66700981590334e-13,-7.64294306540785e-14,-8.84204429729748e-30,0.0,15853.1499155624,2219.07216494845
5600,2184.12371134021,6116.26258762887,0.0,3810.55670103093,-8.4398608666716e-14,-7.64294306540785e-14,2.9802780261759896e-30,0.0,20896.0084190624,2184.12371134021
5601,2241.64948453608,9238.99181443299,0.0,3810.55670103093,5.2791661368054805e-14,-7.64294306540785e-14,-2.1592099165767598e-30,0.0,28513.5571700624,2241.64948453608
5602,2274.12371134021,11349.4505876289,0.0,3810.55670103093,1.26709091319282e-13,-7.64294306540785e-14,8.000093642837489e-30,0.0,37871.1791795624,2274.12371134021
5603,2269.48453608247,0.0,0.0,2829.84346391753,1.16149458469106e-13,1089.68137457045,1.0393600008576199e-30,0.0,36622.9760013603,2269.48453608247
5604,1902.3849,0.0,0.0,0.0,557.831210767469,4233.95189003436,1.7361811918390402e-14,0.0,31134.1064700867,2460.216110767469
5605,465.2973,0.0,0.0,0.0,2149.21147651775,4233.95189003436,-6.98513043379774e-14,0.0,23822.3500364646,2614.50877651775
5606,2353.71134020619,1404.11095876289,0.0,3810.55670103093,7.70480436037829e-14,-7.64294306540785e-14,-4.343865122437359e-30,0.0,24980.0395219646,2353.71134020619
5607,2367.42268041237,0.0,0.0,2758.77631958763,-1.1005814519900999e-13,448.397211724362,-9.275654590010661e-31,0.0,24466.4115589356,2367.42268041237
5608,2452.37113402062,0.0,0.0,3079.31086597938,1.42567524816975e-13,0.0,3.0047976351958896e-30,0.0,24466.4115589356,2452.37113402062
5609,2309.8969072165,0.0,0.0,1148.8531927835,-2.31621358502287e-13,0.0,1.5239558175258199e-29,0.0,24466.4115589356,2309.8969072165
5610,544.3425,0.0,0.0,0.0,2074.44189576174,0.0,-1.01361689005298e-13,0.0,22090.1894561157,2618.78439576174
5611,0.0,0.0,0.0,0.0,2759.90836197022,0.0,-5.33050788185637e-14,0.0,18928.7823977306,2759.90836197022
5612,0.0,0.0,0.0,0.0,2894.61626575029,0.0,-2.3961959055629e-14,0.0,15613.070753114,2894.61626575029
5613,0.0,0.0,0.0,0.0,2818.21305841924,0.0,5.730209739315351e-14,0.0,12384.8771008583,2818.21305841924
5614,0.0,0.0,0.0,0.0,2715.578465063,0.0,1.68987630049356e-13,0.0,9274.24884763603,2715.578465063
5615,0.0,0.0,0.0,0.0,2858.41924398625,0.0,-9.49668446210938e-14,0.0,6000.0,2858.41924398625
5616,0.0,0.0,0.0,0.0,0.0,0.0,2367.3,0.0,12000.0,2367.3
5617,0.0,0.0,0.0,0.0,2729.55326460481,0.0,1.0489307780510999e-13,0.0,8873.36395807009,2729.55326460481
5618,0.0,0.0,0.0,0.0,0.0,0.0,2303.3,0.0,8873.36395807009,2303.3
5619,0.0,0.0,0.0,0.0,0.0,0.0,2434.5,0.0,8873.36395807009,2434.5
5620,0.0,0.0,0.0,0.0,0.0,0.0,2325.1,0.0,8873.36395807009,2325.1
5621,248.04351,0.0,0.0,0.0,1835.40564833906,0.0,629.888664299999,0.0,6770.95198975502,2713.337822639059
5622,2014.5723,0.0,0.0,0.0,673.041087056128,0.0,-3.9049579415262504e-14,0.0,6000.0,2687.613387056128
5623,2700.51546391753,5558.94353608247,0.0,0.0,1.39723247778982e-13,0.0,1.06737840702163e-29,0.0,10583.3489455,2700.51546391753
5624,2684.12371134021,0.0,0.0,2910.73828865979,-5.35107543458732e-14,0.0,7.63226470416702e-31,0.0,10583.3489455,2684.12371134021
5625,2678.14432989691,2656.25296907217,0.0,3810.55670103093,-3.28571789637131e-14,0.0,2.6805589883517597e-30,0.0,12773.4295185,2678.14432989691
5626,2704.32989690722,11328.2764020619,0.0,3810.55670103093,-2.35209691197317e-13,0.0,-1.14240036932951e-29,0.0,22113.593412,2704.32989690722
5627,2739.48453608247,3315.4767628866,0.0,3810.55670103093,2.34674986413052e-13,0.0,-1.67992338783924e-29,0.0,24847.204003,2739.48453608247
5628,2652.47422680412,5454.19907216495,0.0,3810.55670103093,-2.47210446788919e-13,0.0,-1.01326567712805e-29,0.0,29344.191138,2652.47422680412
5629,2646.0824742268,2849.18982474227,0.0,3810.55670103093,-1.58852211795103e-13,0.0,3.17618799561283e-30,0.0,31693.3481485,2646.0824742268
5630,2728.14432989691,3138.31942814216,0.0,437.379241960937,-1.57040424732845e-14,0.0,-8.38844993820851e-31,0.0,34280.8925170032,2728.14432989691
5631,2633.71134020619,5649.88865979381,0.0,0.0,-1.8586287956139e-14,0.0,-8.62897552022454e-31,0.0,38939.2257170032,2633.71134020619
5632,2629.69072164948,5353.02427835052,0.0,0.0,1.53188620398335e-13,0.0,6.53251779739682e-30,0.0,43352.7942345032,2629.69072164948
5633,2539.48453608247,820.806163917526,0.0,0.0,2.12943610645819e-13,0.0,-8.204542809627319e-30,0.0,44029.5489166532,2539.48453608247
5634,495.2922,0.0,0.0,0.0,2266.28472623139,0.0,-1.75599473226684e-13,0.0,41433.575576182,2761.5769262313897
5635,0.0,0.0,0.0,0.0,2880.06872852234,0.0,-9.81116188673739e-14,0.0,38134.5277771873,2880.06872852234
5636,0.0,0.0,0.0,0.0,2914.08934707904,0.0,-8.759199703853141e-14,0.0,34796.5101974862,2914.08934707904
5637,0.0,0.0,0.0,0.0,2826.34593356243,0.0,1.0324602672107099e-13,0.0,31559.0005370482,2826.34593356243
5638,0.0,0.0,0.0,0.0,2886.94158075601,0.0,-2.7158823491014e-14,0.0,28252.0800550825,2886.94158075601
5639,0.0,0.0,0.0,0.0,2820.16036655212,0.0,-1.30959846759722e-13,0.0,25021.6558093184,2820.16036655212
5640,0.0,0.0,0.0,0.0,2780.7560137457,0.0,-4.64468356864499e-14,0.0,21836.3682792546,2780.7560137457
5641,0.0,0.0,0.0,0.0,2861.39747995418,0.0,-1.02237511825446e-13,0.0,18558.7079356644,2861.39747995418
5642,0.0,0.0,0.0,0.0,2877.20504009164,0.0,4.65619550043719e-15,0.0,15262.940421241,2877.20504009164
5643,0.0,0.0,0.0,0.0,3029.78235967927,0.0,4.8128225599838104e-14,0.0,11792.3993448616,3029.78235967927
5644,0.0,0.0,0.0,0.0,2878.6941580756,0.0,1.70641623778912e-13,0.0,8494.9260824611,2878.6941580756
5645,333.55101,0.0,0.0,0.0,2178.07046998855,0.0,1.83494233976213e-13,0.0,6000.0,2511.62147998855
5646,2137.83505154639,-9.02700401024965e-14,9.02700401024965e-14,1187.78854845361,-6.49753367603158e-14,0.0,-2.7912355743561897e-30,0.0,6000.0,2137.83505154639
5647,2126.59793814433,2064.90436082474,0.0,3810.55670103093,-2.05961821969993e-13,-7.64294306540785e-14,-2.89021658781897e-30,0.0,7702.5136455,2126.59793814433
5648,2218.14432989691,6120.85196907216,0.0,3810.55670103093,1.77090700405494e-13,-7.64294306540785e-14,-5.81960612213911e-30,0.0,12749.156094,2218.14432989691
5649,2211.34020618557,4321.41009278351,0.0,3810.55670103093,-1.8774829603882e-13,-7.64294306540785e-14,9.56323626859292e-32,0.0,16312.1587155,2211.34020618557
5650,2319.17525773196,10700.7570412371,0.0,3810.55670103093,-2.2612914953342998e-13,-7.64294306540785e-14,-9.41363304260631e-30,0.0,25134.932896,2319.17525773196
5651,2395.87628865979,11247.2760103093,0.0,3810.55670103093,1.20007136375198e-13,-7.64294306540785e-14,-2.66458908476933e-30,0.0,34408.3119665,2395.87628865979
5652,2615.05154639175,7188.90175257732,0.0,3810.55670103093,-1.70217363033499e-13,-7.64294306540785e-14,9.39115602634656e-30,0.0,40335.5614615,2615.05154639175
5653,2644.74226804124,9786.29003092783,0.0,3810.55670103093,-9.63848900997801e-14,-7.64294306540785e-14,1.0530981661594198e-30,0.0,48404.357592,2644.74226804124
5654,2958.76288659794,7456.24241237114,0.0,3810.55670103093,5.3843030681014505e-14,-7.64294306540785e-14,-1.5199426980883699e-30,0.0,54552.029461,2958.76288659794
5655,2997.42268041237,4452.1786185567,0.0,3810.55670103093,-1.95009918446387e-13,-7.64294306540785e-14,1.09122156369312e-29,0.0,58222.850732,2997.42268041237
5656,2961.54639175258,0.0,0.0,2263.24460824742,5.39279876985222e-14,1719.23565864834,4.49205035322376e-31,0.0,56253.5086258736,2961.54639175258
5657,2469.1329,0.0,0.0,-7.475724160666341e-14,402.452562428408,4233.95189003436,2.60152010917394e-16,0.0,50942.6215096505,2871.585462428408
5658,241.02546,0.0,0.0,0.0,2798.0587672394,4233.95189003436,-1.7829283157901499e-13,0.0,42887.6264841365,3039.0842272394
5659,0.0,0.0,0.0,0.0,3125.54410080183,4233.95189003436,-1.3451010243272499e-13,0.0,34457.5050742439,3125.54410080183
5660,0.0,0.0,0.0,0.0,3021.3058419244,4233.95189003436,5.49343785428469e-14,0.0,26146.7860227448,3021.3058419244
5661,0.0,0.0,0.0,0.0,2814.31844215349,4233.95189003436,-2.09213651875588e-14,0.0,18073.1659400553,2814.31844215349
5662,0.0,0.0,0.0,0.0,2949.36998854525,4233.95189003436,-4.43283276955504e-14,0.0,9844.84763698591,2949.36998854525
5663,0.0,0.0,0.0,0.0,2970.44673539519,386.105251693512,1.53524209763481e-13,0.0,6000.0,2970.44673539519
5664,0.0,0.0,0.0,0.0,0.0,0.0,2443.7,0.0,12000.0,2443.7
5665,0.0,0.0,0.0,0.0,0.0,0.0,2578.8,0.0,12000.0,2578.8
5666,0.0,0.0,0.0,0.0,0.0,0.0,2496.1,0.0,12000.0,2496.1
5667,0.0,0.0,0.0,0.0,0.0,0.0,2472.3,0.0,12000.0,2472.3
5668,0.0,0.0,0.0,0.0,0.0,0.0,2387.1,0.0,12000.0,2387.1
5669,156.36855,0.0,0.0,0.0,2358.66656319495,0.0,360.706596830806,0.0,9298.20554044106,2875.741710025756
5670,2673.19587628866,255.91082371134,0.0,0.0,1.33680391474427e-13,0.0,1.03348836645183e-29,0.0,9509.20401459106,2673.19587628866
5671,1606.7571,0.0,0.0,0.0,1139.11295876289,0.0,-4.14049009145094e-14,0.0,8204.37817408375,2745.87005876289
5672,2096.3514,0.0,0.0,0.0,684.810013745705,0.0,3.14571657855568e-14,0.0,7419.94516864766,2781.161413745705
5673,2711.54639175258,11941.1046082474,0.0,0.0,4.62975889038476e-14,0.0,-1.19255818414006e-30,0.0,17265.3859181477,2711.54639175258
5674,1814.9196,0.0,0.0,0.0,1092.5864696449,0.0,8.079912684957161e-15,0.0,16013.8550250836,2907.5060696449
5675,2807.31958762887,665.981412371134,0.0,0.0,-1.32874873086206e-14,0.0,-4.22766937000944e-31,0.0,16562.9566995836,2807.31958762887
5676,2839.07216494845,984.983135051547,0.0,0.0,-2.31097142238702e-13,0.0,1.28171086695644e-29,0.0,17375.0752944336,2839.0721649484494
5677,2787.11340206186,13277.0255979381,0.0,0.0,1.6841144954282299e-13,0.0,-3.38639931896386e-30,0.0,28321.9828999336,2787.11340206186
5678,2949.38144329897,2935.36755670103,0.0,0.0,-7.66687786959953e-14,0.0,3.3726621970179594e-30,0.0,30742.1934504336,2949.38144329897
5679,2854.94845360825,8086.89154639175,0.0,0.0,-7.95510241788498e-14,0.0,-2.1607949232471798e-30,0.0,37409.8355304336,2854.94845360825
5680,2841.75257731959,736.579322680413,0.0,0.0,1.80497162151933e-13,0.0,-2.7085985075677597e-30,0.0,38017.1451819836,2841.75257731959
5681,1375.1751,0.0,0.0,0.0,1560.6874604811,0.0,1.9597989827391e-14,0.0,36229.4161321771,2935.8625604811
5682,46.90959,0.0,0.0,0.0,2918.55406380298,0.0,1.0295507391298599e-13,0.0,32886.2843294245,2965.4636538029804
5683,0.0,0.0,0.0,0.0,3091.98167239404,0.0,-1.60035572931616e-13,0.0,29344.4954721576,3091.98167239404
5684,0.0,0.0,0.0,0.0,3090.37800687285,0.0,-8.227662461224691e-14,0.0,25804.5435742506,3090.37800687285
5685,0.0,0.0,0.0,0.0,2866.43757159221,0.0,-1.44520062456635e-13,0.0,22521.109929815,2866.43757159221
5686,0.0,0.0,0.0,0.0,2897.47995418099,0.0,-1.2672977342344e-13,0.0,19202.1180006272,2897.47995418099
5687,0.0,0.0,0.0,0.0,3098.28178694158,0.0,1.69667447712636e-13,0.0,15653.1125173035,3098.28178694158
5688,0.0,0.0,0.0,0.0,0.0,0.0,2641.7,0.0,15653.1125173035,2641.7
5689,0.0,0.0,0.0,0.0,0.0,0.0,2609.3,0.0,15653.1125173035,2609.3
5690,0.0,0.0,0.0,0.0,0.0,0.0,2544.3,0.0,15653.1125173035,2544.3
5691,0.0,0.0,0.0,0.0,3018.09851088202,0.0,-1.86542162142299e-13,0.0,12195.9550019747,3018.09851088202
5692,0.0,0.0,0.0,0.0,2875.14318442153,0.0,3.96680789272735e-14,0.0,8902.54929244262,2875.14318442153
5693,282.76599,0.0,0.0,0.0,2533.92553230241,0.0,9.09031526182645e-14,0.0,6000.0,2816.69152230241
5694,2676.39175257732,1.1348853949704999e-13,-1.1348853949704999e-13,218.433947422681,8.168774561177221e-14,0.0,-4.588058845713409e-30,0.0,6000.0,2676.39175257732
5695,2683.9175257732,777.309773195876,0.0,3810.55670103093,2.17351935887608e-13,0.0,-8.95401851994594e-30,0.0,6640.891908,2683.9175257732
5696,2592.98969072165,4940.73460824742,0.0,3810.55670103093,1.66339547167703e-14,0.0,6.74131626780175e-32,0.0,10714.5275925,2592.98969072165
5697,2680.1030927835,7971.08620618557,0.0,3810.55670103093,8.701004054561371e-14,0.0,-1.2311815801810201e-31,0.0,17286.6881695,2680.1030927835
5698,2711.44329896907,9709.527,0.0,3810.55670103093,-6.30949547728117e-14,0.0,-4.41610425332817e-30,0.0,25292.193181,2711.44329896907
5699,2703.60824742268,10553.0150515464,0.0,3810.55670103093,-2.1661941760331902e-14,0.0,7.91402333891849e-31,0.0,33993.154091,2703.60824742268
5700,2744.32989690722,2165.08440206186,0.0,3810.55670103093,-4.12551277017476e-14,0.0,-1.30081813429243e-31,0.0,35778.2661805,2744.32989690722
5701,2647.01030927835,4065.37398969072,0.0,3810.55670103093,-1.53614873878769e-13,0.0,-5.3468281742297095e-30,0.0,39130.167035,2647.01030927835
5702,2744.43298969072,775.801309278351,0.0,3810.55670103093,6.81374159749117e-14,0.0,-2.4159403063046796e-30,0.0,39769.8152145,2744.43298969072
5703,2609.8969072165,610.778391752577,0.0,3810.55670103093,-2.38091936680171e-13,0.0,5.080157434693909e-30,0.0,40273.4019985,2609.8969072165
5704,2637.62886597938,0.0,0.0,201.309834020619,2.21148151062515e-13,0.0,-9.22495412579396e-30,0.0,40273.4019985,2637.62886597938
5705,570.9795,0.0,0.0,0.0,2292.4970045819,0.0,1.98249411561914e-13,0.0,37647.4031387269,2863.4765045819
5706,152.14602,0.0,0.0,0.0,2756.26387239404,0.0,-1.66088895752392e-13,0.0,34490.1707533958,2908.40989239404
5707,0.0,0.0,0.0,0.0,2963.23024054983,0.0,1.93074410220628e-13,0.0,31095.8634904521,2963.23024054983
5708,0.0,0.0,0.0,0.0,3050.4009163803,0.0,-1.36007825594965e-13,0.0,27601.7043651597,3050.4009163803
5709,0.0,0.0,0.0,0.0,2936.65521191294,1592.21689131134,-6.29955550623277e-14,0.0,22413.9929067126,2936.65521191294
5710,0.0,0.0,0.0,0.0,3016.15120274914,4233.95189003436,5.9472695573158e-14,0.0,14109.1783674417,3016.15120274914
5711,0.0,0.0,0.0,0.0,2845.36082474227,4233.95189003436,-3.1310761543638905e-15,0.0,6000.0,2845.36082474227
5712,0.0,0.0,0.0,0.0,0.0,0.0,2486.5,0.0,12000.0,2486.5
5713,0.0,0.0,0.0,0.0,0.0,0.0,2520.8,0.0,12000.0,2520.8
5714,0.0,0.0,0.0,0.0,0.0,0.0,2443.3,0.0,12000.0,2443.3
5715,0.0,0.0,0.0,0.0,0.0,0.0,2390.7,0.0,12000.0,2390.7
5716,0.0,0.0,0.0,0.0,0.0,0.0,2105.9,0.0,12000.0,2105.9
5717,0.0,0.0,0.0,0.0,0.0,0.0,2289.1,0.0,12000.0,2289.1
5718,0.0,0.0,0.0,0.0,0.0,0.0,2560.7,0.0,12000.0,2560.7
5719,92.1882,0.0,0.0,0.0,0.0,0.0,2389.477446,0.0,12000.0,2481.665646
5720,1501.1724,0.0,0.0,0.0,0.0,0.0,1153.362772,0.0,12000.0,2654.535172
5721,604.5312,0.0,0.0,0.0,0.0,0.0,1957.404736,0.0,12000.0,2561.935936
5722,537.7788,0.0,0.0,0.0,0.0,0.0,2048.454564,0.0,12000.0,2586.233364
5723,2556.6684,0.0,0.0,0.0,1.75446964490269,0.0,-3.35207956593871e-17,0.0,11997.9902982304,2558.4228696449027
5724,2599.17525773196,4767.88574226804,0.0,0.0,0.0,0.0,1.60205411365374e-13,0.0,15929.1120927304,2599.17525773196
5725,497.2305,0.0,0.0,0.0,0.0,0.0,1985.786415,0.0,15929.1120927304,2483.016915
5726,2496.70103092784,1462.57896907217,0.0,0.0,0.0,0.0,1.65032706858837e-14,0.0,17135.0084527304,2496.70103092784
5727,2556.18556701031,1446.85243298969,0.0,0.0,0.0,0.0,-2.13832891828583e-13,0.0,18327.9382837304,2556.18556701031
5728,869.1462,0.0,0.0,0.0,1935.0838327606,0.0,-2.7258046783699203e-14,0.0,16111.3474100069,2804.2300327606
5729,321.09714,0.0,0.0,0.0,2564.07305177549,0.0,1.59623555354528e-13,0.0,13174.2648764725,2885.17019177549
5730,0.0,0.0,0.0,0.0,0.0,0.0,2499.1,0.0,13174.2648764725,2499.1
5731,0.0,0.0,0.0,0.0,0.0,0.0,2449.4,0.0,13174.2648764725,2449.4
5732,0.0,0.0,0.0,0.0,0.0,0.0,2420.2,0.0,13174.2648764725,2420.2
5733,0.0,0.0,0.0,0.0,2759.10652920962,0.0,1.4450852122411102e-14,0.0,10013.7762977673,2759.10652920962
5734,0.0,0.0,0.0,0.0,2629.8969072165,0.0,-7.21806669417608e-14,0.0,7001.29415891684,2629.8969072165
5735,0.0,0.0,0.0,0.0,874.129800734399,0.0,1504.18468395887,0.0,6000.0,2378.314484693269
5736,0.0,0.0,0.0,0.0,0.0,0.0,2248.7,0.0,6000.0,2248.7
5737,0.0,0.0,0.0,0.0,0.0,0.0,2297.6,0.0,6000.0,2297.6
5738,0.0,0.0,0.0,0.0,0.0,0.0,2370.1,0.0,6000.0,2370.1
5739,0.0,0.0,0.0,0.0,0.0,0.0,2247.1,0.0,6000.0,2247.1
5740,0.0,0.0,0.0,0.0,0.0,0.0,1888.6,0.0,6000.0,1888.6
5741,227.16642,0.0,0.0,0.0,0.0,0.0,1790.3485726,0.0,6000.0,2017.5149926
5742,2248.0412371134,-7.112315681239041e-14,7.112315681239041e-14,675.461162886598,-5.1193630357255304e-14,0.0,1.0513324353411899e-30,0.0,6000.0,2248.0412371134
5743,2109.07216494845,1470.48113402062,-4.54747350886464e-13,3810.55670103093,-1.49197528509195e-13,1.49197528509195e-13,-8.494425013454519e-30,0.0,7212.411695,2109.07216494845
5744,2242.78350515464,5445.26379381443,0.0,3810.55670103093,-2.28460747680586e-13,2.28460747680586e-13,1.00450014606911e-29,0.0,11702.031693,2242.7835051546394
5745,2294.43298969072,3385.38730927835,9.09494701772928e-13,3810.55670103093,5.44026981444974e-14,-5.44026981444974e-14,-9.635904516862351e-31,0.0,14493.2835295,2294.43298969072
5746,2300.20618556701,10122.7531134021,0.0,3810.55670103093,-2.1629007805396799e-13,2.1629007805396799e-13,-9.34566824275627e-30,0.0,22839.4934715,2300.20618556701
5747,2302.0618556701,10802.188443299,0.0,3810.55670103093,-2.05815402221301e-13,2.05815402221301e-13,-4.35408233418716e-30,0.0,31745.897843,2302.0618556701
5748,2278.65979381443,10976.9105051546,0.0,3810.55670103093,2.78761804927977e-14,-2.78761804927977e-14,7.184720915021551e-31,0.0,40796.3605545,2278.65979381443
5749,2387.01030927835,10273.6149896907,0.0,3810.55670103093,4.68102677946843e-14,-4.68102677946843e-14,-4.21719239990203e-31,0.0,49266.9561135,2387.01030927835
5750,2365.67010309278,8482.27419587629,0.0,3810.55670103093,4.486779376475481e-15,-4.486779376475481e-15,6.79235500290791e-32,0.0,56260.591188,2365.67010309278
5751,2290.61855670103,5460.60874226804,0.0,3810.55670103093,-6.03121404660034e-14,6.03121404660034e-14,2.3667319155574397e-30,0.0,60762.863096,2290.61855670103
5752,2201.9587628866,1300.29653608247,0.0,3810.55670103093,1.87014728902463e-13,-1.87014728902463e-13,-3.7824935888783194e-30,0.0,61834.95759,2201.9587628866
5753,2174.0206185567,0.0,4.54747350886464e-13,698.606281443298,0.0,3457.7226884307,1.2452810832908999e-14,0.0,57874.2214062306,2174.0206185567
5754,271.77111,0.0,0.0,-7.475724160666341e-14,2277.06990068729,4233.95189003436,1.35945830604941e-14,0.0,50416.0062965838,2548.8410106872902
5755,0.0,0.0,0.0,0.0,2726.57502863688,4233.95189003436,1.69916658572044e-13,0.0,42442.8941331574,2726.57502863688
5756,0.0,0.0,0.0,0.0,2621.19129438717,4233.95189003436,1.40625628998214e-13,0.0,34590.4964419529,2621.19129438717
5757,0.0,0.0,0.0,0.0,2759.45017182131,4233.95189003436,-9.60521437110961e-14,0.0,26579.7266116486,2759.45017182131
5758,0.0,0.0,0.0,0.0,2676.28865979381,4233.95189003436,-4.7996649037795804e-14,0.0,18664.2162452933,2676.28865979381
5759,0.0,0.0,0.0,0.0,2701.83276059565,4233.95189003436,2.70820392966365e-14,0.0,10719.4457405624,2701.83276059565
5760,0.0,0.0,0.0,0.0,680.840778923253,0.0,1705.526,0.0,11220.1136552998,2386.366778923253
5761,0.0,0.0,0.0,0.0,0.0,0.0,2256.7,0.0,11220.1136552998,2256.7
5762,0.0,0.0,0.0,0.0,0.0,0.0,2245.9,0.0,11220.1136552998,2245.9
5763,0.0,0.0,0.0,0.0,2481.21420389462,0.0,-3.74292344604494e-14,0.0,8377.94389138847,2481.21420389462
5764,0.0,0.0,0.0,0.0,2075.94501718213,0.0,1.0691526778071799e-13,0.0,6000.0,2075.94501718213
5765,172.3059,0.0,0.0,0.0,0.0,0.0,1664.963277,0.0,6000.0,1837.269177
5766,1890.30927835052,864.529821649485,0.0,0.0,8.89493680193393e-14,0.0,-4.38583299583154e-30,0.0,6712.80483795,1890.30927835052
5767,2041.64948453608,1956.63051546392,0.0,0.0,3.88738139665683e-14,0.0,-1.8242124072173397e-30,0.0,8326.04669795,2041.64948453608
5768,2026.70103092784,7126.28696907217,0.0,0.0,-9.96214378112038e-14,0.0,1.88038601840958e-30,0.0,14201.67030395,2026.70103092784
5769,2097.11340206186,6751.51859793814,0.0,0.0,-6.10092075503938e-14,0.0,8.76124286617291e-31,0.0,19768.29738795,2097.11340206186
5770,2081.44329896907,6378.24170103093,0.0,0.0,-2.22967070318834e-13,0.0,-3.60199979914009e-30,0.0,25027.15767045,2081.44329896907
5771,1957.21649484536,11885.4988041237,0.0,3810.55670103093,1.04014030271973e-13,0.0,-4.523155848291789e-30,0.0,34826.75143445,1957.21649484536
5772,2057.31958762887,12638.8534611033,0.0,2881.94595126786,2.24272261832249e-13,0.0,5.42185381064088e-30,0.0,45247.4861131296,2057.31958762887
5773,2041.03092783505,4964.77307216495,0.0,0.0,1.24803746652559e-13,0.0,4.23542027471356e-30,0.0,49340.9415111296,2041.0309278350503
5774,1957.52577319588,12227.7492268041,0.0,0.0,-6.52696446505957e-14,0.0,1.4911508447394998e-31,0.0,59422.7207486296,1957.52577319588
5775,2122.57731958763,8851.08668041237,0.0,0.0,-4.98139703470127e-14,0.0,1.7416699131891498e-30,0.0,66720.4417166296,2122.57731958763
5776,1092.8736,0.0,0.0,0.0,1154.42452233677,0.0,-8.04859742900689e-14,0.0,65398.0768571374,2247.2981223367697
5777,2299.27835051546,191.312349484536,0.0,0.0,-2.05900359238809e-13,0.0,-6.323230067597909e-30,0.0,65555.8138892874,2299.27835051546
5778,249.64251,0.0,0.0,0.0,2370.61485143184,0.0,7.33326552396673e-14,0.0,62840.3329598122,2620.2573614318403
5779,0.0,0.0,0.0,0.0,2813.40206185567,0.0,-4.8662581410042704e-14,0.0,59617.6501856361,2813.40206185567
5780,0.0,0.0,0.0,0.0,2957.73195876289,0.0,1.92609895959284e-13,0.0,56229.6410690693,2957.73195876289
5781,0.0,0.0,0.0,0.0,2923.94043528064,0.0,-2.3909868866524e-14,0.0,52880.3393104431,2923.94043528064
5782,0.0,0.0,0.0,0.0,2639.40435280641,0.0,4.42515435011728e-14,0.0,49856.966626816,2639.40435280641
5783,0.0,0.0,0.0,0.0,2850.51546391753,0.0,5.0083520377906e-14,0.0,46591.7713645967,2850.51546391753
5784,0.0,0.0,0.0,0.0,2815.46391752577,0.0,-1.4142737839946e-13,0.0,43366.7267855293,2815.46391752577
5785,0.0,0.0,0.0,0.0,2802.29095074456,0.0,-1.45088757096189e-13,0.0,40156.7715154897,2802.29095074456
5786,0.0,0.0,0.0,0.0,2543.41351660939,0.0,9.36484907693991e-14,0.0,37243.3539706909,2543.41351660939
5787,0.0,0.0,0.0,0.0,2705.84192439863,0.0,-1.38438874720495e-13,0.0,34143.8786850109,2705.84192439863
5788,0.0,0.0,0.0,0.0,2617.75486827033,0.0,4.73963177474529e-14,0.0,31145.3049527425,2617.75486827033
5789,39.33969,0.0,0.0,0.0,2681.37514398625,0.0,-3.4223732399385405e-15,0.0,28073.8557614638,2720.7148339862497
5790,0.0,0.0,0.0,0.0,2680.18327605956,0.0,3.02268135429166e-14,0.0,25003.7718255422,2680.18327605956
5791,0.0,0.0,0.0,0.0,2739.40435280641,0.0,-1.7066631778418499e-13,0.0,21865.8516046872,2739.40435280641
5792,122.52513,0.0,0.0,0.0,2415.6364534937,0.0,-4.3491673311747205e-15,0.0,19098.7995388296,2538.1615834937
5793,2199.17525773196,0.0,0.0,3679.25574226804,1.71302715153462e-13,0.0,-2.51063327604907e-31,0.0,19098.7995388296,2199.17525773196
5794,2257.73195876289,1855.30234020619,0.0,3810.55670103093,-8.21519675370675e-14,0.0,3.59011403772205e-30,0.0,20628.4963183296,2257.73195876289
5795,2346.18556701031,0.0,0.0,1309.41313298969,-5.8616146672053e-14,0.0,2.20945517951723e-32,0.0,20628.4963183296,2346.18556701031
5796,2361.85567010309,142.155628865979,0.0,3810.55670103093,-1.25855115965519e-13,0.0,6.347170688616e-31,0.0,20745.7036343296,2361.85567010309
5797,2183.09278350515,3205.61521649485,0.0,0.0,-1.99028490259709e-13,0.0,8.279748126830409e-30,0.0,23388.7333803296,2183.09278350515
5798,2369.17525773196,2769.89374226804,0.0,0.0,-2.24603069774495e-13,0.0,6.34105237506411e-30,0.0,25672.5107708296,2369.17525773196
5799,2278.76288659794,962.180013402062,0.0,0.0,1.37268724169457e-13,0.0,-7.07679096343683e-30,0.0,26465.8281918796,2278.76288659794
5800,2185.87628865979,616.733911340206,0.0,0.0,-1.98943533242201e-13,0.0,1.02488958602412e-29,0.0,26974.3253017796,2185.87628865979
5801,552.5325,0.0,0.0,0.0,1881.03490836197,0.0,7.66148905804082e-15,0.0,24819.646139853,2433.56740836197
5802,12.888564,0.0,0.0,0.0,2567.80995752577,0.0,1.57356456678183e-13,0.0,21878.2830728131,2580.69852152577
5803,0.0,0.0,0.0,0.0,2572.27949599084,0.0,5.0953516065971703e-14,0.0,18931.8002595361,2572.27949599084
5804,0.0,0.0,0.0,0.0,2634.70790378007,0.0,3.37840118614353e-14,0.0,15913.8072426059,2634.70790378007
5805,0.0,0.0,0.0,0.0,2632.18785796105,0.0,2.60488303957392e-14,0.0,12898.7008760984,2632.18785796105
5806,0.0,0.0,0.0,0.0,3013.40206185567,0.0,-1.97009693782036e-13,0.0,9446.92302746648,3013.40206185567
5807,0.0,0.0,0.0,0.0,3009.16380297824,0.0,-1.64730160529242e-13,0.0,6000.0,3009.16380297824
5808,0.0,0.0,0.0,0.0,0.0,0.0,2528.0,0.0,12000.0,2528.0
5809,0.0,0.0,0.0,0.0,0.0,0.0,2551.5,0.0,12000.0,2551.5
5810,0.0,0.0,0.0,0.0,0.0,0.0,2499.0,0.0,12000.0,2499.0
5811,0.0,0.0,0.0,0.0,0.0,0.0,2558.0,0.0,12000.0,2558.0
5812,0.0,0.0,0.0,0.0,0.0,0.0,2505.1,0.0,12000.0,2505.1
5813,0.0,0.0,0.0,0.0,0.0,0.0,2378.8,0.0,12000.0,2378.8
5814,0.0,0.0,0.0,0.0,0.0,0.0,2575.2,0.0,12000.0,2575.2
5815,245.9925,0.0,0.0,0.0,2434.09357617411,0.0,175.623583000001,0.0,9211.80575466883,2855.7096591741106
5816,1698.1536,0.0,0.0,0.0,1030.00115463918,0.0,-9.23030520378646e-14,0.0,8031.96479861021,2728.1547546391803
5817,1064.31,0.0,0.0,0.0,1773.90526918671,0.0,3.0663303485999e-14,0.0,6000.0,2838.21526918671
5818,2691.13402061856,12607.2399793814,0.0,0.0,-6.415618329521071e-15,0.0,-2.81975717989433e-31,0.0,16394.669363,2691.13402061856
5819,2642.98969072165,13852.1383092784,0.0,0.0,2.5329777442115702e-15,0.0,-2.62661029636406e-32,0.0,27815.757399,2642.98969072165
5820,2793.29896907217,13600.5850309278,0.0,0.0,-1.54358929535806e-13,0.0,4.3958600187049594e-30,0.0,39029.439757,2793.29896907217
5821,2688.45360824742,3620.06939175258,0.0,0.0,1.18519025061124e-13,0.0,-5.2168309471541795e-30,0.0,42014.1869705,2688.45360824742
5822,2814.53608247423,10106.9829175258,0.0,0.0,-2.0580092806276299e-13,0.0,3.44620000790872e-30,0.0,50347.394386,2814.53608247423
5823,2786.59793814433,193.31406185567,0.0,0.0,1.11096508746326e-13,0.0,-7.3666426863665106e-31,0.0,50506.78183,2786.59793814433
5824,378.68688,0.0,0.0,0.0,2638.34332920962,0.0,1.81128611361476e-13,0.0,47484.6245227725,3017.03020920962
5825,568.6824,0.0,0.0,0.0,2387.83284306987,0.0,-4.98732915533575e-14,0.0,44749.4208079158,2956.51524306987
5826,193.07886,0.0,0.0,0.0,2842.74170194731,0.0,-1.85489416356526e-13,0.0,41493.1301985833,3035.82056194731
5827,0.0,0.0,0.0,0.0,3249.82817869416,0.0,3.21482008635139e-14,0.0,37770.5320557492,3249.82817869416
5828,0.0,0.0,0.0,0.0,3195.87628865979,0.0,4.25115521250415e-14,0.0,34109.7344742374,3195.87628865979
5829,0.0,0.0,0.0,0.0,294.570110740062,0.0,2499.34029332393,0.0,33772.311666975,2793.910404063992
5830,0.0,0.0,0.0,0.0,3307.90378006873,0.0,-1.05991830814267e-13,0.0,29983.189353036,3307.90378006873
5831,0.0,0.0,0.0,0.0,3133.67697594502,0.0,-1.46319086667388e-13,0.0,26393.6395524117,3133.67697594502
5832,0.0,0.0,0.0,0.0,2928.52233676976,0.0,-1.08939484390245e-13,0.0,23039.0893384716,2928.52233676976
5833,0.0,0.0,0.0,0.0,2943.18442153494,0.0,1.18460236147539e-13,0.0,19667.7440675266,2943.18442153494
5834,0.0,0.0,0.0,0.0,2888.54524627721,0.0,-1.04917771810383e-13,0.0,16358.9866262011,2888.54524627721
5835,0.0,0.0,0.0,0.0,2891.06529209622,0.0,1.84306019854035e-13,0.0,13047.3425344528,2891.06529209622
5836,0.0,0.0,0.0,0.0,2767.35395189003,0.0,1.55891928613787e-13,0.0,9877.40673618246,2767.35395189003
5837,27.098448,0.0,0.0,0.0,2916.96965113402,0.0,-1.16690711047458e-13,0.0,6536.08983912172,2944.06809913402
5838,2277.5571,0.0,0.0,0.0,468.006429553264,0.0,-3.7729705057052205e-15,0.0,6000.0,2745.563529553264
5839,2674.63917525773,4.70452203058183e-14,-4.70452203058183e-14,3504.71582474227,1.80605613455764e-13,0.0,4.66271043903267e-30,0.0,6000.0,2674.63917525773
5840,2530.82474226804,0.0,0.0,3356.03025773196,-1.46743004899669e-13,0.0,9.256150020198609e-30,0.0,6000.0,2530.82474226804
5841,2660.61855670103,6557.55474226804,0.0,3810.55670103093,5.51612279600725e-14,-7.64294306540785e-14,2.6034082595385197e-30,0.0,11406.703885,2660.61855670103
5842,2724.63917525773,8070.77212371134,0.0,3810.55670103093,1.97758749946193e-13,-7.64294306540785e-14,-7.12080038623526e-30,0.0,18061.055501,2724.63917525773
5843,2604.74226804124,9024.48903092783,0.0,3810.55670103093,2.14935380722944e-13,-7.64294306540785e-14,8.53546824994068e-30,0.0,25501.746707,2604.74226804124
5844,2855.25773195876,8698.35256701031,0.0,3810.55670103093,-2.41021170735672e-13,-7.64294306540785e-14,1.07799961363036e-29,0.0,32673.5383985,2855.2577319587595
5845,2649.07216494845,7866.28013402062,0.0,3810.55670103093,7.56448893072171e-14,-7.64294306540785e-14,-4.9269592514114596e-30,0.0,39159.286369,2649.07216494845
5846,2804.53608247423,2400.03021649485,0.0,3810.55670103093,-1.33724443261283e-14,-7.64294306540785e-14,3.6278761062007904e-31,0.0,41138.1112825,2804.53608247423
5847,2554.53608247423,0.0,0.0,2537.81091752577,-2.10028431208029e-14,1414.16198167239,9.83755316735253e-32,0.0,39518.2235600803,2554.53608247423
5848,55.38858,0.0,0.0,0.0,2570.98863390607,2478.685352028,1.22346557123454e-13,0.0,33733.9463711524,2626.3772139060698
5849,0.0,0.0,0.0,0.0,2823.3676975945,0.0,5.27637803628425e-14,0.0,30499.8482066684,2823.3676975945
5850,150.09813,0.0,0.0,0.0,2685.6870720504,0.0,1.7939372133932799e-13,0.0,27423.4598079853,2835.7852020504
5851,0.0,0.0,0.0,0.0,2853.49369988545,0.0,4.28128531735536e-14,0.0,24154.8530498118,2853.49369988545
5852,0.0,0.0,0.0,0.0,2883.73424971363,0.0,1.28359073147723e-13,0.0,20851.6064865659,2883.73424971363
5853,0.0,0.0,0.0,0.0,2895.53264604811,0.0,6.15321707294358e-14,0.0,17534.8451508865,2895.53264604811
5854,0.0,0.0,0.0,0.0,2917.18213058419,0.0,6.34482920574783e-16,0.0,14193.2848638485,2917.18213058419
5855,0.0,0.0,0.0,0.0,2918.78579610538,4233.95189003436,-7.71244653987939e-14,0.0,6000.0,2918.78579610538
5856,0.0,0.0,0.0,0.0,0.0,0.0,2492.6,0.0,12000.0,2492.6
5857,0.0,0.0,0.0,0.0,0.0,0.0,2601.4,0.0,12000.0,2601.4
5858,0.0,0.0,0.0,0.0,2389.20274914089,0.0,493.126,0.0,9263.22709147664,2882.32874914089
5859,0.0,0.0,0.0,0.0,0.0,0.0,2513.2,0.0,9263.22709147664,2513.2
5860,0.0,0.0,0.0,0.0,0.0,0.0,2393.0,0.0,9263.22709147664,2393.0
5861,0.0,0.0,0.0,0.0,0.0,0.0,2501.1,0.0,9263.22709147664,2501.1
5862,0.0,0.0,0.0,0.0,2848.79725085911,0.0,3.23453215338161e-14,0.0,6000.0,2848.79725085911
5863,2544.32989690722,879.574402061854,0.0,3810.55670103093,-4.73594467374872e-14,0.0,-2.5453733014119e-30,0.0,6725.2090945,2544.32989690722
5864,2671.9587628866,5193.53853608248,0.0,3810.55670103093,-1.99734577471884e-13,0.0,9.187261626796459e-30,0.0,11007.2816175,2671.9587628866
5865,2613.09278350515,8597.70751546392,0.0,3810.55670103093,2.15190251775467e-13,0.0,-7.59470679808126e-30,0.0,18096.091464,2613.09278350515
5866,2608.55670103093,0.0,0.0,3120.15329896907,-1.75624614984849e-13,0.0,-8.06174151888659e-30,0.0,18096.091464,2608.55670103093
5867,2578.86597938144,0.0,0.0,318.167120618557,-2.49457087918568e-13,0.0,-1.07424927828265e-29,0.0,18096.091464,2578.8659793814395
5868,2642.57731958763,2949.41497938144,0.0,3810.55670103093,5.46105806243743e-14,0.0,-3.5106511576980903e-31,0.0,20527.8841145,2642.57731958763
5869,2525.56701030928,14040.9074845387,0.0,369.353505152056,1.96891768826787e-13,0.0,9.487914766257279e-30,0.0,32104.6123355021,2525.56701030928
5870,2733.60824742268,6933.12675257732,0.0,0.0,-1.0929961538343499e-13,0.0,-2.8699713098398497e-30,0.0,37820.9753430021,2733.60824742268
5871,2721.13402061856,8534.34397938144,0.0,0.0,-9.40532919526239e-14,0.0,3.6320819111162394e-30,0.0,44857.5419540021,2721.13402061856
5872,2748.65979381443,4111.05020618557,0.0,0.0,1.3077465170525e-13,0.0,-6.00734668936582e-31,0.0,48247.1028490021,2748.65979381443
5873,2427.6135,0.0,0.0,0.0,258.665412371134,0.0,-6.2480413511936004e-15,0.0,47950.8079894705,2686.278912371134
5874,233.51133,0.0,0.0,0.0,2706.40780057274,0.0,9.71212582367058e-14,0.0,44850.6845065693,2939.91913057274
5875,0.0,0.0,0.0,0.0,2955.3264604811,0.0,-5.88696621042553e-14,0.0,41465.4308290423,2955.3264604811
5876,0.0,0.0,0.0,0.0,2843.8717067583,0.0,1.70125019328463e-13,0.0,38207.8458270282,2843.8717067583
5877,0.0,0.0,0.0,0.0,2741.46620847652,0.0,1.91316236112862e-13,0.0,35067.5638012819,2741.46620847652
5878,0.0,0.0,0.0,0.0,2816.15120274914,0.0,9.23139808199898e-14,0.0,31841.7319539174,2816.15120274914
5879,0.0,0.0,0.0,0.0,2785.56701030928,0.0,1.17270756679327e-13,0.0,28650.9335457739,2785.56701030928
5880,0.0,0.0,0.0,0.0,2704.46735395189,0.0,1.30314367925791e-13,0.0,25553.0327966882,2704.46735395189
5881,0.0,0.0,0.0,0.0,2797.82359679267,0.0,3.54380055909912e-14,0.0,22348.1947705797,2797.82359679267
5882,0.0,0.0,0.0,0.0,2674.22680412371,0.0,4.47681479516215e-14,0.0,19284.9338265663,2674.22680412371
5883,0.0,0.0,0.0,0.0,2709.73654066438,0.0,-6.02154121397824e-14,0.0,16180.9973538694,2709.73654066438
5884,0.0,0.0,0.0,0.0,2478.6941580756,0.0,-4.5164415926145504e-14,0.0,13341.7142403808,2478.6941580756
5885,54.8964,0.0,0.0,0.0,2780.58475601375,0.0,-1.20570958095787e-13,0.0,10156.6228818312,2835.48115601375
5886,2586.59793814433,54.8993618556701,0.0,0.0,1.04992189710587e-13,0.0,2.35744880544423e-30,0.0,10201.8874056812,2586.59793814433
5887,2592.57731958763,889.553979381443,0.0,3810.55670103093,6.8711557596933e-14,0.0,-5.0781148419337494e-30,0.0,10935.3246616812,2592.57731958763
5888,2592.88659793814,0.0,0.0,3506.59640206186,-1.08385645691383e-13,0.0,2.34444508817407e-30,0.0,10935.3246616812,2592.88659793814
5889,2655.77319587629,3335.11110309278,0.0,3810.55670103093,-1.89810548974915e-13,0.0,-1.08132440881969e-29,0.0,13685.1237661812,2655.77319587629
5890,2649.17525773196,3852.21904123711,0.0,3810.55670103093,2.0066448971536999e-13,0.0,3.8148179472195696e-30,0.0,16861.2783656812,2649.17525773196
5891,2649.07216494845,11546.3981340206,0.0,3810.55670103093,7.56448893072171e-14,0.0,-4.9269592514114596e-30,0.0,26381.2836271812,2649.07216494845
5892,2671.03092783505,0.0,0.0,1301.89907216495,-2.04971915388218e-13,0.0,-4.32734045161519e-30,0.0,26381.2836271812,2671.03092783505
5893,2622.57731958763,0.0,0.0,8.2417804123711,-5.01802294891571e-14,0.0,-4.930347773288961e-31,0.0,26381.2836271812,2622.57731958763
5894,2667.9381443299,0.0,0.0,1422.3428556701,-4.35867258489038e-14,0.0,-2.7090655583860597e-30,0.0,26381.2836271812,2667.9381443299
5895,2418.2106,0.0,0.0,0.0,122.950421534937,0.0,2.23634519175941e-15,0.0,26240.4469473016,2541.161021534937
5896,1520.0133,0.0,0.0,0.0,1066.42279381443,0.0,-6.7227249911258e-14,0.0,25018.8859005496,2586.43609381443
5897,2237.3169,0.0,0.0,0.0,285.569996563574,0.0,2.18235562893262e-14,0.0,24691.7725024241,2522.886896563574
5898,236.65785,0.0,0.0,0.0,2510.01361454754,0.0,9.95008761864603e-14,0.0,21816.6137228737,2746.67146454754
5899,0.0,0.0,0.0,0.0,2680.87056128293,0.0,-1.33026264561517e-13,0.0,18745.742518655,2680.87056128293
5900,0.0,0.0,0.0,0.0,2676.6323024055,0.0,-1.00746731308722e-13,0.0,15679.7261356017,2676.6323024055
5901,0.0,0.0,0.0,0.0,2868.95761741123,0.0,-1.9453779455352e-13,0.0,12393.4058407435,2868.95761741123
5902,0.0,0.0,0.0,0.0,2792.89805269187,0.0,-1.66023820375664e-13,0.0,9194.2099040976,2792.89805269187
5903,0.0,0.0,0.0,0.0,2788.54524627721,0.0,1.10000089474975e-13,0.0,6000.0,2788.54524627721
5904,0.0,0.0,0.0,0.0,0.0,0.0,2369.8,0.0,12000.0,2369.8
5905,0.0,0.0,0.0,0.0,0.0,0.0,2345.1,0.0,12000.0,2345.1
5906,0.0,0.0,0.0,0.0,0.0,0.0,2327.3,0.0,12000.0,2327.3
5907,0.0,0.0,0.0,0.0,2521.07674684994,0.0,-1.94701007766351e-13,0.0,9112.16867485688,2521.07674684994
5908,0.0,0.0,0.0,0.0,107.30126002291,0.0,2156.426,0.0,8989.25772408608,2263.72726002291
5909,0.0,0.0,0.0,0.0,2609.62199312715,0.0,1.4523884195354702e-15,0.0,6000.0,2609.62199312715
5910,2427.01030927835,81.9025907216487,0.0,0.0,-2.4888294629654597e-13,0.0,1.96517600539257e-29,0.0,6067.52868605,2427.0103092783497
5911,2370.51546391753,4800.76553608247,0.0,0.0,2.33831499579969e-13,0.0,5.21164248728985e-30,0.0,10025.75987055,2370.5154639175303
5912,2397.83505154639,8097.78559674896,9.09494701772928e-13,1067.80135170465,2.24247299153031e-13,0.0,-1.09864973605821e-29,0.0,16702.3840950695,2397.83505154639
5913,2417.62886597938,8620.01143298969,0.0,3810.55670103093,1.10253021913244e-13,0.0,-7.63406151208614e-31,0.0,23809.5835215695,2417.62886597938
5914,2364.0206185567,5203.28268041237,0.0,3810.55670103093,2.12797190897126e-13,0.0,-6.740677063259139e-30,0.0,28099.6900915695,2364.0206185567
5915,2372.98969072165,6079.73060824742,0.0,3810.55670103093,-9.42611744325008e-14,0.0,-2.48984798686373e-30,0.0,33112.4279780695,2372.98969072165
5916,2346.90721649485,6637.85108247423,0.0,3810.55670103093,2.33110938209256e-13,0.0,2.03564918934142e-29,0.0,38585.3361955695,2346.9072164948507
5917,2425.36082474227,3481.1274742268,0.0,3810.55670103093,-4.0572534775895404e-14,0.0,-9.30351964521427e-31,0.0,41455.5257980695,2425.36082474227
5918,2421.9587628866,3769.22953608248,0.0,3810.55670103093,-2.22992032998053e-13,0.0,2.02726727789109e-30,0.0,44563.2555505695,2421.9587628866
5919,2494.32989690722,0.0,0.0,2705.61810309278,-4.88855264964222e-14,0.0,-1.7718450328916797e-30,0.0,44563.2555505695,2494.32989690722
5920,2406.8577,0.0,0.0,0.0,54.1214558991983,0.0,1.9932881228243102e-15,0.0,44501.2607557251,2460.9791558991983
5921,293.47695,0.0,0.0,0.0,2418.12984936999,0.0,-1.1075561827778899e-13,0.0,41731.3525662978,2711.60679936999
5922,0.0,0.0,0.0,0.0,2722.79495990836,0.0,1.8719034315478999e-13,0.0,38612.4579959561,2722.79495990836
5923,0.0,0.0,0.0,0.0,2706.87285223368,0.0,4.2552402228028703e-14,0.0,35511.8018078304,2706.87285223368
5924,0.0,0.0,0.0,0.0,2679.4959908362,0.0,1.9347989164735e-13,0.0,32442.5051402059,2679.4959908362
5925,0.0,0.0,0.0,0.0,2743.8717067583,0.0,4.5801356852518705e-14,0.0,29299.4676754198,2743.8717067583
5926,0.0,0.0,0.0,0.0,2695.18900343643,0.0,-1.92117985514108e-13,0.0,26212.1950483448,2695.18900343643
5927,0.0,0.0,0.0,0.0,2715.92210767468,0.0,1.1623754777843e-13,0.0,23101.1731609741,2715.92210767468
5928,0.0,0.0,0.0,0.0,2595.99083619702,0.0,1.27968583928553e-14,0.0,20127.5295914471,2595.99083619702
5929,0.0,0.0,0.0,0.0,2582.93241695304,0.0,1.04632626859585e-13,0.0,17168.8441195651,2582.93241695304
5930,0.0,0.0,0.0,0.0,2499.88545246277,0.0,-9.1056255064958e-14,0.0,14305.2869002492,2499.88545246277
5931,0.0,0.0,0.0,0.0,2411.91294387171,0.0,-1.48965439194854e-13,0.0,11542.500022962,2411.91294387171
5932,0.0,0.0,0.0,0.0,2394.73081328751,0.0,7.06470096881296e-14,0.0,8799.3948531023,2394.73081328751
5933,0.0,0.0,0.0,0.0,2443.8717067583,0.0,-4.56810203765942e-14,0.0,6000.0,2443.8717067583
5934,2249.58762886598,1.89469891174599e-13,-1.89469891174599e-13,135.54317113402,1.36378248763728e-13,0.0,4.1297629758660195e-30,0.0,6000.0,2249.58762886598
5935,2250.92783505155,1063.65946391753,0.0,3810.55670103093,5.82838703369117e-14,-7.64294306540785e-14,7.346216758765e-31,0.0,6876.987228,2250.92783505155
5936,2328.14432989691,5543.55396907217,0.0,3810.55670103093,-2.79126805447639e-14,-7.64294306540785e-14,-1.60023407722627e-31,0.0,11447.6474755,2328.14432989691
5937,2329.17525773196,9009.07704123711,0.0,3810.55670103093,8.67172010482291e-14,-7.64294306540785e-14,2.8046133347182698e-30,0.0,18875.631496,2329.17525773196
5938,2413.09278350515,0.0,0.0,588.631916494846,2.09085932739728e-13,3579.91642726231,-4.5005937240003695e-30,0.0,14774.9253937522,2413.09278350515
5939,2301.03092783505,12181.791371134,0.0,3810.55670103093,1.84829550504e-13,-7.64294306540785e-14,-7.825343080203319e-30,0.0,24818.8123792522,2301.03092783505
5940,2458.96907216495,11853.6572268041,0.0,3810.55670103093,-2.32280457141816e-13,-7.64294306540785e-14,-1.7123842394904799e-29,0.0,34592.1527627522,2458.969072164949
5941,2435.67010309278,10299.1721958763,0.0,3810.55670103093,9.517661251744821e-14,-7.64294306540785e-14,-3.32716390534321e-30,0.0,43083.8202382522,2435.67010309278
5942,1776.5826,0.0,0.0,0.0,703.797111111111,4233.95189003436,-6.707883828640761e-15,0.0,37427.7503629424,2480.3797111111107
5943,2703.71134020619,0.0,0.0,1159.58575979382,8.77306019163273e-14,2945.52326804124,-4.24915844001536e-30,0.0,34053.7260009249,2703.71134020619
5944,2628.45360824742,0.0,0.0,1338.31439175258,-1.9585340527947e-13,2746.93589919817,1.08854737543592e-29,0.0,30907.178579163,2628.45360824742
5945,244.72383,0.0,0.0,0.0,2620.86813848797,0.0,2.14812490257685e-14,0.0,27905.038672533,2865.59196848797
5946,185.57916,0.0,0.0,0.0,2496.09188407789,0.0,1.9133511110439e-13,0.0,25045.8268923751,2681.6710440778897
5947,0.0,0.0,0.0,0.0,2944.10080183276,0.0,1.46201452370023e-13,0.0,21673.4319303673,2944.10080183276
5948,0.0,0.0,0.0,0.0,2985.22336769759,0.0,7.942664014084071e-14,0.0,18253.9320819165,2985.22336769759
5949,0.0,0.0,0.0,0.0,2845.81901489118,0.0,3.9615988738168504e-14,0.0,14994.1164863939,2845.81901489118
5950,0.0,0.0,0.0,0.0,2896.56357388316,0.0,-1.54470989645924e-13,0.0,11676.1742482689,2896.56357388316
5951,0.0,0.0,0.0,0.0,2946.84994272623,2008.45017601252,-5.20635091612465e-14,0.0,6000.0,2946.84994272623
5952,0.0,0.0,0.0,0.0,0.0,0.0,2446.9,0.0,12000.0,2446.9
5953,0.0,0.0,0.0,0.0,0.0,0.0,2376.1,0.0,12000.0,2376.1
5954,0.0,0.0,0.0,0.0,0.0,0.0,2462.8,0.0,12000.0,2462.8
5955,0.0,0.0,0.0,0.0,0.0,0.0,2497.5,0.0,12000.0,2497.5
5956,0.0,0.0,0.0,0.0,2094.84262428408,0.0,517.402389,0.0,9600.40936508124,2612.24501328408
5957,0.0,0.0,0.0,0.0,2810.19473081329,0.0,1.06855315228695e-13,0.0,6381.40050962501,2810.19473081329
5958,2367.7563,0.0,0.0,0.0,332.962644902635,0.0,1.86108242504137e-14,0.0,6000.0,2700.718944902635
5959,2649.58762886598,671.278670103093,0.0,3810.55670103093,1.32959830103714e-13,0.0,3.44211482238842e-30,0.0,6553.4692635,2649.58762886598
5960,2618.65979381443,5335.13350515464,0.0,3810.55670103093,2.30987222541976e-13,0.0,1.2880628922310298e-29,0.0,10952.2868385,2618.6597938144305
5961,2696.18556701031,11646.9833904963,1.81898940354586e-12,891.635042493426,-3.23065316280149e-14,0.0,1.2562780159654998e-31,0.0,20555.2246439642,2696.18556701031
5962,2831.64948453608,10655.0575154639,0.0,0.0,-2.26114675374892e-13,0.0,-1.6133507005104298e-30,0.0,29340.3195654642,2831.64948453608
5963,2893.50515463918,11731.6508453608,0.0,0.0,8.310537406687631e-14,0.0,3.79531762535657e-30,0.0,39013.0656874642,2893.50515463918
5964,2897.42268041237,7603.4996185567,0.0,3810.55670103093,-1.9806207796425699e-13,0.0,1.4404630498445098e-30,0.0,45282.1511229642,2897.42268041237
5965,2705.87628865979,4611.35901030928,0.0,3810.55670103093,-7.88919255393207e-14,0.0,-2.8538217254655097e-30,0.0,49084.2166269642,2705.87628865979
5966,2817.01030927835,37.6109896907219,0.0,3810.55670103093,-4.4245824488432805e-14,0.0,-2.01603875616774e-30,0.0,49115.2268879642,2817.01030927835
5967,2655.15463917526,0.0,0.0,1664.13436082474,1.48756800870223e-13,0.0,1.87983229452575e-30,0.0,49115.2268879642,2655.15463917526
5968,2602.78350515464,1411.75949484536,0.0,0.0,9.50681612136173e-14,0.0,3.2033627218344904e-31,0.0,50279.2225914642,2602.78350515464
5969,992.8308,0.0,0.0,0.0,1829.72980985109,0.0,-8.13327542028988e-14,0.0,48183.3121563541,2822.56060985109
5970,25.025247,0.0,0.0,0.0,2888.68901536082,0.0,-5.21668237223579e-14,0.0,44874.390031084,2913.71426236082
5971,0.0,0.0,0.0,0.0,2862.08476517755,0.0,1.89256760956584e-13,0.0,41595.9424191967,2862.08476517755
5972,0.0,0.0,0.0,0.0,2978.6941580756,0.0,-4.4276237506445404e-14,0.0,38183.9216195683,2978.6941580756
5973,0.0,0.0,0.0,0.0,2815.578465063,0.0,-4.5930231236001304e-14,0.0,34958.7458291182,2815.578465063
5974,0.0,0.0,0.0,0.0,2983.96334478809,0.0,1.0443550618928299e-13,0.0,31540.6893058787,2983.96334478809
5975,0.0,0.0,0.0,0.0,2930.58419243986,0.0,1.9529015594422099e-13,0.0,28183.7772870472,2930.58419243986
5976,0.0,0.0,0.0,0.0,2820.04581901489,0.0,1.70537443400702e-13,0.0,24953.4842526659,2820.04581901489
5977,0.0,0.0,0.0,0.0,2831.84421534937,0.0,4.5957627419833704e-14,0.0,21709.676445851,2831.84421534937
5978,0.0,0.0,0.0,0.0,2935.28064146621,0.0,-1.33483836177344e-13,0.0,18347.3847603227,2935.28064146621
5979,0.0,0.0,0.0,0.0,2802.97823596793,0.0,8.86526021232611e-14,0.0,15136.642221986,2802.97823596793
5980,0.0,0.0,0.0,0.0,2678.80870561283,0.0,-4.0261467572099704e-14,0.0,12068.1328226586,2678.80870561283
5981,0.0,0.0,0.0,0.0,2644.44444444444,0.0,5.972190643256499e-14,0.0,9038.98683818619,2644.44444444444
5982,0.0,0.0,0.0,0.0,2653.03550973654,0.0,9.0659987090434e-14,0.0,6000.0,2653.03550973654
5983,2315.05154639175,87.6644048489866,0.0,385.667048759261,-1.79373841587109e-13,0.0,3.0135165133407998e-30,0.0,6072.27930179799,2315.05154639175
5984,2316.8184,0.0,0.0,0.0,63.099830469645,0.0,1.2205344832055102e-15,0.0,6000.0,2379.918230469645
5985,2307.83505154639,3.99654285926028e-14,-3.99654285926028e-14,1408.27994845361,2.8766655898526704e-14,0.0,5.307272763263971e-31,0.0,6000.0,2307.83505154639
5986,2406.39175257732,10127.4445463918,0.0,3810.55670103093,-1.51064065649401e-14,0.0,-8.535605972920131e-31,0.0,14350.0780285,2406.39175257732
5987,2309.79381443299,0.0,0.0,248.52428556701,1.48633875407854e-13,0.0,8.745859254083619e-30,0.0,14350.0780285,2309.79381443299
5988,2238.14432989691,7587.35967010309,0.0,0.0,-2.39020380530762e-13,0.0,-1.8953350429543e-29,0.0,20605.8560765,2238.1443298969098
5989,2372.78350515464,3925.36549484536,0.0,0.0,1.7660151580098e-13,0.0,9.83052527102781e-30,0.0,23842.319927,2372.78350515464
5990,2417.21649484536,2856.79421344481,0.0,1676.25729170983,1.62330624793406e-13,0.0,5.1098749683067095e-30,0.0,26197.7467559852,2417.21649484536
5991,2356.90721649485,0.0,0.0,479.925483505155,2.50553977411278e-14,0.0,1.61083345533896e-32,0.0,26197.7467559852,2356.90721649485
5992,2272.16494845361,1458.41125154639,0.0,0.0,6.841871809954841e-15,0.0,-2.15038334919738e-31,0.0,27400.2068328852,2272.16494845361
5993,0.0,0.0,0.0,0.0,2563.80297823597,0.0,5.775966900898051e-14,0.0,24463.4336619391,2563.80297823597
5994,34.620378,0.0,0.0,0.0,2453.62913326461,0.0,1.70914467170473e-14,0.0,21652.861917077,2488.24951126461
5995,0.0,0.0,0.0,0.0,2544.55899198167,0.0,-2.6857522442501998e-14,0.0,18738.1322584497,2544.55899198167
5996,0.0,0.0,0.0,0.0,2557.96105383734,0.0,1.67798150581144e-13,0.0,15808.0508680289,2557.96105383734
5997,0.0,0.0,0.0,0.0,2659.79381443299,0.0,6.61156353033352e-14,0.0,12761.3225582546,2659.79381443299
5998,0.0,0.0,0.0,0.0,2933.10423825888,0.0,-1.93969099913966e-13,0.0,9401.52388900042,2933.10423825888
5999,0.0,0.0,0.0,0.0,2969.53035509737,0.0,1.25782993540997e-13,0.0,6000.0,2969.53035509737
6000,0.0,0.0,0.0,0.0,0.0,0.0,2592.5,0.0,12000.0,2592.5
6001,0.0,0.0,0.0,0.0,0.0,0.0,2677.1,0.0,12000.0,2677.1
6002,0.0,0.0,0.0,0.0,0.0,0.0,2628.0,0.0,12000.0,2628.0
6003,0.0,0.0,0.0,0.0,0.0,0.0,2424.0,0.0,12000.0,2424.0
6004,0.0,0.0,0.0,0.0,0.0,0.0,2471.9,0.0,12000.0,2471.9
6005,0.0,0.0,0.0,0.0,0.0,0.0,2572.0,0.0,12000.0,2572.0
6006,157.36461,0.0,0.0,0.0,0.0,0.0,2412.9563283,0.0,12000.0,2570.3209383000003
6007,72.62658,0.0,0.0,0.0,0.0,0.0,2537.9522174,0.0,12000.0,2610.5787974
6008,275.36457,0.0,0.0,0.0,0.0,0.0,2434.0963671,0.0,12000.0,2709.4609371
6009,351.65559,0.0,0.0,0.0,0.0,0.0,2356.2940777,0.0,12000.0,2707.9496677
6010,2739.69072164948,366.382378350516,0.0,0.0,0.0,0.0,-4.5234285961828603e-14,0.0,12302.08227095,2739.69072164948
6011,1374.1221,0.0,0.0,0.0,0.0,0.0,1186.201563,0.0,12302.08227095,2560.323663
6012,1397.0034,0.0,0.0,0.0,0.0,0.0,1250.306702,0.0,12302.08227095,2647.3101020000004
6013,2316.3426,0.0,0.0,0.0,0.0,0.0,298.347678,0.0,12302.08227095,2614.690278
6014,1502.514,0.0,0.0,0.0,0.0,0.0,1206.16142,0.0,12302.08227095,2708.67542
6015,1981.9605,0.0,0.0,0.0,0.0,0.0,612.998315,0.0,12302.08227095,2594.958815
6016,891.852,0.0,0.0,0.0,0.0,0.0,1675.60356,0.0,12302.08227095,2567.45556
6017,0.0,0.0,0.0,0.0,0.0,0.0,2500.1,0.0,12302.08227095,2500.1
6018,0.0,0.0,0.0,0.0,0.0,0.0,2488.6,0.0,12302.08227095,2488.6
6019,0.0,0.0,0.0,0.0,0.0,0.0,2496.8,0.0,12302.08227095,2496.8
6020,0.0,0.0,0.0,0.0,0.0,0.0,2553.9,0.0,12302.08227095,2553.9
6021,0.0,0.0,0.0,0.0,0.0,0.0,2527.4,0.0,12302.08227095,2527.4
6022,0.0,0.0,0.0,0.0,0.0,0.0,2589.0,0.0,12302.08227095,2589.0
6023,0.0,0.0,0.0,0.0,0.0,0.0,2593.9,0.0,12302.08227095,2593.9
6024,0.0,0.0,0.0,0.0,0.0,0.0,2479.7,0.0,12302.08227095,2479.7
6025,0.0,0.0,0.0,0.0,0.0,0.0,2351.7,0.0,12302.08227095,2351.7
6026,0.0,0.0,0.0,0.0,0.0,0.0,2456.3,0.0,12302.08227095,2456.3
6027,0.0,0.0,0.0,0.0,0.0,0.0,2640.4,0.0,12302.08227095,2640.4
6028,0.0,0.0,0.0,0.0,0.0,0.0,2492.7,0.0,12302.08227095,2492.7
6029,0.0,0.0,0.0,0.0,700.660934452295,0.0,2054.02300422315,0.0,11499.4924262166,2754.683938675445
6030,1983.891,0.0,0.0,0.0,792.240240549828,0.0,1.17528036024158e-14,0.0,10592.0007417379,2776.131240549828
6031,70.44531,0.0,0.0,0.0,2904.54530274914,0.0,2.8857721594539903e-15,0.0,7264.91562976871,2974.99061274914
6032,1781.7228,0.0,0.0,0.0,1104.27134478809,0.0,5.56217673604708e-14,0.0,6000.0,2885.99414478809
6033,2804.63917525773,10982.9138247423,0.0,0.0,9.6020099350531e-14,0.0,-3.30042202277124e-30,0.0,15055.4124485,2804.63917525773
6034,1957.0122,0.0,0.0,0.0,956.81347766323,0.0,-1.7109629665710602e-15,0.0,13959.4061739717,2913.8256776632297
6035,2694.198,0.0,0.0,0.0,4.49935853379196,0.0,7.104287884715109e-18,0.0,13954.2522695802,2698.697358533792
6036,2800.51546391753,3347.09353608247,0.0,0.0,1.42775407296852e-13,0.0,-1.8920815909512298e-30,0.0,16713.9308900802,2800.51546391753
6037,2676.39175257732,7845.76924742268,0.0,0.0,8.168774561177221e-14,0.0,-4.588058845713409e-30,0.0,23182.7676345802,2676.39175257732
6038,2692.37113402062,5843.39283164352,0.0,1403.93203433586,-1.47021370238516e-13,0.0,-2.0534543932233198e-30,0.0,28000.6450242702,2692.37113402062
6039,2755.9793814433,1050.00791752577,0.0,3810.55670103093,3.2026697896273404e-14,0.0,-4.038039247976199e-31,0.0,28866.3765522702,2755.9793814433
6040,2735.77319587629,640.335904123711,0.0,0.0,2.29352691479211e-13,0.0,-1.02453654419606e-29,0.0,29394.3335052202,2735.77319587629
6041,0.0,0.0,0.0,0.0,2942.38258877434,0.0,1.86216167088514e-13,0.0,26023.9067139552,2942.38258877434
6042,0.0,0.0,0.0,0.0,2919.47308132875,0.0,-1.82624629940646e-13,0.0,22679.7221992602,2919.47308132875
6043,0.0,0.0,0.0,0.0,2901.03092783505,0.0,4.243771428198521e-15,0.0,19356.662717204,2901.03092783505
6044,0.0,0.0,0.0,0.0,2745.70446735395,0.0,1.59036702860067e-13,0.0,16211.5258702923,2745.70446735395
6045,0.0,0.0,0.0,0.0,2876.51775486827,0.0,1.67909273604871e-13,0.0,12916.545624166,2876.51775486827
6046,0.0,0.0,0.0,0.0,2986.4833906071,0.0,1.12170687654979e-13,0.0,9495.60245050379,2986.4833906071
6047,0.0,0.0,0.0,0.0,3051.66093928981,0.0,-1.61016691643408e-13,0.0,6000.0,3051.66093928981
6048,0.0,0.0,0.0,0.0,0.0,0.0,2598.6,0.0,12000.0,2598.6
6049,0.0,0.0,0.0,0.0,0.0,0.0,2541.2,0.0,12000.0,2541.2
6050,0.0,0.0,0.0,0.0,0.0,0.0,2589.5,0.0,12000.0,2589.5
6051,0.0,0.0,0.0,0.0,0.0,0.0,2509.5,0.0,12000.0,2509.5
6052,0.0,0.0,0.0,0.0,0.0,0.0,2415.7,0.0,12000.0,2415.7
6053,0.0,0.0,0.0,0.0,2369.90060836197,0.0,521.1767689,0.0,9285.33721837117,2891.07737726197
6054,123.24663,0.0,0.0,0.0,2868.09939163803,0.0,-1.5679528894516499e-13,0.0,6000.0,2991.34602163803
6055,2645.25773195876,3174.36126804124,0.0,0.0,-3.90699493032836e-14,0.0,-1.59663688416779e-30,0.0,8617.2608655,2645.25773195876
6056,2725.25773195876,5066.74726804124,0.0,0.0,-1.40808599898945e-13,0.0,2.2237414792962298e-30,0.0,12794.793988,2725.25773195876
6057,2665.9793814433,7397.9706185567,0.0,0.0,-1.63453945358231e-13,0.0,-5.41479297407974e-30,0.0,18894.420763,2665.9793814433
6058,2571.9587628866,9742.2912371134,0.0,0.0,-2.02786736989754e-13,0.0,-2.8449096029019204e-31,0.0,26926.939888,2571.9587628866
6059,2627.11340206186,2204.71359793814,0.0,0.0,-1.49013140315641e-13,0.0,3.2441527954628595e-30,0.0,28744.7262495,2627.11340206186
6060,2645.46391752577,1837.82008247423,0.0,0.0,1.79715138050035e-13,0.0,-6.168353869918659e-30,0.0,30260.0089075,2645.46391752577
6061,2584.32989690722,12643.2201030928,0.0,0.0,1.62222173489576e-13,0.0,-2.2614339782937297e-30,0.0,40684.3438825,2584.32989690722
6062,2619.69072164949,10287.0472783505,0.0,0.0,-1.4403067345182998e-13,0.0,1.08513116736423e-29,0.0,49166.0143635,2619.69072164949
6063,1772.3745,0.0,0.0,0.0,889.686981672393,0.0,3.55727660335823e-14,0.0,48146.8998369566,2662.061481672393
6064,334.14147,0.0,0.0,0.0,2420.25518224513,0.0,-1.30760726367205e-13,0.0,45374.557131063,2754.39665224513
6065,219.27399,0.0,0.0,0.0,2612.83416918671,0.0,-1.3633035292814998e-13,0.0,42381.6199384092,2832.10815918671
6066,0.0,0.0,0.0,0.0,2705.15463917526,0.0,2.48142033839387e-14,0.0,39282.9319210264,2705.15463917526
6067,0.0,0.0,0.0,0.0,2730.12600229095,0.0,-9.6104233900201e-14,0.0,36155.6398221822,2730.12600229095
6068,0.0,0.0,0.0,0.0,2721.53493699885,0.0,-1.84795228120651e-13,0.0,33038.1885770518,2721.53493699885
6069,0.0,0.0,0.0,0.0,2723.94043528064,0.0,6.668432994288881e-14,0.0,29917.9818928815,2723.94043528064
6070,0.0,0.0,0.0,0.0,2679.61053837343,0.0,-5.02644849504935e-14,0.0,26848.5540138742,2679.61053837343
6071,0.0,0.0,0.0,0.0,2696.56357388316,0.0,-1.21629704399092e-13,0.0,23759.706850205,2696.56357388316
6072,0.0,0.0,0.0,0.0,0.0,0.0,2359.2,0.0,23759.706850205,2359.2
6073,0.0,0.0,0.0,0.0,2637.45704467354,0.0,-1.64480949669834e-13,0.0,20738.5647600864,2637.45704467354
6074,0.0,0.0,0.0,0.0,270.812701443188,0.0,2022.7805116401,0.0,20428.3554800828,2293.593213083288
6075,0.0,0.0,0.0,0.0,2410.53837342497,0.0,1.77540717014013e-13,0.0,17667.1431393898,2410.53837342497
6076,0.0,0.0,0.0,0.0,2446.27720504009,0.0,-1.33442986074357e-13,0.0,14864.9928472476,2446.27720504009
6077,0.0,0.0,0.0,0.0,2531.38602520046,0.0,-3.05189011392307e-14,0.0,11965.352497648,2531.38602520046
6078,33.069036,0.0,0.0,0.0,2603.5773597709,0.0,-8.99625665344478e-14,0.0,8983.01875220599,2636.6463957709
6079,51.19062,0.0,0.0,0.0,2604.17537067583,0.0,-1.98191373764665e-13,0.0,6000.0,2655.36599067583
6080,2398.45360824742,3613.17869072165,0.0,3810.55670103093,-9.869299396061331e-14,0.0,3.8762756343922894e-30,0.0,8979.0658305,2398.45360824742
6081,2365.36082474227,7078.34947422681,0.0,3810.55670103093,1.65956925933297e-13,0.0,9.00643895637191e-31,0.0,14815.164972,2365.36082474227
6082,1648.0893,0.0,0.0,0.0,909.224947308132,443.607931000094,4.40202984238669e-14,0.0,13265.5282270879,2557.314247308132
6083,2510.51546391753,0.0,0.0,579.793836082474,-7.44366117248852e-14,0.0,-3.81778413353185e-30,0.0,13265.5282270879,2510.51546391753
6084,2523.40206185567,1372.5192371134,0.0,3810.55670103093,-1.41760538035859e-13,0.0,-5.174309349876169e-30,0.0,14397.1703380879,2523.40206185567
6085,2602.16494845361,9755.35235051547,0.0,3810.55670103093,-8.72663799910321e-14,0.0,5.247103248006719e-30,0.0,22440.4583510879,2602.16494845361
6086,2596.59793814433,7284.92636082474,0.0,3810.55670103093,-1.03063350757541e-13,0.0,-4.2094233482577094e-30,0.0,28446.8801355879,2596.59793814433
6087,2561.13402061856,381.861278350515,0.0,3810.55670103093,1.09424009238699e-13,0.0,-4.008674815811789e-30,0.0,28761.7247595879,2561.13402061856
6088,2464.53608247423,0.0,0.0,521.362417525773,-2.32110543106801e-13,0.0,-1.31855469280833e-29,0.0,28761.7247595879,2464.5360824742297
6089,271.06131,0.0,0.0,0.0,2538.91240469645,0.0,-1.04174602447144e-13,0.0,25853.4631276332,2809.97371469645
6090,0.0,0.0,0.0,0.0,2952.92096219931,0.0,8.664521715608821e-14,0.0,22470.9648891461,2952.92096219931
6091,0.0,0.0,0.0,0.0,2916.95303550974,0.0,-1.90359811406343e-13,0.0,19129.6670248737,2916.95303550974
6092,0.0,0.0,0.0,0.0,2881.78694158076,0.0,-8.03734200232839e-14,0.0,15828.6510551363,2881.78694158076
6093,0.0,0.0,0.0,0.0,2926.91867124857,0.0,2.65723774917045e-14,0.0,12475.9378005561,2926.91867124857
6094,0.0,0.0,0.0,0.0,2851.43184421535,0.0,1.35577650162971e-13,0.0,9209.69284727389,2851.43184421535
6095,0.0,0.0,0.0,0.0,2802.0618556701,0.0,6.091138590077721e-14,0.0,6000.0,2802.0618556701
6096,0.0,0.0,0.0,0.0,23.1088201603673,0.0,2430.326,0.0,11973.5294156239,2453.4348201603675
6097,0.0,0.0,0.0,0.0,2642.95532646048,0.0,-1.64016435408491e-13,0.0,8946.08917912847,2642.95532646048
6098,0.0,0.0,0.0,0.0,0.0,0.0,2371.6,0.0,8946.08917912847,2371.6
6099,0.0,0.0,0.0,0.0,0.0,0.0,2306.1,0.0,8946.08917912847,2306.1
6100,0.0,0.0,0.0,0.0,2571.93585337915,0.0,1.03703598336898e-13,0.0,6000.0,2571.93585337915
6101,0.0,0.0,0.0,0.0,0.0,0.0,2141.4,0.0,6000.0,2141.4
6102,1949.6997,0.0,0.0,0.0,0.0,0.0,246.291291,0.0,6000.0,2195.990991
6103,2432.16494845361,4048.69905154639,0.0,0.0,-1.96635429381368e-13,0.0,7.42571839200829e-30,0.0,9338.152368,2432.16494845361
6104,2393.29896907217,8611.79903092784,0.0,0.0,-1.66567567607285e-13,0.0,1.05840861668667e-29,0.0,16438.580669,2393.29896907217
6105,2437.21649484536,5517.37950515464,0.0,0.0,-2.3815339941135597e-13,0.0,8.513170914472839e-30,0.0,20987.660071,2437.21649484536
6106,2509.07216494845,7897.02483505155,0.0,0.0,-1.21361833706222e-13,0.0,1.85438909195373e-30,0.0,27498.7570475,2509.07216494845
6107,2589.58762886598,6998.13337113402,0.0,0.0,-1.8141260023688e-13,0.0,-2.49319872435239e-30,0.0,33268.718012,2589.58762886598
6108,2602.9731,0.0,0.0,0.0,44.0046884306978,0.0,-1.0302786385262101e-15,0.0,33218.3117251378,2646.9777884306977
6109,2507.11340206186,7850.97459793814,0.0,0.0,-2.41229053215549e-13,0.0,1.5676875362450699e-29,0.0,39691.4402811378,2507.11340206186
6110,2568.45360824742,5602.90439175258,0.0,0.0,1.06760554297229e-14,0.0,3.2030934987483103e-31,0.0,44311.0349521378,2568.45360824742
6111,2312.5245,0.0,0.0,0.0,218.271746849943,0.0,-1.09020038001627e-15,0.0,44061.0100416568,2530.796246849943
6112,1388.5131,0.0,0.0,0.0,1162.70594845361,0.0,-2.2263602608678902e-14,0.0,42729.1590125003,2551.21904845361
6113,1019.5458,0.0,0.0,0.0,1617.34315463918,0.0,-1.96370152944795e-14,0.0,40876.5322603363,2636.88895463918
6114,0.0,0.0,0.0,0.0,2650.17182130584,0.0,1.93427801458245e-13,0.0,37840.8257067213,2650.17182130584
6115,0.0,0.0,0.0,0.0,2684.99427262314,0.0,1.93944405908694e-13,0.0,34765.23089272,2684.99427262314
6116,0.0,0.0,0.0,0.0,0.0,0.0,2497.3,0.0,34765.23089272,2497.3
6117,0.0,0.0,0.0,0.0,2785.79610538373,0.0,-8.87293863176386e-14,0.0,31574.1700618108,2785.79610538373
6118,0.0,0.0,0.0,0.0,2794.61626575029,0.0,-1.48285621531574e-13,0.0,28373.0059544222,2794.61626575029
6119,0.0,0.0,0.0,0.0,2615.46391752577,0.0,-5.0833179590047104e-14,0.0,25377.0564498108,2615.46391752577
6120,0.0,0.0,0.0,0.0,2410.35667816475,0.0,319.458619962171,0.0,22616.0522365636,2729.815298126921
6121,0.0,0.0,0.0,0.0,0.0,0.0,2459.5,0.0,22616.0522365636,2459.5
6122,0.0,0.0,0.0,0.0,2830.69873997709,0.0,-1.72777883129567e-13,0.0,19373.5565435773,2830.69873997709
6123,0.0,0.0,0.0,0.0,2848.45360824742,0.0,8.50954038047423e-14,0.0,16110.7230862492,2848.45360824742
6124,0.0,0.0,0.0,0.0,2645.81901489118,0.0,1.30210187547581e-13,0.0,13080.0025651825,2645.81901489118
6125,0.0,0.0,0.0,0.0,2376.97594501718,0.0,1.52015246515122e-13,0.0,10357.2351596646,2376.97594501718
6126,0.0,0.0,0.0,0.0,2365.75028636884,0.0,1.78448372280983e-14,0.0,7647.3264696659,2365.75028636884
6127,885.5925,0.0,0.0,0.0,1438.11600801833,0.0,-2.33659917938341e-14,0.0,6000.0,2323.7085080183297
6128,2169.58762886598,3.09104469754512e-13,-3.09104469754512e-13,1249.64377113402,2.22489842627896e-13,0.0,-5.20884651704092e-30,0.0,6000.0,2169.58762886598
6129,2158.65979381443,-1.1109761984055499e-13,1.1109761984055499e-13,3011.49220618557,-7.996678913860361e-14,0.0,-3.3858455950800394e-30,0.0,6000.0,2158.65979381443
6130,2163.29896907216,10851.9533298969,0.0,3810.55670103093,-8.50342130199219e-14,-7.64294306540785e-14,-1.9433430825430897e-30,0.0,14947.4355205,2163.29896907216
6131,2171.13402061856,11976.8732783505,0.0,3810.55670103093,-1.10840169300908e-13,-7.64294306540785e-14,-4.3873208213519595e-30,0.0,24822.3675385,2171.13402061856
6132,2125.56701030928,11883.3272886598,0.0,3810.55670103093,1.69056074023814e-13,-7.64294306540785e-14,-8.608993391509731e-31,0.0,34620.170888,2125.56701030928
6133,2245.77319587629,10383.8861030928,0.0,3810.55670103093,6.036353421733521e-15,-7.64294306540785e-14,-1.2417249710705999e-31,0.0,43181.68498,2245.77319587629
6134,2376.70103092784,7714.09726804124,0.0,3810.55670103093,-8.89388794986593e-14,-7.64294306540785e-14,1.97509270083158e-30,0.0,49541.9581775,2376.70103092784
6135,2416.90721649485,4065.57208247423,0.0,3810.55670103093,-1.81474062968065e-13,-7.64294306540785e-14,9.398147554265451e-31,0.0,52894.0223595,2416.90721649485
6136,2503.9175257732,0.0,0.0,3077.2164742268,-2.04863464084387e-13,814.822474226805,3.0439684949852396e-30,0.0,51960.6632824934,2503.9175257732
6137,1292.7213,0.0,0.0,0.0,1444.28446620848,4233.95189003436,9.60161451967573e-14,0.0,45456.3833784351,2737.00576620848
6138,0.0,0.0,0.0,0.0,2840.54982817869,4233.95189003436,-1.0909575495756e-13,0.0,37352.7158890731,2840.54982817869
6139,0.0,0.0,0.0,0.0,2902.52004581902,4233.95189003436,-1.69012324054629e-13,0.0,29178.0630415893,2902.52004581902
6140,0.0,0.0,0.0,0.0,2879.26689576174,4233.95189003436,-8.810860148898e-14,0.0,21030.046104824,2879.26689576174
6141,0.0,0.0,0.0,0.0,2896.67812142039,4230.50860002678,-1.16726756045046e-13,0.0,12866.0292417688,2896.67812142039
6142,0.0,0.0,0.0,0.0,3029.43871706758,0.0,1.00878307870764e-13,0.0,9395.88179953787,3029.43871706758
6143,0.0,0.0,0.0,0.0,2964.60481099656,0.0,-1.33431745988239e-13,0.0,6000.0,2964.60481099656
6144,0.0,0.0,0.0,0.0,0.0,0.0,2438.0,0.0,12000.0,2438.0
6145,0.0,0.0,0.0,0.0,0.0,0.0,2453.3,0.0,12000.0,2453.3
6146,0.0,0.0,0.0,0.0,0.0,0.0,2474.5,0.0,12000.0,2474.5
6147,0.0,0.0,0.0,0.0,0.0,0.0,2427.1,0.0,12000.0,2427.1
6148,0.0,0.0,0.0,0.0,0.0,0.0,2366.5,0.0,12000.0,2366.5
6149,0.0,0.0,0.0,0.0,2508.69368476518,0.0,160.7104132,0.0,9126.35316750839,2669.40409796518
6150,170.42844,0.0,0.0,0.0,2729.30631523482,0.0,-1.0838386843084399e-13,0.0,6000.0,2899.73475523482
6151,2615.77319587629,1427.55180412371,0.0,0.0,1.21509721847809e-13,0.0,7.687935119711399e-30,0.0,7177.0164625,2615.77319587629
6152,2534.63917525773,2208.32312371134,0.0,3810.55670103093,-1.6401109557675e-14,0.0,4.25249658270774e-31,0.0,8997.778878,2534.63917525773
6153,2537.62886597938,8361.60043298969,0.0,3810.55670103093,2.18095991544645e-13,0.0,3.34091153537358e-30,0.0,15891.918435,2537.62886597938
6154,2584.53608247423,14270.6789175258,0.0,0.0,-1.24267573475399e-13,0.0,-9.081229241501099e-30,0.0,27658.0932025,2584.53608247423
6155,2449.48453608247,15000.0,1.81898940354586e-12,297.075463917527,1.74629673913147e-14,0.0,5.5797954624942105e-31,0.0,40025.5932025,2449.48453608247
6156,2531.13402061856,8897.78274926382,0.0,861.153230117627,2.12688739593296e-13,0.0,7.925632238394609e-30,0.0,47361.815079268,2531.13402061856
6157,2528.86597938144,4428.47731958763,0.0,3810.55670103093,-2.50983167677503e-13,0.0,1.75780582960114e-29,0.0,51013.094629268,2528.8659793814395
6158,2707.9381443299,10602.4108556701,0.0,0.0,1.50367837646665e-13,0.0,-2.4339528026472598e-30,0.0,59754.782379768,2707.9381443299
6159,2634.94845360825,7084.24154639176,0.0,0.0,-1.90446153328121e-13,0.0,6.300753051338159e-30,0.0,65595.739534768,2634.94845360825
6160,2575.67010309278,222.451196907216,0.0,0.0,-1.97464442055913e-13,0.0,-6.838359396721979e-30,0.0,65779.150546618,2575.67010309278
6161,74.70255,0.0,0.0,0.0,2864.53439461627,0.0,-1.19512338879317e-13,0.0,62497.8969445375,2939.23694461627
6162,0.0,0.0,0.0,0.0,2866.66666666667,0.0,1.04227145432863e-13,0.0,59214.2008773363,2866.66666666667
6163,0.0,0.0,0.0,0.0,2821.87857961054,0.0,-1.13221647915632e-13,0.0,55981.8084608294,2821.87857961054
6164,0.0,0.0,0.0,0.0,2877.54868270332,0.0,-4.80938867704891e-14,0.0,52685.6473122574,2877.54868270332
6165,0.0,0.0,0.0,0.0,2832.07331042383,0.0,-1.02289602014551e-13,0.0,49441.5770826769,2832.07331042383
6166,0.0,0.0,0.0,0.0,2912.02749140893,0.0,-5.25801136116951e-14,0.0,46105.9213078671,2912.02749140893
6167,0.0,0.0,0.0,0.0,2904.35280641466,0.0,-5.57769780470802e-14,0.0,42779.0566957083,2904.35280641466
6168,0.0,0.0,0.0,0.0,2743.52806414662,0.0,9.8551439123445e-14,0.0,39636.4128650707,2743.52806414662
6169,0.0,0.0,0.0,0.0,2849.82817869416,0.0,1.55583684919759e-13,0.0,36372.0048711484,2849.82817869416
6170,0.0,0.0,0.0,0.0,2757.50286368843,0.0,9.22098004417798e-14,0.0,33213.3532518031,2757.50286368843
6171,0.0,0.0,0.0,0.0,2768.72852233677,0.0,-1.7061422759507998e-13,0.0,30041.8429169385,2768.72852233677
6172,0.0,0.0,0.0,0.0,2778.23596792669,0.0,-5.4182017152146e-14,0.0,26859.4420372974,2778.23596792669
6173,0.0,0.0,0.0,0.0,2993.47079037801,0.0,-1.18373807129085e-13,0.0,23430.4949692814,2993.47079037801
6174,0.0,0.0,0.0,0.0,2920.96219931271,0.0,-1.66392016621715e-14,0.0,20084.6047066093,2920.96219931271
6175,121.62891,0.0,0.0,0.0,2796.93007709049,0.0,-8.279789284932361e-14,0.0,16880.7901853144,2918.55898709049
6176,1203.3918,0.0,0.0,0.0,1678.01827491409,0.0,7.75593247846624e-14,0.0,14958.6615771654,2881.41007491409
6177,2733.19587628866,0.0,0.0,527.58242371134,-7.284906923476561e-14,0.0,-2.5149213197674598e-30,0.0,14958.6615771654,2733.19587628866
6178,2840.82474226804,0.0,0.0,2205.58025773196,1.7525982423559899e-13,0.0,5.8144176622747696e-30,0.0,14958.6615771654,2840.82474226804
6179,2797.9381443299,11238.1781546392,0.0,3810.55670103093,-1.4379929668563e-13,0.0,-1.06810245875694e-29,0.0,24224.5394656654,2797.9381443299
6180,2731.03092783505,3852.41937113402,0.0,3810.55670103093,9.37734582208824e-14,0.0,-3.9102580343173094e-30,0.0,27400.8592371654,2731.03092783505
6181,2722.98969072165,2046.06360824742,0.0,3810.55670103093,-8.35786161199563e-14,0.0,-2.39514130444173e-30,0.0,29087.8386821654,2722.98969072165
6182,2805.25773195876,0.0,0.0,3576.85826804124,-2.42547250494607e-13,0.0,-4.97468928136685e-30,0.0,29087.8386821654,2805.2577319587595
6183,2735.87628865979,0.0,0.0,1108.52141134021,-1.82156655893917e-13,0.0,7.24948946858228e-30,0.0,29087.8386821654,2735.87628865979
6184,1696.1256,0.0,0.0,0.0,981.624476517755,0.0,-3.36128911788376e-14,0.0,27963.4120194875,2677.750076517755
6185,1190.1513,0.0,0.0,0.0,1555.6165395189,0.0,-4.13471629565285e-14,0.0,26181.491584758,2745.7678395189
6186,0.0,0.0,0.0,0.0,2898.51088201604,0.0,5.42615035250834e-14,0.0,22861.3187531245,2898.51088201604
6187,0.0,0.0,0.0,0.0,3023.25315005727,0.0,-7.5574652047448e-14,0.0,19398.2567255675,3023.25315005727
6188,0.0,0.0,0.0,0.0,2898.28178694158,0.0,-1.94485704364415e-13,0.0,16078.3463166997,2898.28178694158
6189,0.0,0.0,0.0,0.0,2914.54753722795,0.0,-4.4844932145999e-14,0.0,12739.8038914672,2914.54753722795
6190,0.0,0.0,0.0,0.0,3000.22909507446,0.0,-1.42918158916184e-13,0.0,9303.115351863,3000.22909507446
6191,0.0,0.0,0.0,0.0,2883.6197021764,0.0,-2.48909875783163e-14,0.0,6000.0,2883.6197021764
6192,0.0,0.0,0.0,0.0,0.0,0.0,2455.4,0.0,12000.0,2455.4
6193,0.0,0.0,0.0,0.0,0.0,0.0,2474.3,0.0,12000.0,2474.3
6194,0.0,0.0,0.0,0.0,0.0,0.0,2479.3,0.0,12000.0,2479.3
6195,0.0,0.0,0.0,0.0,0.0,0.0,2458.8,0.0,12000.0,2458.8
6196,0.0,0.0,0.0,0.0,1337.70518785796,0.0,1186.283371,0.0,10467.6916519382,2523.98855885796
6197,0.0,0.0,0.0,0.0,2910.99656357388,0.0,-1.75818476997638e-13,0.0,7133.21677957406,2910.99656357388
6198,1646.4357,0.0,0.0,0.0,989.298248568156,0.0,1.97198670700661e-14,0.0,6000.0,2635.733948568156
6199,2197.21649484536,4147.81050515464,0.0,0.0,6.706255237562891e-14,0.0,-2.9479641759192097e-30,0.0,9419.8697615,2197.21649484536
6200,2255.9793814433,8906.9906185567,0.0,0.0,1.6765900306924202e-14,0.0,-9.32628082690727e-31,0.0,16763.6835265,2255.9793814433
6201,2235.46391752577,5599.12908247423,0.0,0.0,-1.2971279387161e-13,0.0,4.3386661544885495e-30,0.0,21380.165455,2235.46391752577
6202,2233.40206185567,6243.71593814433,0.0,0.0,1.46302277260697e-13,0.0,6.166875509126809e-30,0.0,26528.109246,2233.40206185567
6203,2135.36082474227,6243.32117525773,0.0,0.0,2.47490280520661e-13,0.0,-1.16267853537726e-29,0.0,31675.727555,2135.3608247422703
6204,1999.79381443299,8179.94718556701,0.0,0.0,8.70819917974783e-14,0.0,5.05193719133009e-30,0.0,38420.0940095,1999.79381443299
6205,2034.94845360825,7042.26254639175,0.0,0.0,5.95053634553004e-14,0.0,-5.32166026856574e-30,0.0,44226.439479,2034.94845360825
6206,2165.9793814433,5809.4036185567,0.0,0.0,-1.7871474294758e-13,0.0,-8.698319413004619e-30,0.0,49016.2927625,2165.9793814433
6207,2213.40206185567,2462.03493814433,0.0,0.0,4.15114671471659e-14,0.0,5.15501285504174e-31,0.0,51046.240569,2213.40206185567
6208,2160.82474226804,67.8887577319583,0.0,0.0,-2.46589316594252e-13,0.0,-1.30093180046573e-29,0.0,51102.21484975,2160.82474226804
6209,1036.8735,0.0,0.0,0.0,1332.45441580756,0.0,-2.81011579946843e-14,0.0,49575.9211317574,2369.32791580756
6210,0.0,0.0,0.0,0.0,2492.55441008018,0.0,1.92238321990033e-13,0.0,46720.7614409439,2492.55441008018
6211,0.0,0.0,0.0,0.0,2454.5246277205,0.0,-4.9754823145561604e-14,0.0,43909.1639292366,2454.5246277205
6212,0.0,0.0,0.0,0.0,2559.90836197022,0.0,-2.04637935717318e-14,0.0,40976.8519453073,2559.90836197022
6213,0.0,0.0,0.0,0.0,2397.9381443299,0.0,-8.487088695060781e-14,0.0,38230.0728567278,2397.9381443299
6214,0.0,0.0,0.0,0.0,2540.20618556701,0.0,-1.47828049915747e-13,0.0,35320.3292306488,2540.20618556701
6215,0.0,0.0,0.0,0.0,2531.84421534937,0.0,1.2228163753301701e-14,0.0,32420.1640355178,2531.84421534937
6216,0.0,0.0,0.0,0.0,2589.3470790378,0.0,1.32838357343413e-13,0.0,29454.1307261961,2589.3470790378
6217,0.0,0.0,0.0,0.0,2707.67468499427,0.0,-8.29564422755271e-14,0.0,26352.5560583905,2707.67468499427
6218,0.0,0.0,0.0,0.0,1473.1114588708,0.0,972.473696405791,0.0,24665.1431616313,2445.585155276591
6219,0.0,0.0,0.0,0.0,0.0,0.0,2402.8,0.0,24665.1431616313,2402.8
6220,0.0,0.0,0.0,0.0,2644.10080183276,0.0,1.12471988703491e-13,0.0,21636.3908113074,2644.10080183276
6221,0.0,0.0,0.0,0.0,3017.6403207331,0.0,1.67705210289052e-13,0.0,18179.7581415101,3017.6403207331
6222,89.39658,0.0,0.0,0.0,2629.65099358534,0.0,-3.44370736485449e-14,0.0,15167.5576906678,2719.04757358534
6223,2357.83505154639,3436.12194845361,0.0,0.0,3.02927356574616e-14,0.0,-2.4280099219382504e-31,0.0,18000.6402371678,2357.83505154639
6224,595.8459,0.0,0.0,0.0,1957.1929862543,0.0,5.3726255420113303e-14,0.0,15758.7238726153,2553.0388862543
6225,2382.16494845361,228.970851546391,0.0,0.0,-1.8253445240881e-13,0.0,8.2080732279079e-30,0.0,15947.5103397153,2382.16494845361
6226,2382.78350515464,6313.12449484536,0.0,0.0,-1.5826967935653702e-14,0.0,5.17777403673473e-31,0.0,21152.6814857153,2382.78350515464
6227,481.3731,0.0,0.0,0.0,2284.27043871707,0.0,1.07285328068082e-13,0.0,18536.1059545388,2765.6435387170704
6228,2631.64948453608,9213.07951546392,0.0,0.0,-2.32218994410631e-13,0.0,-2.05568558746837e-29,0.0,26132.2900150388,2631.6494845360794
6229,170.35161,0.0,0.0,0.0,2624.9243279496,0.0,1.15621155899159e-13,0.0,23125.5038432752,2795.2759379496
6230,507.3354,0.0,0.0,0.0,2366.76364490263,0.0,-1.9133714409331299e-13,0.0,20414.4343760328,2874.09904490263
6231,2622.37113402062,1736.11286597938,0.0,0.0,2.36309517475818e-13,0.0,6.32676048587848e-30,0.0,21845.8594340328,2622.3711340206205
6232,114.28521,0.0,0.0,0.0,2746.44140469645,0.0,-3.55938542556507e-14,0.0,18699.8784435443,2860.72661469645
6233,77.37561,0.0,0.0,0.0,2774.50819965636,0.0,9.90612182499297e-14,0.0,15521.7476306505,2851.88380965636
6234,0.0,0.0,0.0,0.0,2887.85796105384,0.0,5.82392731469805e-16,0.0,12213.777457622,2887.85796105384
6235,0.0,0.0,0.0,0.0,2776.74684994273,0.0,-1.6241453186803998e-13,0.0,9033.08232595794,2776.74684994273
6236,0.0,0.0,0.0,0.0,2647.88087056128,0.0,3.7445390558163996e-14,0.0,6000.0,2647.88087056128
6237,0.0,0.0,0.0,0.0,0.0,0.0,2308.9,0.0,6000.0,2308.9
6238,0.0,0.0,0.0,0.0,0.0,0.0,2411.5,0.0,6000.0,2411.5
6239,0.0,0.0,0.0,0.0,0.0,0.0,2545.5,0.0,6000.0,2545.5
6240,0.0,0.0,0.0,0.0,0.0,0.0,2511.4,0.0,12000.0,2511.4
6241,0.0,0.0,0.0,0.0,0.0,0.0,2488.9,0.0,12000.0,2488.9
6242,0.0,0.0,0.0,0.0,0.0,0.0,2398.8,0.0,12000.0,2398.8
6243,0.0,0.0,0.0,0.0,0.0,0.0,2364.7,0.0,12000.0,2364.7
6244,0.0,0.0,0.0,0.0,1645.82933676976,0.0,836.790989,0.0,10114.7430277551,2482.62032576976
6245,0.0,0.0,0.0,0.0,2626.11683848797,0.0,2.8459312035664203e-15,0.0,7106.59086453868,2626.11683848797
6246,1571.3763,0.0,0.0,0.0,966.053824742268,0.0,1.5813224196290102e-14,0.0,6000.0,2537.430124742268
6247,2268.35051546392,216.511783505154,0.0,3810.55670103093,-1.2350002353203999e-13,-7.64294306540785e-14,8.6158620270081e-30,0.0,6178.5139655,2268.35051546392
6248,2288.35051546392,5019.79778350516,0.0,3810.55670103093,-1.87092134185082e-14,-7.64294306540785e-14,4.9372484547187e-31,0.0,10317.337238,2288.35051546392
6249,2251.44329896907,8619.433,0.0,3810.55670103093,1.31225867864902e-13,-7.64294306540785e-14,-7.41569136913488e-30,0.0,17424.0597465,2251.44329896907
6250,2372.68041237113,10820.7628865979,0.0,3810.55670103093,6.72089721243212e-14,-7.64294306540785e-14,-4.4118299222873895e-30,0.0,26345.7787465,2372.68041237113
6251,2417.9381443299,11800.3861546392,0.0,3810.55670103093,-5.12171246435784e-14,-7.64294306540785e-14,1.1585757842150499e-30,0.0,36075.197131,2417.9381443299
6252,2350.20618556701,11615.7881134021,0.0,3810.55670103093,-1.9913694156354e-13,-7.64294306540785e-14,9.084391802299771e-31,0.0,45652.4144305,2350.20618556701
6253,2404.74226804124,10059.5960309278,0.0,3810.55670103093,1.93204004955711e-13,-7.64294306540785e-14,-4.90745892954846e-30,0.0,53946.551358,2404.74226804124
6254,2255.46391752577,7470.2943814433,0.0,3810.55670103093,-2.49219837580787e-14,-7.64294306540785e-14,-1.0287687460159099e-30,0.0,60105.8090755,2255.46391752577
6255,2184.53608247423,3712.94321649485,0.0,3810.55670103093,-1.36476211546879e-13,-7.64294306540785e-14,-2.8930030933393297e-30,0.0,63167.1307575,2184.53608247423
6256,2451.54639175258,0.0,0.0,2405.66960824742,2.46722730577301e-13,1560.98565864834,-7.28625837402765e-30,0.0,61379.0601290369,2451.5463917525803
6257,663.1365,0.0,0.0,0.0,1883.8002233677,4233.95189003436,2.5856295279722903e-14,0.0,54371.325749424,2546.9367233677
6258,0.0,0.0,0.0,0.0,2674.22680412371,4233.95189003436,4.47681479516215e-14,0.0,46458.17718796,2674.22680412371
6259,0.0,0.0,0.0,0.0,2753.03550973654,4233.95189003436,-1.24257874194924e-13,0.0,38454.7551950952,2753.03550973654
6260,0.0,0.0,0.0,0.0,2794.2726231386,2165.26411706186,-9.553553926064741e-14,0.0,32773.7280012803,2794.2726231386
6261,0.0,0.0,0.0,0.0,2775.25773195876,0.0,1.08415636147874e-14,0.0,29594.7386175933,2775.25773195876
6262,0.0,0.0,0.0,0.0,2721.53493699885,0.0,-1.84795228120651e-13,0.0,26477.2873724628,2721.53493699885
6263,0.0,0.0,0.0,0.0,2638.14432989691,0.0,1.27013323112196e-13,0.0,23455.3580140471,2638.14432989691
6264,0.0,0.0,0.0,0.0,2686.13974799542,0.0,7.343839269679261e-14,0.0,20378.4510862173,2686.13974799542
6265,0.0,0.0,0.0,0.0,2446.96449026346,0.0,1.00298373145093e-13,0.0,17575.5135257781,2446.96449026346
6266,0.0,0.0,0.0,0.0,2265.63573883162,0.0,1.37265551349997e-13,0.0,14980.2835843902,2265.63573883162
6267,0.0,0.0,0.0,0.0,2287.05612829324,0.0,-1.14626430785781e-13,0.0,12360.5171144094,2287.05612829324
6268,0.0,0.0,0.0,0.0,2234.36426116838,0.0,-1.29271945572696e-13,0.0,9801.10788053955,2234.36426116838
6269,0.0,0.0,0.0,0.0,2103.89461626575,0.0,3.6479076854806403e-14,0.0,7391.14841173571,2103.89461626575
6270,1468.6386,0.0,0.0,0.0,629.004075601374,0.0,-3.74225022959227e-14,0.0,6670.6397340709,2097.642675601374
6271,2223.29896907216,66.0563298969073,0.0,3810.55670103093,2.29338217320672e-13,-7.64294306540785e-14,3.99197046419771e-30,0.0,6725.1031780709,2223.2989690721606
6272,2197.62886597938,0.0,0.0,3240.84313402062,-6.42107236027468e-16,633.0150744559,3.66261042571102e-32,0.0,6000.0,2197.62886597938
6273,2313.29896907217,2348.85532989691,0.0,3810.55670103093,-6.48289170116235e-14,-7.64294306540785e-14,-4.255101320724379e-30,0.0,7936.6312195,2313.29896907217
6274,2351.34020618557,10674.4030927835,0.0,3810.55670103093,2.48854837061124e-14,-7.64294306540785e-14,-1.16748485123634e-30,0.0,16737.6765695,2351.34020618557
6275,2295.15463917526,11838.5006597938,0.0,3810.55670103093,-1.59145051292487e-13,-7.64294306540785e-14,6.1039194883492e-30,0.0,26498.5203635,2295.15463917526
6276,2394.0206185567,11530.3216804124,0.0,3810.55670103093,1.0953246054253e-13,-7.64294306540785e-14,3.36263413078864e-30,0.0,36005.270589,2394.0206185567
6277,2440.20618556701,9968.44011340206,0.0,3810.55670103093,-3.65629830903583e-15,-7.64294306540785e-14,-2.78651902809392e-31,0.0,44224.2494625,2440.20618556701
6278,2317.62886597938,7325.33243298969,0.0,3810.55670103093,1.07200862395374e-13,-7.64294306540785e-14,7.836503858318281e-31,0.0,50263.9860535,2317.62886597938
6279,2151.54639175258,49.0839072164954,0.0,3810.55670103093,2.37566252023691e-13,-7.64294306540785e-14,-1.36638978870334e-29,0.0,50304.455735,2151.5463917525803
6280,2251.54639175258,0.0,0.0,496.912308247423,2.40618411541561e-13,3681.82710309278,1.78454729483074e-29,0.0,46087.013463416,2251.5463917525803
6281,93.05673,0.0,0.0,0.0,2452.96102164948,4233.95189003436,-1.12512735090232e-13,0.0,38427.3194065044,2546.01775164948
6282,0.0,0.0,0.0,0.0,2560.71019473081,4233.95189003436,-3.0466810950125703e-14,0.0,30644.2013254447,2560.71019473081
6283,0.0,0.0,0.0,0.0,2830.92783505155,4233.95189003436,1.82164111973498e-14,0.0,22551.555592242,2830.92783505155
6284,0.0,0.0,0.0,0.0,2817.86941580756,3186.27779147744,1.1005217966408e-13,0.0,15673.9528347563,2817.86941580756
6285,0.0,0.0,0.0,0.0,2737.11340206186,0.0,7.03457086396175e-14,0.0,12538.6568415583,2737.11340206186
6286,0.0,0.0,0.0,0.0,2823.82588774341,0.0,9.55108452553749e-14,0.0,9304.03383154295,2823.82588774341
6287,0.0,0.0,0.0,0.0,2884.421534937,0.0,-3.4894004956710105e-14,0.0,6000.0,2884.421534937
6288,0.0,0.0,0.0,0.0,0.0,0.0,2396.6,0.0,12000.0,2396.6
6289,0.0,0.0,0.0,0.0,0.0,0.0,2468.8,0.0,12000.0,2468.8
6290,0.0,0.0,0.0,0.0,0.0,0.0,2517.0,0.0,12000.0,2517.0
6291,0.0,0.0,0.0,0.0,0.0,0.0,2578.9,0.0,12000.0,2578.9
6292,0.0,0.0,0.0,0.0,0.0,0.0,2416.9,0.0,12000.0,2416.9
6293,0.0,0.0,0.0,0.0,1712.65947399771,0.0,1061.4482792,0.0,10038.1907514345,2774.10775319771
6294,56.40804,0.0,0.0,0.0,2760.80664513173,0.0,-6.6036408971947e-14,0.0,6875.75473181049,2817.2146851317298
6295,1892.0226,0.0,0.0,0.0,764.533880870561,0.0,4.85381226427083e-14,0.0,6000.0,2656.556480870561
6296,2534.53608247423,1549.97291752577,0.0,0.0,-1.25793653234334e-13,0.0,-2.79829641091734e-30,0.0,7277.9526705,2534.53608247423
6297,2510.10309278351,7460.7539072165,0.0,0.0,-6.7319521132288e-15,0.0,-1.70315741097579e-33,0.0,13429.344267,2510.10309278351
6298,2460.41237113402,6911.87262886598,0.0,0.0,-1.85355235160479e-13,0.0,-7.583973721361899e-31,0.0,19128.1832495,2460.41237113402
6299,2589.48453608247,9532.72946391753,0.0,0.0,2.30096747136247e-13,0.0,-1.99880536348953e-29,0.0,26987.9186925,2589.48453608247
6300,2647.52577319588,8684.97722680412,0.0,0.0,-9.629993308227241e-14,0.0,3.0222458995701698e-30,0.0,34148.682416,2647.52577319588
6301,2502.68041237113,8257.73158762887,0.0,0.0,-3.30035987124054e-14,0.0,-1.3649798273436e-30,0.0,40957.18211,2502.68041237113
6302,2635.36082474227,5533.73517525773,0.0,0.0,-2.42523756208284e-13,0.0,4.27471931822837e-31,0.0,45519.746762,2635.3608247422694
6303,2305.8711,0.0,0.0,0.0,395.538411225658,0.0,1.1573647129126702e-15,0.0,45066.6672531505,2701.4095112256578
6304,2687.31958762887,1339.97641237113,0.0,0.0,-1.21130456940022e-13,0.0,2.3596710789963e-30,0.0,46171.4778051505,2687.31958762887
6305,122.94867,0.0,0.0,0.0,2899.5873884307,0.0,1.37936928347725e-13,0.0,42850.0718619309,3022.5360584307
6306,0.0,0.0,0.0,0.0,3001.37457044674,0.0,1.33570265195798e-13,0.0,39412.0712084982,3001.37457044674
6307,0.0,0.0,0.0,0.0,2950.63001145475,0.0,-1.27090107306574e-13,0.0,36032.197197668,2950.63001145475
6308,0.0,0.0,0.0,0.0,3039.97709049255,0.0,5.90602715009193e-14,0.0,32549.9783082149,3039.97709049255
6309,0.0,0.0,0.0,0.0,2957.04467353952,0.0,-4.1131463260165303e-14,0.0,29162.7564599451,2957.04467353952
6310,0.0,0.0,0.0,0.0,3092.78350515464,0.0,1.69202933451293e-13,0.0,25620.0491229982,3092.78350515464
6311,0.0,0.0,0.0,0.0,2929.66781214204,0.0,1.67548939721737e-13,0.0,22264.1867952296,2929.66781214204
6312,0.0,0.0,0.0,0.0,2893.69988545246,0.0,-1.09456088840694e-13,0.0,18949.5248416758,2893.69988545246
6313,0.0,0.0,0.0,0.0,2892.66895761741,0.0,1.64299985097247e-13,0.0,15636.0437905676,2892.66895761741
6314,0.0,0.0,0.0,0.0,921.152833289247,0.0,1722.23357653849,0.0,14580.8859059293,2643.386409827737
6315,0.0,0.0,0.0,0.0,0.0,0.0,2611.9,0.0,14580.8859059293,2611.9
6316,0.0,0.0,0.0,0.0,2737.80068728522,0.0,-9.2907369464816e-14,0.0,11444.8026444342,2737.80068728522
6317,0.0,0.0,0.0,0.0,2579.38144329897,0.0,-8.40938315546343e-14,0.0,8490.1847254205,2579.38144329897
6318,361.19382,0.0,0.0,0.0,2173.9312652921,0.0,-2.5696900136132502e-14,0.0,6000.0,2535.1250852921
6319,2420.0,2.47354102687675e-13,2.07393248198789e-13,2791.063,1.78042638542408e-13,0.0,1.57844470703329e-30,0.0,6000.0,2420.0
6320,2340.72164948454,3671.69064948454,0.0,3810.55670103093,5.06064829695908e-14,0.0,-6.926548458382191e-31,0.0,9027.3089405,2340.72164948454
6321,2352.88659793814,6964.15170103093,0.0,3810.55670103093,1.96830306095602e-13,-7.64294306540785e-14,-9.116690002217969e-30,0.0,14769.252018,2352.88659793814
6322,2391.23711340206,9236.35618556701,0.0,3810.55670103093,1.09447503525022e-13,-7.64294306540785e-14,1.39348639737789e-30,0.0,22384.627693,2391.23711340206
6323,2549.89690721649,10007.9633917526,0.0,3810.55670103093,-4.71895327024718e-14,0.0,1.3929221654096e-30,0.0,30636.1935095,2549.89690721649
6324,2405.56701030928,9893.17728865979,0.0,3810.55670103093,8.90487991953854e-14,-7.64294306540785e-14,5.3835970796750796e-30,0.0,38793.118184,2405.56701030928
6325,2362.16494845361,8655.74135051546,0.0,3810.55670103093,2.17949571795953e-13,-7.64294306540785e-14,4.8047772817417595e-30,0.0,45929.7769275,2362.16494845361
6326,2630.30927835052,5981.49202061856,0.0,3810.55670103093,-1.85378729446802e-13,-7.64294306540785e-14,-6.1605585853258796e-30,0.0,50861.5170985,2630.30927835052
6327,2416.70103092783,2601.44526804124,0.0,3810.55670103093,1.0501568399691e-13,-7.64294306540785e-14,-3.25919910549317e-30,0.0,53006.408722,2416.70103092783
6328,2346.70103092784,0.0,0.0,1944.93696907216,1.43258508559371e-14,2072.91081328751,1.3588834987911402e-31,0.0,50631.9404364473,2346.70103092784
6329,406.7622,0.0,0.0,0.0,2313.33409621993,4233.95189003436,-1.69149433844105e-13,0.0,43132.1855839223,2720.09629621993
6330,0.0,0.0,0.0,0.0,2949.94272623139,4233.95189003436,3.61629707978597e-14,0.0,34903.2112239386,2949.94272623139
6331,0.0,0.0,0.0,0.0,2882.01603665521,4233.95189003436,1.10620874303633e-13,0.0,26752.045213985,2882.01603665521
6332,0.0,0.0,0.0,0.0,2865.06300114548,4233.95189003436,1.24233180189651e-13,0.0,18620.298488693,2865.06300114548
6333,0.0,0.0,0.0,0.0,2797.9381443299,2178.23077535984,1.3093515275445e-13,0.0,12920.2195428858,2797.9381443299
6334,0.0,0.0,0.0,0.0,2985.33791523482,0.0,1.74923787304299e-13,0.0,9500.58848305208,2985.33791523482
6335,0.0,0.0,0.0,0.0,3056.01374570447,0.0,-4.0046164170163103e-14,0.0,6000.0,3056.01374570447
6336,0.0,0.0,0.0,0.0,2982.01603665521,0.0,-1.62049900544305e-13,0.0,8584.17407026894,2982.01603665521
6337,0.0,0.0,0.0,0.0,2255.98396334479,0.0,730.126,0.0,6000.0,2986.1099633447902
6338,0.0,0.0,0.0,0.0,0.0,0.0,2601.4,0.0,6000.0,2601.4
6339,0.0,0.0,0.0,0.0,0.0,0.0,2578.7,0.0,6000.0,2578.7
6340,0.0,0.0,0.0,0.0,0.0,0.0,2454.1,0.0,6000.0,2454.1
6341,0.0,0.0,0.0,0.0,0.0,0.0,2576.9,0.0,6000.0,2576.9
6342,1145.8161,0.0,0.0,0.0,0.0,0.0,1491.958383,0.0,6000.0,2637.774483
6343,2596.80412371134,551.786776154717,-1.13686837721616e-13,2306.02710013394,1.31348793327271e-13,0.0,7.755899919561439e-30,0.0,6454.94819693956,2596.80412371134
6344,2766.0824742268,7230.2415257732,0.0,0.0,-5.1009242163701505e-14,0.0,1.77110112013147e-30,0.0,12416.2823349396,2766.0824742268
6345,2640.30927835052,10574.9577216495,0.0,0.0,1.27467621134857e-13,0.0,6.0576877919987e-30,0.0,21135.3349764396,2640.30927835052
6346,2562.16494845361,8673.69605154639,0.0,0.0,2.24053890831692e-13,0.0,1.71066420766088e-30,0.0,28286.7973709396,2562.16494845361
6347,2562.16494845361,13814.2080515464,0.0,0.0,2.24053890831692e-13,0.0,1.71066420766088e-30,0.0,39676.6119094396,2562.16494845361
6348,2562.37113402062,13616.5838659794,0.0,0.0,-6.24358561332827e-14,0.0,-5.1091310555465e-30,0.0,50903.4853069396,2562.37113402062
6349,2429.17525773196,494.572842268041,0.0,0.0,8.9769360566099e-14,0.0,1.2575567976778298e-30,0.0,51311.2606153896,2429.17525773196
6350,2540.82474226804,502.879557731959,0.0,0.0,1.6610334568198998e-13,0.0,-5.63221850730994e-31,0.0,51725.8848107396,2540.82474226804
6351,2535.67010309278,940.622196907217,0.0,0.0,9.8228772035318e-14,0.0,-4.8742204423836496e-30,0.0,52501.4278120896,2535.67010309278
6352,1109.0859,0.0,0.0,0.0,1430.68347880871,0.0,-4.88450462675717e-14,0.0,50862.615121587,2539.76937880871
6353,0.0,0.0,0.0,0.0,2734.0206185567,0.0,-1.78807713194887e-14,0.0,47730.861835726,2734.0206185567
6354,0.0,0.0,0.0,0.0,2835.62428407789,0.0,2.86839428370873e-14,0.0,44482.7240532771,2835.62428407789
6355,0.0,0.0,0.0,0.0,2885.56701030928,0.0,-1.5540001816861099e-13,0.0,41177.3781079056,2885.56701030928
6356,0.0,0.0,0.0,0.0,2927.0332187858,0.0,6.43166110925822e-14,0.0,37824.5336419425,2927.0332187858
6357,0.0,0.0,0.0,0.0,2760.59564719359,0.0,1.8043628040088599e-13,0.0,34662.3393152603,2760.59564719359
6358,0.0,0.0,0.0,0.0,2804.69644902635,0.0,1.0639080096735099e-13,0.0,31449.6286061808,2804.69644902635
6359,0.0,0.0,0.0,0.0,2808.36197021764,0.0,-6.3800307788539306e-15,0.0,28232.7191328502,2808.36197021764
6360,0.0,0.0,0.0,0.0,2831.156930126,0.0,-1.87783731799616e-13,0.0,24989.6985943325,2831.156930126
6361,0.0,0.0,0.0,0.0,2868.15578465063,0.0,-1.84534777175126e-13,0.0,21704.2967791542,2868.15578465063
6362,0.0,0.0,0.0,0.0,2742.49713631157,0.0,-2.46869242624975e-14,0.0,18562.8338509622,2742.49713631157
6363,0.0,0.0,0.0,0.0,2830.81328751432,0.0,-1.3503364952868998e-13,0.0,15320.206946593,2830.81328751432
6364,0.0,0.0,0.0,0.0,2633.56242840779,0.0,-1.84951498687966e-13,0.0,12303.5260434913,2633.56242840779
6365,0.0,0.0,0.0,0.0,2723.13860252005,0.0,1.34440260883864e-13,0.0,9184.23783900101,2723.13860252005
6366,0.0,0.0,0.0,0.0,2779.83963344788,0.0,-7.41880519089337e-14,0.0,6000.0,2779.83963344788
6367,2470.61855670103,-2.20896320994007e-13,-2.33851029892457e-13,707.546043298969,-1.58998631543795e-13,0.0,4.6400537419810094e-30,0.0,6000.0,2470.61855670103
6368,2507.52577319588,2.94486753015062e-13,-2.94486753015062e-13,1196.01952680412,2.11968178222582e-13,0.0,1.03286339626478e-30,0.0,6000.0,2507.52577319588
6369,2482.47422680412,46.3410721649484,0.0,3810.55670103093,1.48695338139038e-13,-7.64294306540785e-14,5.3128457743046895e-30,0.0,6038.208214,2482.47422680412
6370,2599.8969072165,3709.03239175258,0.0,3810.55670103093,-3.00363962120433e-14,-7.64294306540785e-14,6.28220464268755e-31,0.0,9096.305421,2599.8969072165
6371,2599.58762886598,5149.06567010309,0.0,3810.55670103093,1.3143375034477899e-13,-7.64294306540785e-14,9.72504765297219e-30,0.0,13341.710066,2599.58762886598
6372,2594.74226804124,10274.5330309278,0.0,3810.55670103093,-9.79109698587151e-14,-7.64294306540785e-14,-3.6827781273839e-30,0.0,21813.06255,2594.74226804124
6373,2516.39175257732,8862.73254639175,0.0,3810.55670103093,-2.20109787515198e-13,-7.64294306540785e-14,7.56072439815624e-30,0.0,29120.3855345,2516.39175257732
6374,2609.69072164948,4142.31757731959,0.0,3810.55670103093,4.83978102848038e-14,0.0,8.81143573774187e-31,0.0,32535.726377,2609.69072164948
6375,2535.87628865979,0.0,0.0,2930.01271134021,-1.72633918198163e-13,0.0,4.8430245479789895e-30,0.0,32535.726377,2535.87628865979
6376,1249.3299,0.0,0.0,0.0,1450.22909163803,0.0,7.53357005074627e-14,0.0,30874.5246683654,2699.55899163803
6377,35.298978,0.0,0.0,0.0,2667.53721802978,0.0,4.06635387016326e-14,0.0,27818.9264804733,2702.83619602978
6378,0.0,0.0,0.0,0.0,2738.14432989691,0.0,-1.45657451735742e-13,0.0,24682.4495848296,2738.14432989691
6379,0.0,0.0,0.0,0.0,2975.94501718213,0.0,1.5398872402482399e-13,0.0,21273.5778583896,2975.94501718213
6380,0.0,0.0,0.0,0.0,3011.56930126002,1583.08891138217,1.44502311096879e-13,0.0,16010.5100317663,3011.56930126002
6381,0.0,0.0,0.0,0.0,2879.03780068728,0.0,6.01386279454049e-14,0.0,12712.6431352173,2879.03780068728
6382,0.0,0.0,0.0,0.0,2898.16723940435,0.0,1.0701158579600999e-13,0.0,9392.86393773233,2898.16723940435
6383,0.0,0.0,0.0,0.0,2961.97021764032,0.0,1.60330362706489e-13,0.0,6000.0,2961.97021764032
6384,0.0,0.0,0.0,0.0,0.0,0.0,2539.8,0.0,12000.0,2539.8
6385,0.0,0.0,0.0,0.0,0.0,0.0,2477.6,0.0,12000.0,2477.6
6386,0.0,0.0,0.0,0.0,0.0,0.0,2598.2,0.0,12000.0,2598.2
6387,0.0,0.0,0.0,0.0,0.0,0.0,2517.9,0.0,12000.0,2517.9
6388,0.0,0.0,0.0,0.0,0.0,0.0,2365.3,0.0,12000.0,2365.3
6389,0.0,0.0,0.0,0.0,0.0,0.0,2507.7,0.0,12000.0,2507.7
6390,959.7861,0.0,0.0,0.0,1863.35335967927,0.0,6.21997624244828e-14,0.0,9865.57461663314,2823.1394596792697
6391,1018.1613,0.0,0.0,0.0,1747.40382474227,0.0,-7.4430410590867e-14,0.0,7863.96656996388,2765.56512474227
6392,2497.42268041237,1438.30131958763,0.0,0.0,-2.10270716035736e-13,0.0,7.62868919800628e-30,0.0,9049.84600796388,2497.42268041237
6393,2573.09278350515,4128.08221649485,0.0,0.0,5.608631548404531e-15,0.0,-3.03214848362057e-31,0.0,12453.4497954639,2573.09278350515
6394,2620.61855670103,7269.27444329897,0.0,0.0,-1.5442039226699e-13,0.0,7.8288734984839e-30,0.0,18446.9665739639,2620.61855670103
6395,2575.9793814433,7931.0496185567,0.0,0.0,1.30713188974065e-13,0.0,2.8322788108423498e-30,0.0,24986.1169844639,2575.9793814433
6396,2612.37113402062,6472.83486597938,0.0,0.0,-6.09097763743478e-14,0.0,-3.73254762003172e-31,0.0,30322.9693314639,2612.37113402062
6397,2596.28865979381,3535.83734020619,0.0,0.0,7.40338525307745e-14,0.0,-6.13174154238444e-31,0.0,33238.2672184639,2596.28865979381
6398,2274.6906,0.0,0.0,0.0,355.040226804124,0.0,-1.5797069915627802e-14,0.0,32831.5773824912,2629.730826804124
6399,290.45211,0.0,0.0,0.0,2536.72560515464,0.0,-1.45105748563249e-13,0.0,29925.8206755558,2827.1777151546403
6400,18.988398,0.0,0.0,0.0,0.0,0.0,2382.78125394,0.0,29925.8206755558,2401.76965194
6401,15.055131,0.0,0.0,0.0,0.0,0.0,2374.09652293,0.0,29925.8206755558,2389.15165393
6402,0.0,0.0,0.0,0.0,0.0,0.0,2426.1,0.0,29925.8206755558,2426.1
6403,0.0,0.0,0.0,0.0,0.0,0.0,2280.0,0.0,29925.8206755558,2280.0
6404,0.0,0.0,0.0,0.0,0.0,0.0,2467.7,0.0,29925.8206755558,2467.7
6405,0.0,0.0,0.0,0.0,0.0,0.0,2485.4,0.0,29925.8206755558,2485.4
6406,0.0,0.0,0.0,0.0,0.0,0.0,2466.8,0.0,29925.8206755558,2466.8
6407,0.0,0.0,0.0,0.0,0.0,0.0,2569.3,0.0,29925.8206755558,2569.3
6408,0.0,0.0,0.0,0.0,0.0,0.0,2514.8,0.0,29925.8206755558,2514.8
6409,0.0,0.0,0.0,0.0,0.0,0.0,2443.6,0.0,29925.8206755558,2443.6
6410,0.0,0.0,0.0,0.0,0.0,0.0,2464.9,0.0,29925.8206755558,2464.9
6411,0.0,0.0,0.0,0.0,0.0,0.0,2470.0,0.0,29925.8206755558,2470.0
6412,0.0,0.0,0.0,0.0,0.0,0.0,2379.0,0.0,29925.8206755558,2379.0
6413,0.0,0.0,0.0,0.0,0.0,0.0,2440.7,0.0,29925.8206755558,2440.7
6414,91.04277,0.0,0.0,0.0,0.0,0.0,2410.1885131,0.0,29925.8206755558,2501.2312831
6415,24.05871,0.0,0.0,0.0,0.0,0.0,2370.1630513,0.0,29925.8206755558,2394.2217613
6416,126.77925,0.0,0.0,0.0,0.0,0.0,2227.1241275,0.0,29925.8206755558,2353.9033775000003
6417,666.8142,0.0,0.0,0.0,0.0,0.0,1786.890226,0.0,29925.8206755558,2453.704426
6418,1016.0826,0.0,0.0,0.0,0.0,0.0,1484.999878,0.0,29925.8206755558,2501.0824780000003
6419,1638.6669,0.0,0.0,0.0,0.0,0.0,880.593107,0.0,29925.8206755558,2519.260007
6420,1366.9344,0.0,0.0,0.0,0.0,0.0,1215.573632,0.0,29925.8206755558,2582.508032
6421,2650.61855670103,334.89774329897,0.0,0.0,0.0,0.0,2.16145818311225e-13,0.0,30201.9438649058,2650.61855670103
6422,1821.0738,0.0,0.0,0.0,0.0,0.0,777.658414,0.0,30201.9438649058,2598.732214
6423,1489.4061,0.0,0.0,0.0,1200.08715120275,0.0,-3.03826525694668e-14,0.0,28827.273588614,2689.49325120275
6424,264.43326,0.0,0.0,0.0,2551.77518648339,0.0,-1.50535983347163e-13,0.0,25904.2779569033,2816.2084464833897
6425,120.62895,0.0,0.0,0.0,2581.08810824742,0.0,-1.77314006840406e-13,0.0,22947.7050952224,2701.71705824742
6426,0.0,0.0,0.0,0.0,2770.56128293242,0.0,-5.73788815875311e-14,0.0,19774.0953782323,2770.56128293242
6427,0.0,0.0,0.0,0.0,861.784119721405,0.0,1621.66246348321,0.0,18786.9428928698,2483.4465832046158
6428,0.0,0.0,0.0,0.0,2753.95189003436,0.0,-9.651665797243971e-14,0.0,15632.3588263929,2753.95189003436
6429,0.0,0.0,0.0,0.0,2773.08132875143,0.0,-4.9643700121835e-14,0.0,12455.86245898,2773.08132875143
6430,0.0,0.0,0.0,0.0,2791.4089347079,0.0,7.232275107163671e-15,0.0,9258.37227031119,2791.4089347079
6431,0.0,0.0,0.0,0.0,2844.55899198167,0.0,6.87194122402998e-15,0.0,6000.0,2844.55899198167
6432,0.0,0.0,0.0,0.0,2432.73081328751,0.0,347.426,0.0,9213.36676599368,2780.15681328751
6433,0.0,0.0,0.0,0.0,2805.26918671249,0.0,-1.52359424300541e-13,0.0,6000.0,2805.26918671249
6434,0.0,0.0,0.0,0.0,0.0,0.0,2552.0,0.0,6000.0,2552.0
6435,0.0,0.0,0.0,0.0,0.0,0.0,2425.7,0.0,6000.0,2425.7
6436,0.0,0.0,0.0,0.0,0.0,0.0,2503.1,0.0,6000.0,2503.1
6437,0.0,0.0,0.0,0.0,0.0,0.0,2506.4,0.0,6000.0,2506.4
6438,724.8852,0.0,0.0,0.0,0.0,0.0,1763.661356,0.0,6000.0,2488.546556
6439,738.7458,0.0,0.0,0.0,0.0,0.0,1859.316574,0.0,6000.0,2598.062374
6440,2589.89690721649,6821.38809278351,0.0,0.0,1.62392087524591e-13,0.0,1.67686148852777e-30,0.0,11624.2344825,2589.89690721649
6441,2520.82474226804,10323.708257732,0.0,0.0,6.13125355684584e-14,0.0,4.8042130497734596e-30,0.0,20136.131941,2520.82474226804
6442,2658.24742268041,8585.78087628866,0.0,3810.55670103093,-1.26283886690916e-14,0.0,2.61557401296619e-31,0.0,27215.1082735,2658.24742268041
6443,2621.34020618557,10423.1672959536,0.0,3020.09949786081,1.21679635882825e-13,0.0,-1.04113876617213e-29,0.0,35809.0097090138,2621.34020618557
6444,2579.38144329897,13249.899556701,0.0,0.0,-1.92142147122071e-13,0.0,8.645390415100429e-30,0.0,46733.5518935138,2579.38144329897
6445,2567.01030927835,11868.9176907216,0.0,0.0,-5.18762232831074e-14,0.0,1.85160258643337e-30,0.0,56519.4745295138,2567.01030927835
6446,2612.47422680412,9265.36577319588,0.0,0.0,4.8482767302311504e-14,0.0,-2.65911325487861e-30,0.0,64158.7686095138,2612.47422680412
6447,2671.64948453608,5396.98251546392,0.0,0.0,-3.82644309150623e-14,0.0,1.75587512930925e-30,0.0,68608.5806935138,2671.64948453608
6448,2547.42268041237,926.350219587629,0.0,0.0,-2.08744636276802e-13,0.0,1.3457563674225099e-30,0.0,69372.3564495638,2547.42268041237
6449,250.64637,0.0,0.0,0.0,2667.20850068729,0.0,1.42876084309181e-14,0.0,66317.134799292,2917.85487068729
6450,0.0,0.0,0.0,0.0,2808.13287514318,0.0,1.41867198655531e-13,0.0,63100.487748727,2808.13287514318
6451,0.0,0.0,0.0,0.0,2894.15807560138,0.0,-8.956110385580421e-15,0.0,59785.3009496418,2894.15807560138
6452,0.0,0.0,0.0,0.0,2915.34936998855,0.0,-5.48479495243929e-14,0.0,56445.8400447294,2915.34936998855
6453,0.0,0.0,0.0,0.0,2971.36311569301,0.0,-1.57976097775338e-13,0.0,53042.2167736034,2971.36311569301
6454,0.0,0.0,0.0,0.0,2942.84077892325,0.0,-1.68031205342837e-13,0.0,49671.265136807,2942.84077892325
6455,0.0,0.0,0.0,0.0,2901.83276059565,0.0,-5.75924595019535e-15,0.0,46347.2871750709,2901.83276059565
6456,0.0,0.0,0.0,0.0,2881.5578465063,0.0,6.7873809411101e-14,0.0,43046.5336280992,2881.5578465063
6457,0.0,0.0,0.0,0.0,2974.79954180985,0.0,-1.22499700087158e-13,0.0,39638.9740154876,2974.79954180985
6458,0.0,0.0,0.0,0.0,2760.71019473081,0.0,-1.21061009759538e-13,0.0,36476.6484774226,2760.71019473081
6459,0.0,0.0,0.0,0.0,2823.59679266896,0.0,-9.548344907154251e-14,0.0,33242.2878901729,2823.59679266896
6460,0.0,0.0,0.0,0.0,2847.99541809851,0.0,1.0010125247479099e-13,0.0,29979.9792783762,2847.99541809851
6461,0.0,0.0,0.0,0.0,2931.50057273769,0.0,-5.84572380320166e-14,0.0,26622.017568482,2931.50057273769
6462,50.47458,0.0,0.0,0.0,2870.72125704467,0.0,-3.3099352135499996e-14,0.0,23333.677067858,2921.19583704467
6463,0.0,0.0,0.0,0.0,2905.04009163803,0.0,1.7796438117237e-13,0.0,20006.0251874021,2905.04009163803
6464,2734.32989690722,71.158503092784,0.0,0.0,1.51173356034887e-13,0.0,6.427963772893319e-30,0.0,20064.6953732021,2734.32989690722
6465,2672.88659793814,1286.31540206186,0.0,0.0,-2.10124296287044e-13,0.0,6.1648234516380896e-30,0.0,21125.2624222021,2672.88659793814
6466,2844.32989690722,3950.21110309278,0.0,0.0,-3.82029681838777e-14,0.0,-1.67713835046969e-30,0.0,24382.2114767021,2844.32989690722
6467,2739.8969072165,7385.67309278351,0.0,0.0,1.82597383532889e-13,0.0,-6.3489674965351205e-31,0.0,30471.6989417021,2739.8969072165
6468,2652.37113402062,8499.13286597938,0.0,0.0,1.48671843852715e-13,0.0,-8.93154388849969e-32,0.0,37479.2339897021,2652.37113402062
6469,2794.0206185567,1144.8623814433,0.0,0.0,1.21741098614009e-13,0.0,8.193217106753969e-30,0.0,38423.1730232021,2794.0206185567
6470,619.3434,0.0,0.0,0.0,2399.81317525773,0.0,-8.350331417393571e-14,0.0,35674.2461328725,3019.15657525773
6471,813.7077,0.0,0.0,0.0,2064.72340320733,0.0,-1.523106558153e-13,0.0,33309.1563239294,2878.43110320733
6472,0.0,0.0,0.0,0.0,3052.00458190149,0.0,1.83227663409549e-13,0.0,29813.1602392771,3052.00458190149
6473,0.0,0.0,0.0,0.0,2993.24169530355,0.0,8.762633586788051e-14,0.0,26384.4755940267,2993.24169530355
6474,0.0,0.0,0.0,0.0,3019.93127147766,0.0,-1.55539025721693e-14,0.0,22925.2186965724,3019.93127147766
6475,0.0,0.0,0.0,0.0,3044.21534936999,0.0,2.67807382481244e-14,0.0,19438.1449859538,3044.21534936999
6476,0.0,0.0,0.0,0.0,2971.36311569301,0.0,-1.57976097775338e-13,0.0,16034.5217148278,2971.36311569301
6477,0.0,0.0,0.0,0.0,2858.41924398625,0.0,-9.49668446210938e-14,0.0,12760.2728671918,2858.41924398625
6478,0.0,0.0,0.0,0.0,2967.69759450172,0.0,1.2547647533448201e-14,0.0,9360.84836031696,2967.69759450172
6479,0.0,0.0,0.0,0.0,2934.0206185567,0.0,-1.08474970128901e-13,0.0,6000.0,2934.0206185567
6480,0.0,0.0,0.0,0.0,0.0,0.0,2486.5,0.0,12000.0,2486.5
6481,0.0,0.0,0.0,0.0,0.0,0.0,2388.8,0.0,12000.0,2388.8
6482,0.0,0.0,0.0,0.0,0.0,0.0,2487.6,0.0,12000.0,2487.6
6483,0.0,0.0,0.0,0.0,0.0,0.0,2462.7,0.0,12000.0,2462.7
6484,0.0,0.0,0.0,0.0,0.0,0.0,2189.5,0.0,12000.0,2189.5
6485,0.0,0.0,0.0,0.0,0.0,0.0,2116.7,0.0,12000.0,2116.7
6486,0.0,0.0,0.0,0.0,0.0,0.0,2185.8,0.0,12000.0,2185.8
6487,0.0,0.0,0.0,0.0,0.0,0.0,2167.9,0.0,12000.0,2167.9
6488,885.2493,0.0,0.0,0.0,0.0,0.0,1373.608179,0.0,12000.0,2258.857479
6489,1105.7631,0.0,0.0,0.0,0.0,0.0,1270.209793,0.0,12000.0,2375.972893
6490,2428.35051546392,6476.24648453608,0.0,0.0,0.0,0.0,1.69296146402969e-13,0.0,17339.6652265,2428.35051546392
6491,2272.37113402062,5479.65886597938,0.0,0.0,2.41254015894767e-13,0.0,7.314758087723151e-31,0.0,21857.6439615,2272.3711340206205
6492,958.4718,0.0,0.0,0.0,1464.92824054983,0.0,6.71763591252092e-14,0.0,20179.6047397934,2423.40004054983
6493,2397.9381443299,2773.3838556701,0.0,0.0,-1.5600793475711e-13,0.0,-4.49279843940759e-30,0.0,22466.2597287934,2397.9381443299
6494,2778.35051546392,8042.55048453608,0.0,0.0,2.04607124638969e-13,0.0,2.0800165950033698e-30,0.0,29097.3426032934,2778.35051546392
6495,2693.81443298969,4524.14956701031,0.0,0.0,-1.00096148257179e-13,0.0,3.29318150541819e-30,0.0,32827.5039212934,2693.81443298969
6496,875.2224,0.0,0.0,0.0,2033.25804352806,0.0,2.70229713011372e-15,0.0,30498.4569069429,2908.48044352806
6497,0.0,0.0,0.0,0.0,3011.45475372279,0.0,-8.747749629160501e-15,0.0,27048.9096518194,3011.45475372279
6498,0.0,0.0,0.0,0.0,3013.86025200458,0.0,-1.54262628889504e-13,0.0,23596.6069576561,3013.86025200458
6499,0.0,0.0,0.0,0.0,3019.2439862543,0.0,1.4769917553226399e-13,0.0,20138.1373284988,3019.2439862543
6500,0.0,0.0,0.0,0.0,0.0,0.0,2630.3,0.0,20138.1373284988,2630.3
6501,0.0,0.0,0.0,0.0,0.0,0.0,2527.9,0.0,20138.1373284988,2527.9
6502,0.0,0.0,0.0,0.0,0.0,0.0,2723.0,0.0,20138.1373284988,2723.0
6503,0.0,0.0,0.0,0.0,0.0,0.0,2697.3,0.0,20138.1373284988,2697.3
6504,0.0,0.0,0.0,0.0,0.0,0.0,2592.6,0.0,20138.1373284988,2592.6
6505,0.0,0.0,0.0,0.0,0.0,0.0,2666.2,0.0,20138.1373284988,2666.2
6506,0.0,0.0,0.0,0.0,518.768000036024,0.0,2132.61553596855,0.0,19543.9013605308,2651.383536004574
6507,0.0,0.0,0.0,0.0,2908.5910652921,0.0,-3.03035977372941e-14,0.0,16212.1819272065,2908.5910652921
6508,0.0,0.0,0.0,0.0,2904.23825887743,0.0,-1.51274125210539e-13,0.0,12885.4485264306,2904.23825887743
6509,0.0,0.0,0.0,0.0,3025.08591065292,0.0,-2.0092219602480302e-14,0.0,9420.28711674795,3025.08591065292
6510,0.0,0.0,0.0,0.0,2985.91065292096,0.0,-8.38264379635927e-14,0.0,6000.0,2985.91065292096
6511,2705.77319587629,1500.61080412371,0.0,0.0,-1.8828446921598e-13,0.0,4.941441329473469e-30,0.0,7237.253608,2705.77319587629
6512,1755.2808,0.0,0.0,0.0,1015.20919129439,0.0,1.26036233739313e-14,0.0,6074.3564816605,2770.48999129439
6513,2647.73195876289,9981.95004123711,0.0,0.0,1.2248515427104599e-13,0.0,-1.5494710861807e-30,0.0,14304.4742906605,2647.73195876289
6514,2650.30927835052,2866.24072164948,0.0,0.0,-8.05879193332711e-14,0.0,-5.091843617032411e-31,0.0,16667.6897656605,2650.30927835052
6515,2560.51546391753,1768.99153608247,0.0,0.0,-7.291053196595021e-14,0.0,9.18092160011477e-31,0.0,18126.2232871605,2560.51546391753
6516,2592.7473,0.0,0.0,0.0,44.3701248568155,0.0,-2.34413355418749e-15,0.0,18075.3984018721,2637.1174248568154
6517,2629.27835051546,5640.20364948454,0.0,0.0,1.89639166547004e-13,0.0,-4.1312413366578794e-30,0.0,22725.746310872,2629.27835051546
6518,2601.924,0.0,0.0,0.0,164.070698739977,0.0,-6.018171385697751e-15,0.0,22537.8073661527,2765.994698739977
6519,1652.3715,0.0,0.0,0.0,1162.31345360825,0.0,-2.8630762731992404e-14,0.0,21206.4059301753,2814.68495360825
6520,1100.2719,0.0,0.0,0.0,1712.18357044674,0.0,-9.13186263132695e-14,0.0,19245.141817407,2812.45547044674
6521,0.0,0.0,0.0,0.0,2896.56357388316,0.0,-1.54470989645924e-13,0.0,15927.199579282,2896.56357388316
6522,0.0,0.0,0.0,0.0,2805.7273768614,0.0,-1.6736527297059e-13,0.0,12713.3079677569,2805.7273768614
6523,0.0,0.0,0.0,0.0,2943.65027280481,0.0,48.693311841397,0.0,9341.42907565517,2992.343584646207
6524,0.0,0.0,0.0,0.0,0.0,0.0,2611.0,0.0,9341.42907565517,2611.0
6525,0.0,0.0,0.0,0.0,2917.06758304696,0.0,-3.7109750680302904e-14,0.0,6000.0,2917.06758304696
6526,0.0,0.0,0.0,0.0,0.0,0.0,2607.1,0.0,6000.0,2607.1
6527,0.0,0.0,0.0,0.0,0.0,0.0,2608.5,0.0,6000.0,2608.5
6528,0.0,0.0,0.0,0.0,0.0,0.0,2619.3,0.0,12000.0,2619.3
6529,0.0,0.0,0.0,0.0,0.0,0.0,2656.5,0.0,12000.0,2656.5
6530,0.0,0.0,0.0,0.0,0.0,0.0,2634.4,0.0,12000.0,2634.4
6531,0.0,0.0,0.0,0.0,0.0,0.0,2600.7,0.0,12000.0,2600.7
6532,0.0,0.0,0.0,0.0,0.0,0.0,2468.5,0.0,12000.0,2468.5
6533,0.0,0.0,0.0,0.0,0.0,0.0,2558.7,0.0,12000.0,2558.7
6534,0.0,0.0,0.0,0.0,1730.71368041237,0.0,1013.286957,0.0,10017.5101026204,2744.00063741237
6535,574.6533,0.0,0.0,0.0,2298.60973539519,0.0,-1.09603686597035e-13,0.0,7384.50926024334,2873.26303539519
6536,1536.1086,0.0,0.0,0.0,1208.67658419244,0.0,-6.765667744411911e-14,0.0,6000.0,2744.7851841924403
6537,2669.38144329897,920.116156701031,0.0,0.0,1.89655528639265e-14,0.0,-1.0830537339693901e-31,0.0,6758.6357712,2669.38144329897
6538,2561.13402061856,4171.47497938144,0.0,0.0,1.09424009238699e-13,0.0,-4.008674815811789e-30,0.0,10198.0168917,2561.13402061856
6539,2474.12371134021,4223.42428865979,0.0,0.0,1.32813410355021e-13,0.0,4.9059805687566e-30,0.0,13680.2302177,2474.12371134021
6540,2388.86597938144,1872.23502061856,0.0,0.0,5.72849436273518e-14,0.0,4.569866668578919e-30,0.0,15223.8879922,2388.86597938144
6541,2506.18556701031,5921.63643298969,0.0,0.0,-2.46466391131882e-13,0.0,-1.98753449642151e-29,0.0,20106.2772312,2506.1855670103096
6542,2707.11340206186,3863.17759793815,0.0,0.0,-2.35124734179809e-13,0.0,-9.45485595988438e-30,0.0,23291.4671607,2707.11340206186
6543,2736.49484536082,4770.96615463918,0.0,0.0,1.77885310732213e-16,0.0,-1.5575568615519e-33,0.0,27225.1287552,2736.49484536082
6544,2669.79381443299,276.66788556701,0.0,0.0,-3.31120500162362e-14,0.0,2.2825203501830597e-30,0.0,27453.24142685,2669.79381443299
6545,0.0,0.0,0.0,0.0,2960.2520045819,0.0,1.4259216386239998e-13,0.0,24062.3456598604,2960.2520045819
6546,0.0,0.0,0.0,0.0,2938.71706758305,0.0,-9.8007438489164e-14,0.0,20696.1176328466,2938.71706758305
6547,0.0,0.0,0.0,0.0,2949.82817869416,0.0,-1.5812628030180101e-15,0.0,17317.1621016964,2949.82817869416
6548,0.0,0.0,0.0,0.0,2974.11225658648,0.0,4.07533780172757e-14,0.0,13910.389757382,2974.11225658648
6549,0.0,0.0,0.0,0.0,2884.53608247423,0.0,1.18356055769329e-13,0.0,10606.2247144562,2884.53608247423
6550,0.0,0.0,0.0,0.0,2832.07331042383,0.0,-1.02289602014551e-13,0.0,7362.15448487561,2832.07331042383
6551,0.0,0.0,0.0,0.0,0.0,0.0,2458.2,0.0,7362.15448487561,2458.2
6552,0.0,0.0,0.0,0.0,0.0,0.0,2530.6,0.0,7362.15448487561,2530.6
6553,0.0,0.0,0.0,0.0,0.0,0.0,2559.6,0.0,7362.15448487561,2559.6
6554,0.0,0.0,0.0,0.0,0.0,0.0,2465.8,0.0,7362.15448487561,2465.8
6555,0.0,0.0,0.0,0.0,0.0,0.0,2395.0,0.0,7362.15448487561,2395.0
6556,0.0,0.0,0.0,0.0,0.0,0.0,2433.5,0.0,7362.15448487561,2433.5
6557,0.0,0.0,0.0,0.0,0.0,0.0,2491.6,0.0,7362.15448487561,2491.6
6558,28.223481,0.0,0.0,0.0,0.0,0.0,2548.72322343,0.0,7362.15448487561,2576.94670443
6559,18.540873,0.0,0.0,0.0,1189.16086529641,0.0,1533.27791778624,0.0,6000.0,2740.97965608265
6560,123.17643,0.0,0.0,0.0,0.0,0.0,2542.5188629,0.0,6000.0,2665.6952929
6561,1347.8049,0.0,0.0,0.0,0.0,0.0,1448.829247,0.0,6000.0,2796.634147
6562,2757.73195876289,1271.20204123711,0.0,0.0,0.0,0.0,-5.8395991364358e-14,0.0,7048.106083,2757.73195876289
6563,2708.35051546392,2166.10348453608,0.0,0.0,9.82902347665026e-14,0.0,2.7115752019645096e-30,0.0,8834.058406,2708.35051546392
6564,2175.2094,0.0,0.0,0.0,435.448891179839,0.0,-1.1504665857878e-14,0.0,8335.26242526708,2610.658291179839
6565,2463.29896907217,1030.73833092783,0.0,0.0,0.0,0.0,-5.25988416624968e-14,0.0,9185.10617911708,2463.29896907217
6566,1152.2355,0.0,0.0,0.0,1776.32481672394,0.0,-8.64298413874495e-14,0.0,7150.36984839092,2928.56031672394
6567,897.0429,0.0,0.0,0.0,0.0,0.0,1741.068387,0.0,7150.36984839092,2638.111287
6568,333.85716,0.0,0.0,0.0,0.0,0.0,2285.7585548,0.0,7150.36984839092,2619.6157148
6569,0.0,0.0,0.0,0.0,1004.27287764527,0.0,1732.86977781568,0.0,6000.0,2737.1426554609498
6570,0.0,0.0,0.0,0.0,0.0,0.0,2609.1,0.0,6000.0,2609.1
6571,0.0,0.0,0.0,0.0,0.0,0.0,2568.7,0.0,6000.0,2568.7
6572,0.0,0.0,0.0,0.0,0.0,0.0,2589.0,0.0,6000.0,2589.0
6573,0.0,0.0,0.0,0.0,0.0,0.0,2599.8,0.0,6000.0,2599.8
6574,0.0,0.0,0.0,0.0,0.0,0.0,2518.9,0.0,6000.0,2518.9
6575,0.0,0.0,0.0,0.0,0.0,0.0,2620.6,0.0,6000.0,2620.6
6576,0.0,0.0,0.0,0.0,0.0,0.0,2511.3,0.0,12000.0,2511.3
6577,0.0,0.0,0.0,0.0,0.0,0.0,2525.5,0.0,12000.0,2525.5
6578,0.0,0.0,0.0,0.0,0.0,0.0,2487.9,0.0,12000.0,2487.9
6579,0.0,0.0,0.0,0.0,0.0,0.0,2476.8,0.0,12000.0,2476.8
6580,0.0,0.0,0.0,0.0,0.0,0.0,2466.9,0.0,12000.0,2466.9
6581,0.0,0.0,0.0,0.0,2908.13287514318,0.0,-7.30506626298265e-14,0.0,8668.80541220712,2908.13287514318
6582,0.0,0.0,0.0,0.0,0.0,0.0,2610.0,0.0,8668.80541220712,2610.0
6583,371.07603,0.0,0.0,0.0,601.052056128294,0.0,1734.9378059,0.0,7980.31508445421,2707.065892028294
6584,1177.4685,0.0,0.0,0.0,1728.81506872852,0.0,8.788137341171971e-14,0.0,6000.0,2906.28356872852
6585,2665.05154639175,1060.70815360825,0.0,0.0,-1.53064226543071e-13,0.0,-2.3923547989213697e-30,0.0,6874.55387265,2665.05154639175
6586,2707.21649484536,12497.4015051546,0.0,0.0,-1.2573219050314998e-13,0.0,-6.23130989069627e-30,0.0,17178.66141365,2707.21649484536
6587,2776.90721649485,2829.53778350516,0.0,0.0,1.42054845926139e-13,0.0,-8.784850433081069e-30,0.0,19511.61531615,2776.90721649485
6588,2692.78350515464,404.615994845361,0.0,0.0,-2.14726029850172e-13,0.0,-2.4261575180544798e-30,0.0,19845.2212039,2692.78350515464
6589,2696.90721649485,378.277883505155,0.0,0.0,2.437934965218e-13,0.0,-1.5864196724179897e-30,0.0,20157.11131885,2696.9072164948507
6590,2739.27835051546,215.977849484536,0.0,0.0,2.62842328239925e-16,0.0,-1.23520879423886e-32,0.0,20335.18505575,2739.27835051546
6591,2430.8583,0.0,0.0,0.0,230.203263459335,0.0,-1.05618566986377e-14,0.0,20071.492886839,2661.061563459335
6592,8.419086,0.0,0.0,0.0,2894.42552872852,0.0,-1.86761849489996e-13,0.0,16755.9997267834,2902.84461472852
6593,0.0,0.0,0.0,0.0,2924.51317296678,0.0,1.72087256752048e-13,0.0,13406.041911243,2924.51317296678
6594,0.0,0.0,0.0,0.0,2879.72508591065,0.0,-4.53615365964477e-14,0.0,10107.3877463969,2879.72508591065
6595,0.0,0.0,0.0,0.0,2900.91638029782,0.0,-9.12533757352601e-14,0.0,6784.45947572352,2900.91638029782
6596,0.0,0.0,0.0,0.0,684.833122306637,0.0,1823.24068422631,0.0,6000.0,2508.073806532947
6597,0.0,0.0,0.0,0.0,0.0,0.0,2453.2,0.0,6000.0,2453.2
6598,0.0,0.0,0.0,0.0,0.0,0.0,2468.8,0.0,6000.0,2468.8
6599,0.0,0.0,0.0,0.0,0.0,0.0,2395.6,0.0,6000.0,2395.6
6600,0.0,0.0,0.0,0.0,0.0,0.0,2427.0,0.0,6000.0,2427.0
6601,0.0,0.0,0.0,0.0,0.0,0.0,2424.4,0.0,6000.0,2424.4
6602,0.0,0.0,0.0,0.0,0.0,0.0,2488.7,0.0,6000.0,2488.7
6603,0.0,0.0,0.0,0.0,0.0,0.0,2368.0,0.0,6000.0,2368.0
6604,0.0,0.0,0.0,0.0,0.0,0.0,2363.9,0.0,6000.0,2363.9
6605,0.0,0.0,0.0,0.0,0.0,0.0,2353.4,0.0,6000.0,2353.4
6606,0.0,0.0,0.0,0.0,0.0,0.0,2343.1,0.0,6000.0,2343.1
6607,18.815823,0.0,0.0,0.0,0.0,0.0,2353.94865169,0.0,6000.0,2372.76447469
6608,1428.3399,0.0,0.0,0.0,0.0,0.0,1051.910297,0.0,6000.0,2480.250197
6609,2509.38144329897,3708.81755670103,0.0,0.0,2.06815797323756e-13,0.0,-1.05125909487361e-29,0.0,9057.9200755,2509.38144329897
6610,2529.48453608247,6241.10846391753,0.0,0.0,-8.42756832043468e-14,0.0,-3.8857489333818794e-30,0.0,14203.714004,2529.48453608247
6611,2492.0618556701,3965.88644329897,0.0,3810.55670103093,8.34445728256665e-15,0.0,4.96027885949788e-31,0.0,17473.5873765,2492.0618556701
6612,2556.0824742268,5093.09643154367,0.0,1312.31909422953,1.50941979268687e-13,0.0,5.9226817858507494e-30,0.0,21672.8453843078,2556.0824742268
6613,2545.9793814433,2497.47791752577,0.0,3810.55670103093,2.33977919328662e-13,0.0,3.74777674092166e-30,0.0,23732.0159273078,2545.979381443301
6614,2552.98969072165,9012.49930927835,0.0,0.0,-1.92947665510292e-13,0.0,-2.16526160440158e-31,0.0,31162.8216078078,2552.98969072165
6615,2600.72164948454,925.362649484535,0.0,3810.55670103093,-1.49818658703862e-13,0.0,-5.61776378007772e-30,0.0,31925.7831123078,2600.72164948454
6616,264.23592,0.0,0.0,0.0,2528.62675555556,0.0,-1.2333908551277601e-14,0.0,29029.3034381319,2792.86267555556
6617,0.0,0.0,0.0,0.0,2777.66323024055,0.0,-1.34673315645556e-13,0.0,25847.558615405,2777.66323024055
6618,0.0,0.0,0.0,0.0,2758.41924398625,0.0,1.19951016664264e-13,0.0,22687.8573049969,2758.41924398625
6619,0.0,0.0,0.0,0.0,2847.99541809851,0.0,1.0010125247479099e-13,0.0,19425.5486932002,2847.99541809851
6620,0.0,0.0,0.0,0.0,2893.35624284078,0.0,1.0469069928134502e-15,0.0,16111.280373795,2893.35624284078
6621,0.0,0.0,0.0,0.0,2863.23024054983,0.0,1.0997834182102301e-14,0.0,12831.5206480793,2863.23024054983
6622,0.0,0.0,0.0,0.0,2967.58304696449,0.0,-1.40702413192591e-13,0.0,9432.22735258729,2967.58304696449
6623,0.0,0.0,0.0,0.0,2996.33447880871,0.0,1.75852815826987e-13,0.0,6000.0,2996.33447880871
6624,0.0,0.0,0.0,0.0,0.0,0.0,2522.7,0.0,12000.0,2522.7
6625,0.0,0.0,0.0,0.0,0.0,0.0,2575.3,0.0,12000.0,2575.3
6626,0.0,0.0,0.0,0.0,0.0,0.0,2539.6,0.0,12000.0,2539.6
6627,0.0,0.0,0.0,0.0,0.0,0.0,2507.2,0.0,12000.0,2507.2
6628,0.0,0.0,0.0,0.0,0.0,0.0,2321.7,0.0,12000.0,2321.7
6629,0.0,0.0,0.0,0.0,0.0,0.0,1644.4,0.0,12000.0,1644.4
6630,0.0,0.0,0.0,0.0,1421.07674684994,0.0,7.61934102421867e-14,0.0,10372.1915843643,1421.07674684994
6631,162.64911,0.0,0.0,0.0,2156.96490641466,0.0,-4.39169324792227e-14,0.0,7901.44140519518,2319.61401641466
6632,2308.55670103093,881.573098969072,0.0,0.0,-1.84781093538458e-13,0.0,7.598237216361829e-30,0.0,8628.29842529518,2308.55670103093
6633,2444.12371134021,4195.50928865979,0.0,0.0,2.36078140709618e-13,0.0,5.8214784988359096e-30,0.0,12087.4958337952,2444.1237113402103
6634,2571.64948453608,8033.77651546392,0.0,0.0,-4.13165904329321e-14,0.0,-2.2064728957138497e-30,0.0,18711.3445707952,2571.64948453608
6635,2508.45360824742,8221.38239175258,0.0,0.0,2.0157845940742199e-13,0.0,-1.98957477889359e-30,0.0,25489.8743527952,2508.45360824742
6636,2460.61855670103,7840.49044329897,0.0,0.0,4.9056908924332805e-14,0.0,1.88116771555863e-31,0.0,31954.3587232952,2460.61855670103
6637,2345.15463917526,8800.65536082474,0.0,0.0,-1.73246028265046e-13,0.0,5.3215646524496e-30,0.0,39210.4990682952,2345.15463917526
6638,2632.37113402062,5663.04586597938,0.0,0.0,4.38810337391836e-14,0.0,-2.31285100444085e-31,0.0,43879.6803847952,2632.37113402062
6639,2715.46391752577,2434.09608247423,0.0,0.0,-2.19242806395792e-13,0.0,-9.0479907543363e-30,0.0,45886.5926047952,2715.46391752577
6640,1415.6883,0.0,0.0,0.0,1281.99581786942,0.0,-2.4780185338589802e-14,0.0,44418.0979680605,2697.6841178694203
6641,0.0,0.0,0.0,0.0,2932.87514318442,0.0,1.2031043082999601e-14,0.0,41058.561721572,2932.87514318442
6642,0.0,0.0,0.0,0.0,2892.66895761741,0.0,1.64299985097247e-13,0.0,37745.0806704639,2892.66895761741
6643,0.0,0.0,0.0,0.0,2914.77663230241,0.0,1.46149362180918e-13,0.0,34406.2758224657,2914.77663230241
6644,0.0,0.0,0.0,0.0,0.0,0.0,2525.5,0.0,34406.2758224657,2525.5
6645,0.0,0.0,0.0,0.0,0.0,0.0,2552.0,0.0,34406.2758224657,2552.0
6646,0.0,0.0,0.0,0.0,0.0,0.0,2587.8,0.0,34406.2758224657,2587.8
6647,0.0,0.0,0.0,0.0,0.0,0.0,2506.8,0.0,34406.2758224657,2506.8
6648,0.0,0.0,0.0,0.0,0.0,0.0,2393.3,0.0,34406.2758224657,2393.3
6649,0.0,0.0,0.0,0.0,0.0,0.0,2431.7,0.0,34406.2758224657,2431.7
6650,0.0,0.0,0.0,0.0,1716.7142626026,0.0,859.508448747933,0.0,32439.8219134134,2576.222711350533
6651,0.0,0.0,0.0,0.0,0.0,0.0,2382.0,0.0,32439.8219134134,2382.0
6652,0.0,0.0,0.0,0.0,2550.05727376861,0.0,-8.414592174373931e-14,0.0,29518.7941084093,2550.05727376861
6653,0.0,0.0,0.0,0.0,2433.56242840779,0.0,-1.52110213441134e-13,0.0,26731.2082797635,2433.56242840779
6654,0.0,0.0,0.0,0.0,2461.16838487973,0.0,-1.69796322096119e-13,0.0,23912.0005078509,2461.16838487973
6655,0.0,0.0,0.0,0.0,2479.61053837342,0.0,-1.74231997036617e-14,0.0,21071.6677032994,2479.61053837342
6656,13.098345,0.0,0.0,0.0,2457.8403268614,0.0,1.10776881582207e-13,0.0,18256.2721398843,2470.9386718614
6657,789.4809,0.0,0.0,0.0,1823.37173768614,0.0,2.18836002433529e-14,0.0,16167.6447198544,2612.85263768614
6658,2378.65979381443,1893.75120618557,0.0,0.0,3.0928340010667504e-14,0.0,-8.285844455382881e-31,0.0,17729.0425893544,2378.65979381443
6659,2304.74226804124,2129.20673195876,0.0,0.0,1.90151845437841e-13,0.0,7.658406731619079e-30,0.0,19484.5735398544,2304.74226804124
6660,2331.64948453608,978.561315463918,0.0,0.0,2.48272304622559e-13,0.0,1.38705882568324e-29,0.0,20291.3973444544,2331.6494845360803
6661,2360.61855670103,2786.01644329897,0.0,0.0,4.6004749406463e-14,0.0,1.7351733085963097e-30,0.0,22588.4679019544,2360.61855670103
6662,2384.0206185567,3894.2773814433,0.0,0.0,-1.87686833307636e-13,0.0,-3.33738111709301e-30,0.0,25799.2996029544,2384.0206185567
6663,740.5242,0.0,0.0,0.0,1766.65695990836,0.0,-4.89303585028929e-14,0.0,23775.6375641132,2507.18115990836
6664,57.90837,0.0,0.0,0.0,2524.3171604811,0.0,-3.2466169122338703e-15,0.0,20884.0944249596,2582.2255304811
6665,0.0,0.0,0.0,0.0,2570.9049255441,0.0,-1.9534765049044502e-14,0.0,17939.1861482767,2570.9049255441
6666,0.0,0.0,0.0,0.0,2548.79725085911,0.0,-5.91370556952968e-14,0.0,15019.6016684839,2548.79725085911
6667,0.0,0.0,0.0,0.0,2498.39633447881,0.0,8.21998404178693e-14,0.0,12157.7501971451,2498.39633447881
6668,0.0,0.0,0.0,0.0,0.0,0.0,2155.6,0.0,12157.7501971451,2155.6
6669,0.0,0.0,0.0,0.0,0.0,0.0,2080.3,0.0,12157.7501971451,2080.3
6670,0.0,0.0,0.0,0.0,2612.48568155785,0.0,-1.01315425948276e-13,0.0,9165.21218848778,2612.48568155785
6671,0.0,0.0,0.0,0.0,2763.23024054983,0.0,-1.1332582829384199e-13,0.0,6000.0,2763.23024054983
6672,0.0,0.0,0.0,0.0,0.0,0.0,2161.1,0.0,12000.0,2161.1
6673,0.0,0.0,0.0,0.0,0.0,0.0,2435.3,0.0,12000.0,2435.3
6674,0.0,0.0,0.0,0.0,0.0,0.0,2402.0,0.0,12000.0,2402.0
6675,0.0,0.0,0.0,0.0,0.0,0.0,2496.1,0.0,12000.0,2496.1
6676,0.0,0.0,0.0,0.0,0.0,0.0,2384.3,0.0,12000.0,2384.3
6677,0.0,0.0,0.0,0.0,0.0,0.0,2414.6,0.0,12000.0,2414.6
6678,0.0,0.0,0.0,0.0,0.0,0.0,2487.7,0.0,12000.0,2487.7
6679,6.992544,0.0,0.0,0.0,2356.91762703322,0.0,517.428143919999,0.0,9300.20890374202,2881.338314953219
6680,69.08772,0.0,0.0,0.0,2881.08237296678,0.0,1.34266078029851e-13,0.0,6000.0,2950.17009296678
6681,2602.26804123711,1265.43215876289,0.0,0.0,2.21261636856272e-14,0.0,2.0654247409950803e-31,0.0,7043.3488149,2602.26804123711
6682,2524.0206185567,11561.5703814433,0.0,0.0,2.4946946437297e-14,0.0,9.08906231048273e-31,0.0,16575.8635944,2524.0206185567
6683,2582.78350515464,7073.07049484536,0.0,0.0,-9.72264889991405e-15,0.0,1.78366610624361e-31,0.0,22407.6102174,2582.78350515464
6684,2622.0618556701,6587.2811443299,0.0,0.0,-9.186811355415999e-14,0.0,-3.34387772168585e-30,0.0,27838.8235209,2622.0618556701
6685,2585.46391752577,10649.8880824742,0.0,0.0,-1.34657292290559e-13,0.0,9.933950831594709e-30,0.0,36619.6562449,2585.46391752577
6686,2585.77319587629,4887.52380412371,0.0,0.0,2.0914739547091199e-13,0.0,-7.93360720377931e-30,0.0,40649.4196214,2585.77319587629
6687,2494.22680412371,1258.94599587629,0.0,0.0,-1.58278070173081e-13,0.0,-1.05047956641433e-29,0.0,41687.420595,2494.22680412371
6688,168.82398,0.0,0.0,0.0,2738.99282863688,0.0,9.626964617239671e-14,0.0,38549.9717649463,2907.81680863688
6689,0.0,0.0,0.0,0.0,2861.0538373425,0.0,-4.948742955452e-14,0.0,35272.7050555047,2861.0538373425
6690,0.0,0.0,0.0,0.0,2871.24856815579,0.0,1.9197529909142102e-14,0.0,31983.7605329895,2871.24856815579
6691,0.0,0.0,0.0,0.0,2884.65063001146,0.0,-1.83141234391095e-13,0.0,28679.4642786808,2884.65063001146
6692,0.0,0.0,0.0,0.0,2925.08591065292,0.0,-1.44415882078425e-13,0.0,25328.8504062262,2925.08591065292
6693,0.0,0.0,0.0,0.0,2864.71935853379,0.0,-1.62258261300725e-13,0.0,22047.3849325334,2864.71935853379
6694,0.0,0.0,0.0,0.0,866.117059389185,0.0,1864.87980715324,0.0,21055.269171492,2730.996866542425
6695,0.0,0.0,0.0,0.0,0.0,0.0,2640.9,0.0,21055.269171492,2640.9
6696,0.0,0.0,0.0,0.0,0.0,0.0,2542.0,0.0,21055.269171492,2542.0
6697,0.0,0.0,0.0,0.0,0.0,0.0,2610.5,0.0,21055.269171492,2610.5
6698,0.0,0.0,0.0,0.0,0.0,0.0,2525.3,0.0,21055.269171492,2525.3
6699,0.0,0.0,0.0,0.0,0.0,0.0,2537.3,0.0,21055.269171492,2537.3
6700,0.0,0.0,0.0,0.0,0.0,0.0,2491.2,0.0,21055.269171492,2491.2
6701,0.0,0.0,0.0,0.0,2970.44673539519,0.0,1.53524209763481e-13,0.0,17652.6955914287,2970.44673539519
6702,0.0,0.0,0.0,0.0,2899.54180985109,0.0,1.77499866911026e-13,0.0,14331.3418573496,2899.54180985109
6703,170.61096,0.0,0.0,0.0,2774.69343505155,0.0,1.76823344295676e-13,0.0,11152.9988618725,2945.30439505155
6704,822.51,0.0,0.0,0.0,1903.28213058419,0.0,6.97740214593953e-14,0.0,8972.83605478863,2725.79213058419
6705,142.69632,0.0,0.0,0.0,2595.28587583047,0.0,3.2349742219804604e-14,0.0,6000.0,2737.98219583047
6706,2622.78350515464,1476.19449484536,0.0,0.0,0.0,0.0,1.60834461442007e-13,0.0,7217.122361,2622.78350515464
6707,2531.9587628866,6513.3892371134,0.0,0.0,0.0,0.0,8.1107354509589e-14,0.0,12587.411787,2531.9587628866
6708,2516.80412371134,3650.10987628866,0.0,0.0,0.0,0.0,2.0348533854471998e-13,0.0,15596.92738,2516.80412371134
6709,2490.61855670103,10198.187443299,0.0,0.0,0.0,0.0,-4.7323428108620204e-14,0.0,24005.332927,2490.61855670103
6710,2667.42268041237,7331.08531958763,0.0,0.0,-1.0090166664539999e-13,0.0,5.4500740540047e-30,0.0,30049.812773,2667.42268041237
6711,2644.94845360825,3331.37254639175,0.0,0.0,1.22400197253538e-13,0.0,-3.51861881959145e-30,0.0,32796.5294375,2644.94845360825
6712,152.85894,0.0,0.0,0.0,2675.17391546392,0.0,1.22076880010027e-13,0.0,29732.1836007716,2828.03285546392
6713,0.0,0.0,0.0,0.0,2817.29667812142,0.0,-2.8192032391911302e-14,0.0,26505.0396395787,2817.29667812142
6714,0.0,0.0,0.0,0.0,3022.22222222222,0.0,8.26755947653308e-14,0.0,23043.1585144673,3022.22222222222
6715,0.0,0.0,0.0,0.0,3094.95990836197,0.0,-1.67306240135968e-13,0.0,19497.9581612462,3094.95990836197
6716,0.0,0.0,0.0,0.0,3049.5990836197,0.0,-6.82518946539906e-14,0.0,16004.7175156338,3049.5990836197
6717,0.0,0.0,0.0,0.0,2908.47651775487,0.0,-1.83553658463334e-13,0.0,12673.1292936923,2908.47651775487
6718,0.0,0.0,0.0,0.0,2812.12526400051,0.0,206.314644527559,0.0,9451.90906001477,3018.439908528069
6719,0.0,0.0,0.0,0.0,3013.5166093929,0.0,-1.0151254661857799e-13,0.0,6000.0,3013.5166093929
6720,0.0,0.0,0.0,0.0,0.0,0.0,2547.9,0.0,12000.0,2547.9
6721,0.0,0.0,0.0,0.0,0.0,0.0,2689.2,0.0,12000.0,2689.2
6722,0.0,0.0,0.0,0.0,0.0,0.0,2658.9,0.0,12000.0,2658.9
6723,0.0,0.0,0.0,0.0,0.0,0.0,2536.0,0.0,12000.0,2536.0
6724,0.0,0.0,0.0,0.0,0.0,0.0,2419.5,0.0,12000.0,2419.5
6725,0.0,0.0,0.0,0.0,0.0,0.0,2528.6,0.0,12000.0,2528.6
6726,0.0,0.0,0.0,0.0,0.0,0.0,2506.4,0.0,12000.0,2506.4
6727,45.70605,0.0,0.0,0.0,2775.67598109966,0.0,-1.01480289094447e-13,0.0,8820.53152222262,2821.38203109966
6728,2669.27835051546,675.841349484536,0.0,0.0,-1.06054047544226e-13,0.0,4.923428833130889e-30,0.0,9377.76271487262,2669.27835051546
6729,2689.07216494845,2945.53083505155,0.0,0.0,-2.20048324784014e-13,0.0,4.12771091837731e-30,0.0,11806.3528883726,2689.07216494845
6730,2672.0618556701,4110.9741443299,0.0,0.0,-9.0342033795225e-14,0.0,1.39199857185747e-30,0.0,15195.8510703726,2672.0618556701
6731,2520.20618556701,910.30011443299,0.0,0.0,-1.05394948904697e-13,0.0,4.23040203091257e-30,0.0,15946.3935147226,2520.20618556701
6732,2584.63917525773,1736.79482474227,0.0,0.0,-1.48750297987401e-14,0.0,-3.4827861024944704e-31,0.0,17378.3808477226,2584.63917525773
6733,2470.61855670103,2420.72244329897,0.0,0.0,-1.58998631543795e-13,0.0,4.6400537419810094e-30,0.0,19374.2665022226,2470.61855670103
6734,2590.41237113402,2670.96062886598,0.0,0.0,2.35334085052581e-13,0.0,1.55641666917706e-29,0.0,21576.4735407226,2590.4123711340203
6735,2545.36082474227,1131.66447525773,0.0,0.0,6.72704348555058e-14,0.0,3.1739657220607595e-30,0.0,22509.5309005726,2545.36082474227
6736,122.64681,0.0,0.0,0.0,2697.28819507446,0.0,4.5263860562049404e-14,0.0,19419.8537011746,2819.93500507446
6737,0.0,0.0,0.0,0.0,1368.07764488606,0.0,1285.56821601447,0.0,17852.7544515915,2653.64586090053
6738,0.0,0.0,0.0,0.0,0.0,0.0,2486.9,0.0,17852.7544515915,2486.9
6739,0.0,0.0,0.0,0.0,0.0,0.0,2442.2,0.0,17852.7544515915,2442.2
6740,0.0,0.0,0.0,0.0,0.0,0.0,2418.4,0.0,17852.7544515915,2418.4
6741,0.0,0.0,0.0,0.0,0.0,0.0,2481.0,0.0,17852.7544515915,2481.0
6742,0.0,0.0,0.0,0.0,0.0,0.0,2330.5,0.0,17852.7544515915,2330.5
6743,0.0,0.0,0.0,0.0,0.0,0.0,2458.0,0.0,17852.7544515915,2458.0
6744,0.0,0.0,0.0,0.0,0.0,0.0,2374.8,0.0,17852.7544515915,2374.8
6745,0.0,0.0,0.0,0.0,0.0,0.0,2334.6,0.0,17852.7544515915,2334.6
6746,0.0,0.0,0.0,0.0,0.0,0.0,2408.0,0.0,17852.7544515915,2408.0
6747,0.0,0.0,0.0,0.0,0.0,0.0,2395.3,0.0,17852.7544515915,2395.3
6748,0.0,0.0,0.0,0.0,0.0,0.0,2352.9,0.0,17852.7544515915,2352.9
6749,0.0,0.0,0.0,0.0,0.0,0.0,2433.8,0.0,17852.7544515915,2433.8
6750,0.0,0.0,0.0,0.0,2863.57388316151,0.0,-9.95051616514049e-14,0.0,14572.6010917272,2863.57388316151
6751,83.8344,0.0,0.0,0.0,2673.17369072165,0.0,-4.8011840001975305e-15,0.0,11510.5464631801,2757.00809072165
6752,65.16081,0.0,0.0,0.0,2780.0618720504,0.0,7.178624250068281e-14,0.0,8326.05405533312,2845.2226820504
6753,1107.6546,0.0,0.0,0.0,1625.40095990836,0.0,-2.5761790993946302e-14,0.0,6464.19728567864,2733.05555990836
6754,2566.18556701031,532.789532989691,0.0,0.0,5.2278982477218103e-14,0.0,2.5793557013369196e-30,0.0,6903.48225562864,2566.18556701031
6755,1768.5876,0.0,0.0,0.0,788.740009163803,0.0,1.4010837097867401e-15,0.0,6000.0,2557.327609163803
6756,2484.74226804124,4695.43073195876,0.0,0.0,1.07092411091543e-13,0.0,4.4311505633584794e-30,0.0,9871.3826385,2484.74226804124
6757,2598.45360824742,1124.01059175258,0.0,0.0,-9.25886749248736e-14,0.0,7.8216256031140905e-31,0.0,10798.1293714,2598.45360824742
6758,2571.03092783505,216.158672164948,0.0,0.0,-2.08024074906088e-13,0.0,8.238525209552339e-30,0.0,10976.3521966,2571.03092783505
6759,1712.4042,0.0,0.0,0.0,946.011369988545,0.0,2.63504975528202e-14,0.0,9892.71947038173,2658.415569988545
6760,87.84204,0.0,0.0,0.0,2677.6554652921,0.0,1.58006328848067e-13,0.0,6825.53107944004,2765.4975052921
6761,0.0,0.0,0.0,0.0,720.688632351159,0.0,1769.33882395744,0.0,6000.0,2490.027456308598
6762,0.0,0.0,0.0,0.0,0.0,0.0,2305.1,0.0,6000.0,2305.1
6763,0.0,0.0,0.0,0.0,0.0,0.0,2414.6,0.0,6000.0,2414.6
6764,0.0,0.0,0.0,0.0,0.0,0.0,2333.0,0.0,6000.0,2333.0
6765,0.0,0.0,0.0,0.0,0.0,0.0,2409.4,0.0,6000.0,2409.4
6766,0.0,0.0,0.0,0.0,0.0,0.0,2519.0,0.0,6000.0,2519.0
6767,0.0,0.0,0.0,0.0,0.0,0.0,2530.9,0.0,6000.0,2530.9
6768,0.0,0.0,0.0,0.0,0.0,0.0,2417.1,0.0,12000.0,2417.1
6769,0.0,0.0,0.0,0.0,0.0,0.0,2422.6,0.0,12000.0,2422.6
6770,0.0,0.0,0.0,0.0,0.0,0.0,2405.4,0.0,12000.0,2405.4
6771,0.0,0.0,0.0,0.0,0.0,0.0,2275.7,0.0,12000.0,2275.7
6772,0.0,0.0,0.0,0.0,0.0,0.0,2444.3,0.0,12000.0,2444.3
6773,0.0,0.0,0.0,0.0,0.0,0.0,2314.0,0.0,12000.0,2314.0
6774,0.0,0.0,0.0,0.0,0.0,0.0,2298.4,0.0,12000.0,2298.4
6775,27.0387,0.0,0.0,0.0,0.0,0.0,2390.772461,0.0,12000.0,2417.811161
6776,615.7671,0.0,0.0,0.0,0.0,0.0,1827.805913,0.0,12000.0,2443.573013
6777,1316.367,0.0,0.0,0.0,0.0,0.0,1208.02401,0.0,12000.0,2524.3910100000003
6778,1239.9933,0.0,0.0,0.0,0.0,0.0,1361.506499,0.0,12000.0,2601.499799
6779,2506.5729,0.0,0.0,0.0,0.0,0.0,88.624287,0.0,12000.0,2595.197187
6780,1674.27,0.0,0.0,0.0,0.0,0.0,862.9581,0.0,12000.0,2537.2281
6781,2508.55670103093,2608.32129896907,0.0,0.0,0.0,0.0,-1.5598482414087299e-13,0.0,14150.560911,2508.55670103093
6782,2262.2262,0.0,0.0,0.0,0.0,0.0,228.540586,0.0,14150.560911,2490.766786
6783,1988.0991,0.0,0.0,0.0,0.0,0.0,469.943873,0.0,14150.560911,2458.042973
6784,91.30173,0.0,0.0,0.0,0.0,0.0,2266.8373219,0.0,14150.560911,2358.1390519
6785,0.0,0.0,0.0,0.0,0.0,0.0,2449.8,0.0,14150.560911,2449.8
6786,0.0,0.0,0.0,0.0,0.0,0.0,2371.1,0.0,14150.560911,2371.1
6787,0.0,0.0,0.0,0.0,0.0,0.0,2477.3,0.0,14150.560911,2477.3
6788,0.0,0.0,0.0,0.0,0.0,0.0,2515.9,0.0,14150.560911,2515.9
6789,0.0,0.0,0.0,0.0,0.0,0.0,2460.9,0.0,14150.560911,2460.9
6790,0.0,0.0,0.0,0.0,0.0,0.0,2567.3,0.0,14150.560911,2567.3
6791,0.0,0.0,0.0,0.0,0.0,0.0,2547.1,0.0,14150.560911,2547.1
6792,0.0,0.0,0.0,0.0,0.0,0.0,2521.8,0.0,14150.560911,2521.8
6793,0.0,0.0,0.0,0.0,0.0,0.0,2508.1,0.0,14150.560911,2508.1
6794,0.0,0.0,0.0,0.0,0.0,0.0,2514.0,0.0,14150.560911,2514.0
6795,0.0,0.0,0.0,0.0,0.0,0.0,2504.1,0.0,14150.560911,2504.1
6796,0.0,0.0,0.0,0.0,0.0,0.0,2314.3,0.0,14150.560911,2314.3
6797,0.0,0.0,0.0,0.0,0.0,0.0,2436.0,0.0,14150.560911,2436.0
6798,0.0,0.0,0.0,0.0,0.0,0.0,2521.4,0.0,14150.560911,2521.4
6799,235.29441,0.0,0.0,0.0,0.0,0.0,2283.0644223,0.0,14150.560911,2518.3588323
6800,284.86536,0.0,0.0,0.0,0.0,0.0,2174.1806008,0.0,14150.560911,2459.0459608
6801,157.21446,0.0,0.0,0.0,2664.26342932417,0.0,-1.57157374350937e-13,0.0,11098.7127674442,2821.47788932417
6802,615.8958,0.0,0.0,0.0,2213.03673997709,0.0,-1.82970018265434e-13,0.0,8563.73368385079,2828.9325399770896
6803,822.1122,0.0,0.0,0.0,1932.70465750286,0.0,2.48062986285597e-14,0.0,6349.86809679138,2754.8168575028603
6804,2281.071,0.0,0.0,0.0,305.434848498875,0.0,76.8165072604819,0.0,6000.0,2663.322355759357
6805,2509.69072164948,206.639778350515,0.0,0.0,4.53456507669339e-14,0.0,2.4282001108146298e-30,0.0,6170.37449725,2509.69072164948
6806,1894.0935,0.0,0.0,0.0,148.73693609925,0.0,622.181959785355,0.0,6000.0,2665.012395884605
6807,817.3815,0.0,0.0,0.0,0.0,0.0,1798.139945,0.0,6000.0,2615.521445
6808,31.548699,0.0,0.0,0.0,0.0,0.0,2455.09776197,0.0,6000.0,2486.64646097
6809,0.0,0.0,0.0,0.0,0.0,0.0,2469.8,0.0,6000.0,2469.8
6810,0.0,0.0,0.0,0.0,0.0,0.0,2621.8,0.0,6000.0,2621.8
6811,0.0,0.0,0.0,0.0,0.0,0.0,2665.2,0.0,6000.0,2665.2
6812,0.0,0.0,0.0,0.0,0.0,0.0,2692.9,0.0,6000.0,2692.9
6813,0.0,0.0,0.0,0.0,0.0,0.0,2628.6,0.0,6000.0,2628.6
6814,0.0,0.0,0.0,0.0,0.0,0.0,2619.9,0.0,6000.0,2619.9
6815,0.0,0.0,0.0,0.0,0.0,0.0,2709.3,0.0,6000.0,2709.3
6816,0.0,0.0,0.0,0.0,0.0,0.0,2673.1,0.0,12000.0,2673.1
6817,0.0,0.0,0.0,0.0,0.0,0.0,2548.2,0.0,12000.0,2548.2
6818,0.0,0.0,0.0,0.0,0.0,0.0,2479.9,0.0,12000.0,2479.9
6819,0.0,0.0,0.0,0.0,0.0,0.0,2496.7,0.0,12000.0,2496.7
6820,0.0,0.0,0.0,0.0,0.0,0.0,2370.6,0.0,12000.0,2370.6
6821,0.0,0.0,0.0,0.0,0.0,0.0,2265.9,0.0,12000.0,2265.9
6822,0.0,0.0,0.0,0.0,0.0,0.0,2229.2,0.0,12000.0,2229.2
6823,218.83953,0.0,0.0,0.0,0.0,0.0,2000.2256559,0.0,12000.0,2219.0651859
6824,1816.4757,0.0,0.0,0.0,0.0,0.0,431.918571,0.0,12000.0,2248.394271
6825,2230.72164948454,2633.78735051546,0.0,0.0,0.0,0.0,-2.17957519157842e-13,0.0,14171.5576705,2230.72164948454
6826,2182.0618556701,6132.3481443299,0.0,0.0,0.0,0.0,1.67281171732461e-13,0.0,19227.6787155,2182.0618556701
6827,2084.94845360825,4069.40754639175,0.0,0.0,0.0,0.0,-1.67272015253908e-13,0.0,22582.9052375,2084.94845360825
6828,2177.42268041237,3863.17031958763,0.0,0.0,0.0,0.0,1.58062612254258e-13,0.0,25768.089166,2177.42268041237
6829,2121.54639175258,2391.02660824742,0.0,0.0,0.0,0.0,-1.43559482743625e-13,0.0,27739.4906045,2121.54639175258
6830,2373.60824742268,5.96895257731967,0.0,0.0,0.0,0.0,6.324562866549181e-14,0.0,27744.4120059,2373.60824742268
6831,1054.7394,0.0,0.0,0.0,0.0,0.0,1469.302782,0.0,27744.4120059,2524.042182
6832,182.82264,0.0,0.0,0.0,0.0,0.0,2305.6620392,0.0,27744.4120059,2488.4846792
6833,0.0,0.0,0.0,0.0,0.0,0.0,2594.2,0.0,27744.4120059,2594.2
6834,0.0,0.0,0.0,0.0,0.0,0.0,2509.5,0.0,27744.4120059,2509.5
6835,0.0,0.0,0.0,0.0,0.0,0.0,2602.8,0.0,27744.4120059,2602.8
6836,0.0,0.0,0.0,0.0,0.0,0.0,2750.2,0.0,27744.4120059,2750.2
6837,0.0,0.0,0.0,0.0,0.0,0.0,2604.7,0.0,27744.4120059,2604.7
6838,0.0,0.0,0.0,0.0,0.0,0.0,2595.2,0.0,27744.4120059,2595.2
6839,0.0,0.0,0.0,0.0,0.0,0.0,2700.9,0.0,27744.4120059,2700.9
6840,0.0,0.0,0.0,0.0,0.0,0.0,2656.6,0.0,27744.4120059,2656.6
6841,0.0,0.0,0.0,0.0,0.0,0.0,2688.7,0.0,27744.4120059,2688.7
6842,0.0,0.0,0.0,0.0,0.0,0.0,2687.7,0.0,27744.4120059,2687.7
6843,0.0,0.0,0.0,0.0,0.0,0.0,2587.9,0.0,27744.4120059,2587.9
6844,0.0,0.0,0.0,0.0,0.0,0.0,2394.5,0.0,27744.4120059,2394.5
6845,0.0,0.0,0.0,0.0,0.0,0.0,2598.0,0.0,27744.4120059,2598.0
6846,0.0,0.0,0.0,0.0,0.0,0.0,2568.9,0.0,27744.4120059,2568.9
6847,233.76093,0.0,0.0,0.0,1351.73265325331,0.0,1168.68929160986,0.0,26196.0355416923,2754.1828748631697
6848,52.845,0.0,0.0,0.0,2793.51701030928,0.0,1.29108309839249e-13,0.0,22996.1306043392,2846.36201030928
6849,135.32766,0.0,0.0,0.0,2795.68404329897,0.0,-9.55330320747923e-14,0.0,19793.7433840655,2931.01170329897
6850,888.6072,0.0,0.0,0.0,2030.413534937,0.0,-2.16317390046026e-14,0.0,17467.9546842522,2919.020734937
6851,2675.77319587629,577.899304123711,0.0,0.0,-8.50197388613835e-14,0.0,-5.1618698645743096e-30,0.0,17944.4326605022,2675.77319587629
6852,2726.39175257732,1370.05124742268,0.0,0.0,8.32138253707072e-14,0.0,1.4781744782991402e-31,0.0,19074.0399140022,2726.39175257732
6853,2733.50515463918,2520.96484536082,0.0,0.0,-2.34319215791588e-13,0.0,2.14446788639104e-29,0.0,21152.5754290022,2733.50515463918
6854,2141.9736,0.0,0.0,0.0,725.985805269186,0.0,9.13400165328892e-15,0.0,20320.9765684418,2867.959405269186
6855,1831.6935,0.0,0.0,0.0,979.561632302406,0.0,-4.18020078422245e-14,0.0,19198.9128430095,2811.2551323024063
6856,31.160571,0.0,0.0,0.0,2773.73911355097,0.0,8.99649050608371e-14,0.0,16021.6629993085,2804.89968455097
6857,0.0,0.0,0.0,0.0,2838.37342497136,0.0,-1.69581018694182e-13,0.0,12770.3761436712,2838.37342497136
6858,0.0,0.0,0.0,0.0,2871.59221076747,0.0,-9.13054659243651e-14,0.0,9481.03798700745,2871.59221076747
6859,0.0,0.0,0.0,0.0,3038.9461626575,0.0,-1.21931005447604e-13,0.0,6000.0,3038.9461626575
6860,0.0,0.0,0.0,0.0,0.0,0.0,2600.0,0.0,6000.0,2600.0
6861,0.0,0.0,0.0,0.0,0.0,0.0,2412.9,0.0,6000.0,2412.9
6862,0.0,0.0,0.0,0.0,0.0,0.0,2450.2,0.0,6000.0,2450.2
6863,0.0,0.0,0.0,0.0,0.0,0.0,2511.0,0.0,6000.0,2511.0
6864,0.0,0.0,0.0,0.0,2390.23367697595,0.0,407.826,0.0,9262.04618903099,2798.05967697595
6865,0.0,0.0,0.0,0.0,0.0,0.0,2512.9,0.0,9262.04618903099,2512.9
6866,0.0,0.0,0.0,0.0,0.0,0.0,2504.4,0.0,9262.04618903099,2504.4
6867,0.0,0.0,0.0,0.0,0.0,0.0,2269.7,0.0,9262.04618903099,2269.7
6868,0.0,0.0,0.0,0.0,0.0,0.0,2215.8,0.0,9262.04618903099,2215.8
6869,0.0,0.0,0.0,0.0,2847.76632302406,0.0,-1.48645955414707e-13,0.0,6000.0,2847.76632302406
6870,0.0,0.0,0.0,0.0,0.0,0.0,2435.0,0.0,6000.0,2435.0
6871,68.81589,0.0,0.0,0.0,0.0,0.0,2330.2485867,0.0,6000.0,2399.0644767
6872,51.2577,0.0,0.0,0.0,0.0,0.0,2543.580031,0.0,6000.0,2594.837731
6873,133.65768,0.0,0.0,0.0,0.0,0.0,2494.8520504,0.0,6000.0,2628.5097304
6874,508.7979,0.0,0.0,0.0,0.0,0.0,2161.166037,0.0,6000.0,2669.963937
6875,234.60918,0.0,0.0,0.0,0.0,0.0,2406.1290954,0.0,6000.0,2640.7382754
6876,233.85999,0.0,0.0,0.0,0.0,0.0,2326.9558097,0.0,6000.0,2560.8157997
6877,192.02274,0.0,0.0,0.0,0.0,0.0,2289.4379422,0.0,6000.0,2481.4606822
6878,108.10059,0.0,0.0,0.0,0.0,0.0,2428.8424277,0.0,6000.0,2536.9430177
6879,126.77067,0.0,0.0,0.0,0.0,0.0,2462.4324501,0.0,6000.0,2589.2031201
6880,0.0,0.0,0.0,0.0,0.0,0.0,2574.0,0.0,6000.0,2574.0
6881,0.0,0.0,0.0,0.0,0.0,0.0,2527.9,0.0,6000.0,2527.9
6882,0.0,0.0,0.0,0.0,0.0,0.0,2523.5,0.0,6000.0,2523.5
6883,0.0,0.0,0.0,0.0,0.0,0.0,2570.0,0.0,6000.0,2570.0
6884,0.0,0.0,0.0,0.0,0.0,0.0,2662.0,0.0,6000.0,2662.0
6885,0.0,0.0,0.0,0.0,0.0,0.0,2601.0,0.0,6000.0,2601.0
6886,0.0,0.0,0.0,0.0,0.0,0.0,2623.3,0.0,6000.0,2623.3
6887,0.0,0.0,0.0,0.0,0.0,0.0,2665.4,0.0,6000.0,2665.4
6888,0.0,0.0,0.0,0.0,0.0,0.0,2547.7,0.0,6000.0,2547.7
6889,0.0,0.0,0.0,0.0,0.0,0.0,2586.8,0.0,6000.0,2586.8
6890,0.0,0.0,0.0,0.0,0.0,0.0,2537.8,0.0,6000.0,2537.8
6891,0.0,0.0,0.0,0.0,0.0,0.0,2515.3,0.0,6000.0,2515.3
6892,0.0,0.0,0.0,0.0,0.0,0.0,2307.5,0.0,6000.0,2307.5
6893,0.0,0.0,0.0,0.0,0.0,0.0,2394.7,0.0,6000.0,2394.7
6894,0.0,0.0,0.0,0.0,0.0,0.0,2391.5,0.0,6000.0,2391.5
6895,99.46053,0.0,0.0,0.0,0.0,0.0,2412.3232859,0.0,6000.0,2511.7838159
6896,63.50253,0.0,0.0,0.0,0.0,0.0,2508.9025459,0.0,6000.0,2572.4050759
6897,460.8942,0.0,0.0,0.0,0.0,0.0,2114.932626,0.0,6000.0,2575.826826
6898,2087.8962,0.0,0.0,0.0,0.0,0.0,534.340686,0.0,6000.0,2622.236886
6899,2062.8816,0.0,0.0,0.0,0.0,0.0,489.604848000001,0.0,6000.0,2552.486448000001
6900,2636.18556701031,810.837232989691,0.0,0.0,0.0,0.0,1.52096617087868e-13,0.0,6668.5352986,2636.18556701031
6901,2326.4358,0.0,0.0,0.0,0.0,0.0,245.257274,0.0,6668.5352986,2571.6930740000003
6902,1143.0783,0.0,0.0,0.0,0.0,0.0,1452.614049,0.0,6668.5352986,2595.692349
6903,150.04275,0.0,0.0,0.0,583.6313156778,0.0,1965.84839391328,0.0,6000.0,2699.52245959108
6904,9.613734,0.0,0.0,0.0,0.0,0.0,2525.57467802,0.0,6000.0,2535.18841202
6905,0.0,0.0,0.0,0.0,0.0,0.0,2514.5,0.0,6000.0,2514.5
6906,0.0,0.0,0.0,0.0,0.0,0.0,2578.0,0.0,6000.0,2578.0
6907,0.0,0.0,0.0,0.0,0.0,0.0,2487.2,0.0,6000.0,2487.2
6908,0.0,0.0,0.0,0.0,0.0,0.0,2553.3,0.0,6000.0,2553.3
6909,0.0,0.0,0.0,0.0,0.0,0.0,2535.2,0.0,6000.0,2535.2
6910,0.0,0.0,0.0,0.0,0.0,0.0,2468.4,0.0,6000.0,2468.4
6911,0.0,0.0,0.0,0.0,0.0,0.0,2529.4,0.0,6000.0,2529.4
6912,0.0,0.0,0.0,0.0,0.0,0.0,2471.7,0.0,12000.0,2471.7
6913,0.0,0.0,0.0,0.0,0.0,0.0,2437.0,0.0,12000.0,2437.0
6914,0.0,0.0,0.0,0.0,0.0,0.0,2439.2,0.0,12000.0,2439.2
6915,0.0,0.0,0.0,0.0,0.0,0.0,2376.3,0.0,12000.0,2376.3
6916,0.0,0.0,0.0,0.0,0.0,0.0,2403.6,0.0,12000.0,2403.6
6917,0.0,0.0,0.0,0.0,0.0,0.0,2416.3,0.0,12000.0,2416.3
6918,0.0,0.0,0.0,0.0,0.0,0.0,2494.4,0.0,12000.0,2494.4
6919,16.47477,0.0,0.0,0.0,0.0,0.0,2457.8194731,0.0,12000.0,2474.2942431
6920,963.6627,0.0,0.0,0.0,0.0,0.0,1512.247181,0.0,12000.0,2475.909881
6921,543.3636,0.0,0.0,0.0,0.0,0.0,1964.637308,0.0,12000.0,2508.000908
6922,1924.5213,0.0,0.0,0.0,0.0,0.0,617.514339,0.0,12000.0,2542.035639
6923,2647.83505154639,980.268648453608,0.0,0.0,0.0,0.0,2.1607165083494098e-13,0.0,12808.23150065,2647.83505154639
6924,224.41809,0.0,0.0,0.0,0.0,0.0,2336.0144527,0.0,12808.23150065,2560.4325427000003
6925,2260.557,0.0,0.0,0.0,0.0,0.0,291.25971,0.0,12808.23150065,2551.81671
6926,120.78027,0.0,0.0,0.0,0.0,0.0,2332.5431381,0.0,12808.23150065,2453.3234081
6927,178.65081,0.0,0.0,0.0,0.0,0.0,2332.3087143,0.0,12808.23150065,2510.9595243
6928,15.313623,0.0,0.0,0.0,0.0,0.0,2402.64578569,0.0,12808.23150065,2417.95940869
6929,0.0,0.0,0.0,0.0,0.0,0.0,2426.8,0.0,12808.23150065,2426.8
6930,0.0,0.0,0.0,0.0,0.0,0.0,2537.8,0.0,12808.23150065,2537.8
6931,0.0,0.0,0.0,0.0,0.0,0.0,2526.3,0.0,12808.23150065,2526.3
6932,0.0,0.0,0.0,0.0,0.0,0.0,2399.8,0.0,12808.23150065,2399.8
6933,0.0,0.0,0.0,0.0,0.0,0.0,2432.9,0.0,12808.23150065,2432.9
6934,0.0,0.0,0.0,0.0,0.0,0.0,2432.0,0.0,12808.23150065,2432.0
6935,0.0,0.0,0.0,0.0,0.0,0.0,2408.0,0.0,12808.23150065,2408.0
6936,0.0,0.0,0.0,0.0,0.0,0.0,2509.6,0.0,12808.23150065,2509.6
6937,0.0,0.0,0.0,0.0,0.0,0.0,2380.1,0.0,12808.23150065,2380.1
6938,0.0,0.0,0.0,0.0,0.0,0.0,2371.0,0.0,12808.23150065,2371.0
6939,0.0,0.0,0.0,0.0,0.0,0.0,2404.3,0.0,12808.23150065,2404.3
6940,0.0,0.0,0.0,0.0,0.0,0.0,2381.0,0.0,12808.23150065,2381.0
6941,0.0,0.0,0.0,0.0,0.0,0.0,2277.5,0.0,12808.23150065,2277.5
6942,0.0,0.0,0.0,0.0,0.0,0.0,2437.0,0.0,12808.23150065,2437.0
6943,0.0,0.0,0.0,0.0,0.0,0.0,2486.2,0.0,12808.23150065,2486.2
6944,16.41081,0.0,0.0,0.0,2697.57332680412,0.0,1.56677468024931e-13,0.0,9718.22768987781,2713.98413680412
6945,225.3498,0.0,0.0,0.0,2617.53802290951,0.0,-1.7861350083785998e-13,0.0,6719.9023486298,2842.88782290951
6946,2534.43298969072,1603.38901030928,0.0,0.0,-2.35186196910994e-13,0.0,-6.0218424801054496e-30,0.0,8041.89658762981,2534.43298969072
6947,1042.1346,0.0,0.0,0.0,1665.32581672394,0.0,-7.23024736673424e-14,0.0,6134.30687775129,2707.4604167239404
6948,493.3071,0.0,0.0,0.0,117.249904276879,0.0,1854.33294656628,0.0,6000.0,2464.889950843159
6949,746.4366,0.0,0.0,0.0,0.0,0.0,1715.156498,0.0,6000.0,2461.5930980000003
6950,492.5895,0.0,0.0,0.0,0.0,0.0,2017.488185,0.0,6000.0,2510.077685
6951,0.0,0.0,0.0,0.0,0.0,0.0,2510.3,0.0,6000.0,2510.3
6952,0.0,0.0,0.0,0.0,0.0,0.0,2440.9,0.0,6000.0,2440.9
6953,0.0,0.0,0.0,0.0,0.0,0.0,2527.3,0.0,6000.0,2527.3
6954,0.0,0.0,0.0,0.0,0.0,0.0,2406.7,0.0,6000.0,2406.7
6955,0.0,0.0,0.0,0.0,0.0,0.0,2487.1,0.0,6000.0,2487.1
6956,0.0,0.0,0.0,0.0,0.0,0.0,2463.5,0.0,6000.0,2463.5
6957,0.0,0.0,0.0,0.0,0.0,0.0,2511.4,0.0,6000.0,2511.4
6958,0.0,0.0,0.0,0.0,0.0,0.0,2585.0,0.0,6000.0,2585.0
6959,0.0,0.0,0.0,0.0,0.0,0.0,2452.7,0.0,6000.0,2452.7
6960,0.0,0.0,0.0,0.0,0.0,0.0,2561.6,0.0,12000.0,2561.6
6961,0.0,0.0,0.0,0.0,0.0,0.0,2511.5,0.0,12000.0,2511.5
6962,0.0,0.0,0.0,0.0,0.0,0.0,2501.6,0.0,12000.0,2501.6
6963,0.0,0.0,0.0,0.0,0.0,0.0,2459.5,0.0,12000.0,2459.5
6964,0.0,0.0,0.0,0.0,0.0,0.0,2231.4,0.0,12000.0,2231.4
6965,0.0,0.0,0.0,0.0,0.0,0.0,2070.8,0.0,12000.0,2070.8
6966,0.0,0.0,0.0,0.0,0.0,0.0,2055.9,0.0,12000.0,2055.9
6967,178.41564,0.0,0.0,0.0,0.0,0.0,2011.1368292,0.0,12000.0,2189.5524692
6968,68.32527,0.0,0.0,0.0,0.0,0.0,2059.5244881,0.0,12000.0,2127.8497581
6969,552.5871,0.0,0.0,0.0,0.0,0.0,1546.690513,0.0,12000.0,2099.277613
6970,1721.6511,0.0,0.0,0.0,0.0,0.0,540.898433,0.0,12000.0,2262.549533
6971,2233.50515463918,57.6668453608245,0.0,0.0,0.0,0.0,-2.1788335168155799e-13,0.0,12047.546314,2233.50515463918
6972,2316.70103092783,4477.17696907217,0.0,0.0,0.0,0.0,8.90141568702019e-14,0.0,15738.978725,2316.70103092783
6973,2420.82474226804,4918.39025773196,0.0,0.0,0.0,0.0,5.08613082921638e-14,0.0,19794.1914925,2420.82474226804
6974,2649.07216494845,2351.58583505155,0.0,0.0,7.56448893072171e-14,0.0,-4.9269592514114596e-30,0.0,21733.0740135,2649.07216494845
6975,2178.2124,0.0,0.0,0.0,516.07556930126,0.0,-2.19343200148692e-14,0.0,21141.9221586303,2694.28796930126
6976,598.4823,0.0,0.0,0.0,2320.47212943872,0.0,-1.00469904166121e-13,0.0,18483.8784822973,2918.95442943872
6977,0.0,0.0,0.0,0.0,0.0,0.0,2669.2,0.0,18483.8784822973,2669.2
6978,0.0,0.0,0.0,0.0,3035.85337915235,0.0,1.86836951917173e-13,0.0,15006.3832026268,3035.85337915235
6979,0.0,0.0,0.0,0.0,3107.44558991982,0.0,-3.9178333480582097e-16,0.0,11446.8808086751,3107.44558991982
6980,0.0,0.0,0.0,0.0,2234.65000038344,0.0,756.950549665256,0.0,8887.1442675715,2991.600550048696
6981,0.0,0.0,0.0,0.0,0.0,0.0,2603.7,0.0,8887.1442675715,2603.7
6982,0.0,0.0,0.0,0.0,0.0,0.0,2660.9,0.0,8887.1442675715,2660.9
6983,0.0,0.0,0.0,0.0,0.0,0.0,2684.9,0.0,8887.1442675715,2684.9
6984,0.0,0.0,0.0,0.0,0.0,0.0,2537.6,0.0,8887.1442675715,2537.6
6985,0.0,0.0,0.0,0.0,0.0,0.0,2509.9,0.0,8887.1442675715,2509.9
6986,0.0,0.0,0.0,0.0,0.0,0.0,2655.1,0.0,8887.1442675715,2655.1
6987,0.0,0.0,0.0,0.0,0.0,0.0,2661.6,0.0,8887.1442675715,2661.6
6988,0.0,0.0,0.0,0.0,0.0,0.0,2555.1,0.0,8887.1442675715,2555.1
6989,0.0,0.0,0.0,0.0,0.0,0.0,2329.3,0.0,8887.1442675715,2329.3
6990,0.0,0.0,0.0,0.0,0.0,0.0,2246.4,0.0,8887.1442675715,2246.4
6991,80.12745,0.0,0.0,0.0,2520.47694558992,0.0,3.26716022158101e-14,0.0,6000.0,2600.60439558992
6992,443.9448,0.0,0.0,0.0,0.0,0.0,1866.173544,0.0,6000.0,2310.118344
6993,2437.31958762887,733.275112371134,0.0,0.0,-1.28760855734696e-13,0.0,-1.0300901264593199e-29,0.0,6604.58533015,2437.31958762887
6994,2476.39175257732,3848.47224742268,0.0,0.0,7.55834265760326e-14,0.0,-1.4939457716325298e-30,0.0,9777.65069815,2476.39175257732
6995,2637.73195876289,6505.62304123711,0.0,0.0,-1.59107082847626e-13,0.0,-2.7312552046194196e-30,0.0,15141.53689565,2637.73195876289
6996,2677.42268041237,4576.69431958763,0.0,0.0,2.11944683936259e-13,0.0,-4.36929781692491e-30,0.0,18915.02136215,2677.42268041237
6997,2672.16494845361,1087.09965154639,0.0,0.0,1.90505098814342e-14,0.0,-8.938599210179621e-31,0.0,19811.33502485,2672.16494845361
6998,2880.30927835052,411.844521649485,0.0,0.0,-1.93375387383621e-13,0.0,-1.00370264953064e-29,0.0,20150.90083295,2880.30927835052
6999,553.3125,0.0,0.0,0.0,2526.10180412371,0.0,-2.50713195908437e-14,0.0,17257.3134284555,3079.41430412371
7000,6.659757,0.0,0.0,0.0,3124.32993781214,0.0,-6.49359145338264e-14,0.0,13678.4704298161,3130.98969481214
7001,0.0,0.0,0.0,0.0,3188.77434135166,0.0,1.19805986183067e-13,0.0,10025.807954041,3188.77434135166
7002,0.0,0.0,0.0,0.0,3171.01947308133,0.0,-1.3806730075124299e-13,0.0,6393.48324260768,3171.01947308133
7003,0.0,0.0,0.0,0.0,343.510870796506,0.0,2447.51500979465,0.0,6000.0,2791.025880591156
7004,0.0,0.0,0.0,0.0,0.0,0.0,2788.6,0.0,6000.0,2788.6
7005,0.0,0.0,0.0,0.0,0.0,0.0,2703.9,0.0,6000.0,2703.9
7006,0.0,0.0,0.0,0.0,0.0,0.0,2876.0,0.0,6000.0,2876.0
7007,0.0,0.0,0.0,0.0,0.0,0.0,2809.8,0.0,6000.0,2809.8
7008,0.0,0.0,0.0,0.0,0.0,0.0,2663.9,0.0,12000.0,2663.9
7009,0.0,0.0,0.0,0.0,0.0,0.0,2789.0,0.0,12000.0,2789.0
7010,0.0,0.0,0.0,0.0,0.0,0.0,2722.3,0.0,12000.0,2722.3
7011,0.0,0.0,0.0,0.0,0.0,0.0,2693.9,0.0,12000.0,2693.9
7012,0.0,0.0,0.0,0.0,0.0,0.0,2648.1,0.0,12000.0,2648.1
7013,0.0,0.0,0.0,0.0,0.0,0.0,2802.6,0.0,12000.0,2802.6
7014,0.0,0.0,0.0,0.0,0.0,0.0,2833.4,0.0,12000.0,2833.4
7015,55.03212,0.0,0.0,0.0,0.0,0.0,2661.9188436,0.0,12000.0,2716.9509636
7016,44.5302,0.0,0.0,0.0,0.0,0.0,2505.705706,0.0,12000.0,2550.2359060000003
7017,23.763909,0.0,0.0,0.0,0.0,0.0,2526.14900827,0.0,12000.0,2549.91291727
7018,170.12385,0.0,0.0,0.0,0.0,0.0,2718.4798655,0.0,12000.0,2888.6037155
7019,85.35852,0.0,0.0,0.0,0.0,0.0,2865.0022356,0.0,12000.0,2950.3607556
7020,210.57738,0.0,0.0,0.0,0.0,0.0,2664.3399414,0.0,12000.0,2874.9173214
7021,42.35049,0.0,0.0,0.0,0.0,0.0,2815.4200247,0.0,12000.0,2857.7705147
7022,250.81368,0.0,0.0,0.0,0.0,0.0,2667.4107304,0.0,12000.0,2918.2244104
7023,18.090111,0.0,0.0,0.0,0.0,0.0,2815.35259233,0.0,12000.0,2833.44270333
7024,0.0,0.0,0.0,0.0,0.0,0.0,2818.4,0.0,12000.0,2818.4
7025,0.0,0.0,0.0,0.0,0.0,0.0,2788.4,0.0,12000.0,2788.4
7026,0.0,0.0,0.0,0.0,0.0,0.0,2814.2,0.0,12000.0,2814.2
7027,0.0,0.0,0.0,0.0,0.0,0.0,2748.0,0.0,12000.0,2748.0
7028,0.0,0.0,0.0,0.0,0.0,0.0,2762.4,0.0,12000.0,2762.4
7029,0.0,0.0,0.0,0.0,0.0,0.0,2647.2,0.0,12000.0,2647.2
7030,0.0,0.0,0.0,0.0,0.0,0.0,2733.8,0.0,12000.0,2733.8
7031,0.0,0.0,0.0,0.0,0.0,0.0,2591.6,0.0,12000.0,2591.6
7032,0.0,0.0,0.0,0.0,0.0,0.0,2610.8,0.0,12000.0,2610.8
7033,0.0,0.0,0.0,0.0,0.0,0.0,2689.9,0.0,12000.0,2689.9
7034,0.0,0.0,0.0,0.0,0.0,0.0,2692.5,0.0,12000.0,2692.5
7035,0.0,0.0,0.0,0.0,0.0,0.0,2740.6,0.0,12000.0,2740.6
7036,0.0,0.0,0.0,0.0,0.0,0.0,2662.9,0.0,12000.0,2662.9
7037,0.0,0.0,0.0,0.0,0.0,0.0,2797.8,0.0,12000.0,2797.8
7038,0.0,0.0,0.0,0.0,0.0,0.0,2796.1,0.0,12000.0,2796.1
7039,0.0,0.0,0.0,0.0,0.0,0.0,2809.1,0.0,12000.0,2809.1
7040,0.0,0.0,0.0,0.0,2434.68839690722,0.0,675.6170295,0.0,9211.12440216814,3110.30542640722
7041,317.12265,0.0,0.0,0.0,2803.31160309278,0.0,9.72933939690762e-14,0.0,6000.0,3120.43425309278
7042,953.6124,0.0,0.0,0.0,0.0,0.0,1923.595972,0.0,6000.0,2877.208372
7043,273.53313,0.0,0.0,0.0,0.0,0.0,2528.0728639,0.0,6000.0,2801.6059939
7044,567.4929,0.0,0.0,0.0,0.0,0.0,2257.631887,0.0,6000.0,2825.124787
7045,146.72892,0.0,0.0,0.0,0.0,0.0,2410.5729476,0.0,6000.0,2557.3018676
7046,19.974513,0.0,0.0,0.0,0.0,0.0,2786.52472239,0.0,6000.0,2806.49923539
7047,592.4178,0.0,0.0,0.0,0.0,0.0,2225.554734,0.0,6000.0,2817.972534
7048,0.0,0.0,0.0,0.0,0.0,0.0,2794.3,0.0,6000.0,2794.3
7049,0.0,0.0,0.0,0.0,0.0,0.0,2753.2,0.0,6000.0,2753.2
7050,0.0,0.0,0.0,0.0,0.0,0.0,2704.8,0.0,6000.0,2704.8
7051,0.0,0.0,0.0,0.0,0.0,0.0,2787.7,0.0,6000.0,2787.7
7052,0.0,0.0,0.0,0.0,0.0,0.0,2711.9,0.0,6000.0,2711.9
7053,0.0,0.0,0.0,0.0,0.0,0.0,2571.9,0.0,6000.0,2571.9
7054,0.0,0.0,0.0,0.0,0.0,0.0,2764.3,0.0,6000.0,2764.3
7055,0.0,0.0,0.0,0.0,0.0,0.0,2779.9,0.0,6000.0,2779.9
7056,0.0,0.0,0.0,0.0,0.0,0.0,2751.4,0.0,12000.0,2751.4
7057,0.0,0.0,0.0,0.0,0.0,0.0,2847.4,0.0,12000.0,2847.4
7058,0.0,0.0,0.0,0.0,0.0,0.0,2739.2,0.0,12000.0,2739.2
7059,0.0,0.0,0.0,0.0,0.0,0.0,2666.3,0.0,12000.0,2666.3
7060,0.0,0.0,0.0,0.0,0.0,0.0,2552.1,0.0,12000.0,2552.1
7061,0.0,0.0,0.0,0.0,0.0,0.0,2693.4,0.0,12000.0,2693.4
7062,0.0,0.0,0.0,0.0,0.0,0.0,2680.7,0.0,12000.0,2680.7
7063,21.702915,0.0,0.0,0.0,0.0,0.0,2674.74817245,0.0,12000.0,2696.45108745
7064,0.0,0.0,0.0,0.0,0.0,0.0,2678.9,0.0,12000.0,2678.9
7065,74.70879,0.0,0.0,0.0,0.0,0.0,2641.8324737,0.0,12000.0,2716.5412637
7066,409.7184,0.0,0.0,0.0,0.0,0.0,2394.173152,0.0,12000.0,2803.891552
7067,29.665545,0.0,0.0,0.0,0.0,0.0,2661.12442135,0.0,12000.0,2690.78996635
7068,616.4574,0.0,0.0,0.0,0.0,0.0,2130.436322,0.0,12000.0,2746.893722
7069,805.2876,0.0,0.0,0.0,0.0,0.0,1898.971028,0.0,12000.0,2704.258628
7070,674.6883,0.0,0.0,0.0,0.0,0.0,2060.252349,0.0,12000.0,2734.940649
7071,382.35405,0.0,0.0,0.0,0.0,0.0,2265.4165715,0.0,12000.0,2647.7706215
7072,0.0,0.0,0.0,0.0,0.0,0.0,2557.4,0.0,12000.0,2557.4
7073,0.0,0.0,0.0,0.0,0.0,0.0,2534.3,0.0,12000.0,2534.3
7074,0.0,0.0,0.0,0.0,0.0,0.0,2585.2,0.0,12000.0,2585.2
7075,0.0,0.0,0.0,0.0,0.0,0.0,2580.5,0.0,12000.0,2580.5
7076,0.0,0.0,0.0,0.0,0.0,0.0,2637.1,0.0,12000.0,2637.1
7077,0.0,0.0,0.0,0.0,0.0,0.0,2677.3,0.0,12000.0,2677.3
7078,0.0,0.0,0.0,0.0,0.0,0.0,2707.4,0.0,12000.0,2707.4
7079,0.0,0.0,0.0,0.0,0.0,0.0,2670.2,0.0,12000.0,2670.2
7080,0.0,0.0,0.0,0.0,0.0,0.0,2644.4,0.0,12000.0,2644.4
7081,0.0,0.0,0.0,0.0,0.0,0.0,2558.4,0.0,12000.0,2558.4
7082,0.0,0.0,0.0,0.0,0.0,0.0,2590.3,0.0,12000.0,2590.3
7083,0.0,0.0,0.0,0.0,0.0,0.0,2592.2,0.0,12000.0,2592.2
7084,0.0,0.0,0.0,0.0,0.0,0.0,2593.5,0.0,12000.0,2593.5
7085,0.0,0.0,0.0,0.0,0.0,0.0,2620.8,0.0,12000.0,2620.8
7086,0.0,0.0,0.0,0.0,0.0,0.0,2646.0,0.0,12000.0,2646.0
7087,0.0,0.0,0.0,0.0,0.0,0.0,2553.8,0.0,12000.0,2553.8
7088,0.0,0.0,0.0,0.0,0.0,0.0,2585.0,0.0,12000.0,2585.0
7089,256.48623,0.0,0.0,0.0,0.0,0.0,2271.0083569,0.0,12000.0,2527.4945869
7090,633.9138,0.0,0.0,0.0,0.0,0.0,1843.803614,0.0,12000.0,2477.717414
7091,2608.65979381443,2628.22120618557,0.0,0.0,0.0,0.0,-5.78205982520492e-14,0.0,14166.9683845,2608.65979381443
7092,483.0735,0.0,0.0,0.0,0.0,0.0,1976.918705,0.0,14166.9683845,2459.992205
7093,712.7406,0.0,0.0,0.0,1910.9296884307,0.0,8.88869949883121e-14,0.0,11978.0454882449,2623.6702884307
7094,477.0948,0.0,0.0,0.0,2266.11459793814,0.0,1.5090882250123998e-13,0.0,9382.26702554371,2743.20939793814
7095,882.8469,0.0,0.0,0.0,50.5427100923272,0.0,1610.3147210894,0.0,9324.37159588469,2543.7043311817274
7096,0.0,0.0,0.0,0.0,2902.17640320733,0.0,-1.1626224178370299e-13,0.0,6000.0,2902.17640320733
7097,0.0,0.0,0.0,0.0,0.0,0.0,2375.7,0.0,6000.0,2375.7
7098,0.0,0.0,0.0,0.0,0.0,0.0,2222.7,0.0,6000.0,2222.7
7099,0.0,0.0,0.0,0.0,0.0,0.0,2230.1,0.0,6000.0,2230.1
7100,0.0,0.0,0.0,0.0,0.0,0.0,2354.7,0.0,6000.0,2354.7
7101,0.0,0.0,0.0,0.0,0.0,0.0,2536.8,0.0,6000.0,2536.8
7102,0.0,0.0,0.0,0.0,0.0,0.0,2595.7,0.0,6000.0,2595.7
7103,0.0,0.0,0.0,0.0,0.0,0.0,2578.6,0.0,6000.0,2578.6
7104,0.0,0.0,0.0,0.0,0.0,0.0,2622.2,0.0,12000.0,2622.2
7105,0.0,0.0,0.0,0.0,0.0,0.0,2569.8,0.0,12000.0,2569.8
7106,0.0,0.0,0.0,0.0,0.0,0.0,2509.4,0.0,12000.0,2509.4
7107,0.0,0.0,0.0,0.0,0.0,0.0,2439.0,0.0,12000.0,2439.0
7108,0.0,0.0,0.0,0.0,0.0,0.0,2478.5,0.0,12000.0,2478.5
7109,0.0,0.0,0.0,0.0,0.0,0.0,2300.0,0.0,12000.0,2300.0
7110,0.0,0.0,0.0,0.0,0.0,0.0,2356.9,0.0,12000.0,2356.9
7111,53.71509,0.0,0.0,0.0,0.0,0.0,2351.6963627,0.0,12000.0,2405.4114527
7112,213.83583,0.0,0.0,0.0,0.0,0.0,2193.6792449,0.0,12000.0,2407.5150749
7113,90.20739,0.0,0.0,0.0,0.0,0.0,2264.2988317,0.0,12000.0,2354.5062217
7114,2506.70103092784,1984.46096907216,0.0,0.0,0.0,0.0,-1.65129216142792e-13,0.0,13636.188069,2506.70103092784
7115,2592.78350515464,4317.11949484536,0.0,0.0,0.0,0.0,-1.90120359318301e-13,0.0,17195.6530925,2592.78350515464
7116,2619.69072164949,484.732678350515,0.0,0.0,0.0,0.0,-1.2573877792344799e-13,0.0,17595.3151858,2619.69072164949
7117,2377.4283,0.0,0.0,0.0,0.0,0.0,267.794549,0.0,17595.3151858,2645.222849
7118,2654.53608247423,5419.32191752577,0.0,0.0,0.0,0.0,-1.56709467853606e-14,0.0,22063.5461068,2654.53608247423
7119,549.7752,0.0,0.0,0.0,0.0,0.0,1942.818056,0.0,22063.5461068,2492.593256
7120,0.0,0.0,0.0,0.0,0.0,0.0,2482.7,0.0,22063.5461068,2482.7
7121,0.0,0.0,0.0,0.0,0.0,0.0,2514.3,0.0,22063.5461068,2514.3
7122,0.0,0.0,0.0,0.0,0.0,0.0,2363.2,0.0,22063.5461068,2363.2
7123,0.0,0.0,0.0,0.0,0.0,0.0,2420.7,0.0,22063.5461068,2420.7
7124,0.0,0.0,0.0,0.0,0.0,0.0,2523.6,0.0,22063.5461068,2523.6
7125,0.0,0.0,0.0,0.0,0.0,0.0,2491.1,0.0,22063.5461068,2491.1
7126,0.0,0.0,0.0,0.0,0.0,0.0,2494.3,0.0,22063.5461068,2494.3
7127,0.0,0.0,0.0,0.0,0.0,0.0,2558.2,0.0,22063.5461068,2558.2
7128,0.0,0.0,0.0,0.0,0.0,0.0,2474.3,0.0,22063.5461068,2474.3
7129,0.0,0.0,0.0,0.0,0.0,0.0,2541.3,0.0,22063.5461068,2541.3
7130,0.0,0.0,0.0,0.0,0.0,0.0,2397.1,0.0,22063.5461068,2397.1
7131,0.0,0.0,0.0,0.0,0.0,0.0,2505.6,0.0,22063.5461068,2505.6
7132,0.0,0.0,0.0,0.0,0.0,0.0,2452.6,0.0,22063.5461068,2452.6
7133,0.0,0.0,0.0,0.0,2893.11864128465,0.0,17.2074261584974,0.0,18749.5499541257,2910.326067443148
7134,0.0,0.0,0.0,0.0,3044.6735395189,0.0,6.952780314065681e-14,0.0,15261.9513979758,3044.6735395189
7135,97.59204,0.0,0.0,0.0,3001.07184558992,0.0,-1.92484123137167e-13,0.0,11824.2975084111,3098.66388558992
7136,243.87363,0.0,0.0,0.0,2839.33857835052,0.0,-6.18041820772843e-14,0.0,8571.90509334755,3083.21220835052
7137,2630.92783505155,108.736364948454,0.0,0.0,-1.86712449736467e-14,0.0,-7.73430044014315e-32,0.0,8661.55822624755,2630.92783505155
7138,2636.49484536082,3676.66915463918,0.0,0.0,-2.87427420713763e-15,0.0,8.20633933807611e-32,0.0,11692.9719442476,2636.49484536082
7139,2550.51546391753,4058.34653608247,0.0,0.0,1.35145008502178e-13,0.0,7.484964313713419e-30,0.0,15039.0786632476,2550.51546391753
7140,2554.32989690722,4188.73110309278,0.0,0.0,2.49859847112678e-13,0.0,-1.78829763017844e-29,0.0,18492.6874577476,2554.32989690722
7141,2444.63917525773,4562.88082474227,0.0,0.0,-2.11881752812179e-13,0.0,-1.00951439530749e-29,0.0,22254.7826977476,2444.63917525773
7142,2578.76288659794,28.4378134020626,0.0,0.0,1.30798145991573e-13,0.0,4.8014265442531e-30,0.0,22278.2296748976,2578.76288659794
7143,180.40113,0.0,0.0,0.0,2624.9838532646,0.0,1.08345304023176e-13,0.0,19271.3753183516,2805.3849832646
7144,0.0,0.0,0.0,0.0,2759.79381443299,0.0,-1.48802225982022e-13,0.0,16110.0994713493,2759.79381443299
7145,0.0,0.0,0.0,0.0,2771.59221076747,0.0,1.23612395360992e-13,0.0,12935.3088519135,2771.59221076747
7146,0.0,0.0,0.0,0.0,2900.57273768614,0.0,-3.8503293464333904e-14,0.0,9612.77421538873,2900.57273768614
7147,0.0,0.0,0.0,0.0,3153.95189003436,0.0,1.77042295295199e-13,0.0,6000.0,3153.95189003436
7148,0.0,0.0,0.0,0.0,0.0,0.0,2682.3,0.0,6000.0,2682.3
7149,0.0,0.0,0.0,0.0,0.0,0.0,2598.9,0.0,6000.0,2598.9
7150,0.0,0.0,0.0,0.0,0.0,0.0,2710.5,0.0,6000.0,2710.5
7151,0.0,0.0,0.0,0.0,0.0,0.0,2654.1,0.0,6000.0,2654.1
7152,0.0,0.0,0.0,0.0,0.0,0.0,2545.9,0.0,12000.0,2545.9
7153,0.0,0.0,0.0,0.0,0.0,0.0,2507.0,0.0,12000.0,2507.0
7154,0.0,0.0,0.0,0.0,0.0,0.0,2584.6,0.0,12000.0,2584.6
7155,0.0,0.0,0.0,0.0,0.0,0.0,2523.8,0.0,12000.0,2523.8
7156,0.0,0.0,0.0,0.0,0.0,0.0,2322.4,0.0,12000.0,2322.4
7157,0.0,0.0,0.0,0.0,0.0,0.0,2225.7,0.0,12000.0,2225.7
7158,0.0,0.0,0.0,0.0,903.680984994273,0.0,1513.5865001,0.0,10964.8556872918,2417.267485094273
7159,40.72497,0.0,0.0,0.0,2591.97798293242,0.0,-3.04112682007009e-14,0.0,7995.80874235202,2632.7029529324204
7160,989.1531,0.0,0.0,0.0,1526.94329095074,0.0,-1.68417399298613e-14,0.0,6246.73280770053,2516.09639095074
7161,2262.3276,0.0,0.0,0.0,215.397741122566,0.0,-2.2037523075323302e-15,0.0,6000.0,2477.725341122566
7162,2404.22680412371,626.053695876289,0.0,0.0,1.35889064159214e-13,0.0,-2.2577238792212498e-30,0.0,6516.18127225,2404.22680412371
7163,2505.05154639175,9741.49445360825,0.0,0.0,3.47860179167587e-14,0.0,9.768710308983081e-31,0.0,14548.04344925,2505.05154639175
7164,183.94545,0.0,0.0,0.0,2498.02166494845,0.0,-1.08339965150342e-13,0.0,11686.6211526309,2681.96711494845
7165,98.75658,0.0,0.0,0.0,2506.76531202749,0.0,-3.5110109820331e-14,0.0,8815.18322361891,2605.52189202749
7166,35.165403,0.0,0.0,0.0,2457.6549542193,0.0,319.456784056547,0.0,6000.0,2812.277141275847
7167,255.8439,0.0,0.0,0.0,0.0,0.0,2350.631417,0.0,6000.0,2606.475317
7168,0.0,0.0,0.0,0.0,0.0,0.0,2526.7,0.0,6000.0,2526.7
7169,0.0,0.0,0.0,0.0,0.0,0.0,2600.9,0.0,6000.0,2600.9
7170,0.0,0.0,0.0,0.0,0.0,0.0,2453.4,0.0,6000.0,2453.4
7171,0.0,0.0,0.0,0.0,0.0,0.0,2514.4,0.0,6000.0,2514.4
7172,0.0,0.0,0.0,0.0,0.0,0.0,2548.3,0.0,6000.0,2548.3
7173,0.0,0.0,0.0,0.0,0.0,0.0,2565.7,0.0,6000.0,2565.7
7174,0.0,0.0,0.0,0.0,0.0,0.0,2713.9,0.0,6000.0,2713.9
7175,0.0,0.0,0.0,0.0,0.0,0.0,2699.5,0.0,6000.0,2699.5
7176,0.0,0.0,0.0,0.0,0.0,0.0,2627.9,0.0,6000.0,2627.9
7177,0.0,0.0,0.0,0.0,0.0,0.0,2626.6,0.0,6000.0,2626.6
7178,0.0,0.0,0.0,0.0,0.0,0.0,2652.4,0.0,6000.0,2652.4
7179,0.0,0.0,0.0,0.0,0.0,0.0,2641.7,0.0,6000.0,2641.7
7180,0.0,0.0,0.0,0.0,0.0,0.0,2491.4,0.0,6000.0,2491.4
7181,0.0,0.0,0.0,0.0,0.0,0.0,2607.5,0.0,6000.0,2607.5
7182,0.0,0.0,0.0,0.0,0.0,0.0,2567.7,0.0,6000.0,2567.7
7183,563.9556,0.0,0.0,0.0,0.0,0.0,2051.463068,0.0,6000.0,2615.4186680000003
7184,0.0,0.0,0.0,0.0,0.0,0.0,2554.8,0.0,6000.0,2554.8
7185,66.36279,0.0,0.0,0.0,0.0,0.0,2546.2280937,0.0,6000.0,2612.5908837
7186,2646.70103092783,8653.62696907217,0.0,0.0,7.855272678053061e-15,0.0,-3.82054407073934e-31,0.0,13134.915436,2646.70103092783
7187,2777.62886597938,9442.55313402062,0.0,0.0,-7.14929035108461e-14,0.0,-1.7173404930456297e-30,0.0,20920.300495,2777.62886597938
7188,1213.251,0.0,0.0,0.0,1716.5481443299,0.0,-7.22114845353696e-14,0.0,18954.036870338,2929.7991443299
7189,287.42064,0.0,0.0,0.0,2648.91406552119,0.0,1.91606577831609e-13,0.0,15919.7710449988,2936.33470552119
7190,1672.6086,0.0,0.0,0.0,1181.52309049255,0.0,-6.79322854138097e-14,0.0,14566.36544306,2854.1316904925498
7191,2606.9472,0.0,0.0,0.0,280.597040091638,0.0,5.9554086819198205e-15,0.0,14244.9484441005,2887.544240091638
7192,0.0,0.0,0.0,0.0,3058.87743413517,0.0,-1.42813978537974e-13,0.0,10741.0796764772,3058.87743413517
7193,0.0,0.0,0.0,0.0,3018.78579610538,0.0,1.04952110639732e-13,0.0,7283.13489285129,3018.78579610538
7194,0.0,0.0,0.0,0.0,1120.17676145917,0.0,1640.48568724614,0.0,6000.0,2760.66244870531
7195,0.0,0.0,0.0,0.0,0.0,0.0,2699.5,0.0,6000.0,2699.5
7196,0.0,0.0,0.0,0.0,0.0,0.0,2666.1,0.0,6000.0,2666.1
7197,0.0,0.0,0.0,0.0,0.0,0.0,2571.2,0.0,6000.0,2571.2
7198,0.0,0.0,0.0,0.0,0.0,0.0,2715.4,0.0,6000.0,2715.4
7199,0.0,0.0,0.0,0.0,0.0,0.0,2670.6,0.0,6000.0,2670.6
7200,0.0,0.0,0.0,0.0,0.0,0.0,2441.2,0.0,12000.0,2441.2
7201,0.0,0.0,0.0,0.0,0.0,0.0,2577.6,0.0,12000.0,2577.6
7202,0.0,0.0,0.0,0.0,0.0,0.0,2504.0,0.0,12000.0,2504.0
7203,0.0,0.0,0.0,0.0,0.0,0.0,2546.8,0.0,12000.0,2546.8
7204,0.0,0.0,0.0,0.0,0.0,0.0,2455.5,0.0,12000.0,2455.5
7205,0.0,0.0,0.0,0.0,0.0,0.0,2674.7,0.0,12000.0,2674.7
7206,0.0,0.0,0.0,0.0,0.0,0.0,2672.6,0.0,12000.0,2672.6
7207,0.0,0.0,0.0,0.0,0.0,0.0,2629.4,0.0,12000.0,2629.4
7208,170.71665,0.0,0.0,0.0,0.0,0.0,2579.6048495,0.0,12000.0,2750.3214995
7209,2303.9679,0.0,0.0,0.0,0.0,0.0,516.051137,0.0,12000.0,2820.019037
7210,1502.1396,0.0,0.0,0.0,0.0,0.0,1336.024588,0.0,12000.0,2838.164188
7211,1156.3461,0.0,0.0,0.0,0.0,0.0,1598.944283,0.0,12000.0,2755.290383
7212,552.3258,0.0,0.0,0.0,0.0,0.0,2271.443974,0.0,12000.0,2823.769774
7213,321.6252,0.0,0.0,0.0,0.0,0.0,2377.423556,0.0,12000.0,2699.048756
7214,401.3919,0.0,0.0,0.0,0.0,0.0,2282.649857,0.0,12000.0,2684.041757
7215,140.51466,0.0,0.0,0.0,0.0,0.0,2558.3007798,0.0,12000.0,2698.8154398
7216,0.0,0.0,0.0,0.0,0.0,0.0,2713.1,0.0,12000.0,2713.1
7217,0.0,0.0,0.0,0.0,0.0,0.0,2646.7,0.0,12000.0,2646.7
7218,0.0,0.0,0.0,0.0,0.0,0.0,2611.9,0.0,12000.0,2611.9
7219,0.0,0.0,0.0,0.0,0.0,0.0,2668.7,0.0,12000.0,2668.7
7220,0.0,0.0,0.0,0.0,0.0,0.0,2721.7,0.0,12000.0,2721.7
7221,0.0,0.0,0.0,0.0,0.0,0.0,2609.8,0.0,12000.0,2609.8
7222,0.0,0.0,0.0,0.0,0.0,0.0,2712.0,0.0,12000.0,2712.0
7223,0.0,0.0,0.0,0.0,0.0,0.0,2702.3,0.0,12000.0,2702.3
7224,0.0,0.0,0.0,0.0,0.0,0.0,2662.4,0.0,12000.0,2662.4
7225,0.0,0.0,0.0,0.0,0.0,0.0,2668.5,0.0,12000.0,2668.5
7226,0.0,0.0,0.0,0.0,0.0,0.0,2642.9,0.0,12000.0,2642.9
7227,0.0,0.0,0.0,0.0,0.0,0.0,2575.6,0.0,12000.0,2575.6
7228,0.0,0.0,0.0,0.0,0.0,0.0,2569.4,0.0,12000.0,2569.4
7229,0.0,0.0,0.0,0.0,0.0,0.0,2720.4,0.0,12000.0,2720.4
7230,0.0,0.0,0.0,0.0,0.0,0.0,2768.3,0.0,12000.0,2768.3
7231,0.0,0.0,0.0,0.0,0.0,0.0,2698.5,0.0,12000.0,2698.5
7232,734.6235,0.0,0.0,0.0,0.0,0.0,2066.715205,0.0,12000.0,2801.338705
7233,638.8044,0.0,0.0,0.0,0.0,0.0,2072.959732,0.0,12000.0,2711.764132
7234,2237.8044,0.0,0.0,0.0,0.0,0.0,480.429732,0.0,12000.0,2718.234132
7235,2621.5371,0.0,0.0,0.0,0.0,0.0,76.209013,0.0,12000.0,2697.746113
7236,28.580721,0.0,0.0,0.0,0.0,0.0,2672.57670063,0.0,12000.0,2701.15742163
7237,2814.74226804124,1732.07273195876,0.0,0.0,1.2984159290556e-14,0.0,2.5183416267373503e-31,0.0,13428.0939675,2814.74226804124
7238,2156.0916,0.0,0.0,0.0,698.844384879725,0.0,-2.737642317499e-15,0.0,12627.5849355645,2854.9359848797253
7239,272.4306,0.0,0.0,0.0,2759.26955097365,0.0,-2.6930867223431602e-14,0.0,9466.90961944344,3031.70015097365
7240,0.0,0.0,0.0,0.0,3026.61209777412,0.0,44.4676386431925,0.0,6000.0,3071.079736417312
7241,0.0,0.0,0.0,0.0,0.0,0.0,2644.3,0.0,6000.0,2644.3
7242,0.0,0.0,0.0,0.0,0.0,0.0,2684.1,0.0,6000.0,2684.1
7243,0.0,0.0,0.0,0.0,0.0,0.0,2657.1,0.0,6000.0,2657.1
7244,0.0,0.0,0.0,0.0,0.0,0.0,2722.3,0.0,6000.0,2722.3
7245,0.0,0.0,0.0,0.0,0.0,0.0,2754.1,0.0,6000.0,2754.1
7246,0.0,0.0,0.0,0.0,0.0,0.0,2677.7,0.0,6000.0,2677.7
7247,0.0,0.0,0.0,0.0,0.0,0.0,2666.6,0.0,6000.0,2666.6
7248,0.0,0.0,0.0,0.0,0.0,0.0,2600.5,0.0,12000.0,2600.5
7249,0.0,0.0,0.0,0.0,0.0,0.0,2569.2,0.0,12000.0,2569.2
7250,0.0,0.0,0.0,0.0,0.0,0.0,2626.4,0.0,12000.0,2626.4
7251,0.0,0.0,0.0,0.0,0.0,0.0,2595.8,0.0,12000.0,2595.8
7252,0.0,0.0,0.0,0.0,0.0,0.0,2547.5,0.0,12000.0,2547.5
7253,0.0,0.0,0.0,0.0,0.0,0.0,2567.8,0.0,12000.0,2567.8
7254,0.0,0.0,0.0,0.0,0.0,0.0,2653.9,0.0,12000.0,2653.9
7255,0.0,0.0,0.0,0.0,0.0,0.0,2620.9,0.0,12000.0,2620.9
7256,96.68997,0.0,0.0,0.0,0.0,0.0,2610.8107291,0.0,12000.0,2707.5006991
7257,1376.193,0.0,0.0,0.0,0.0,0.0,1365.89279,0.0,12000.0,2742.08579
7258,1500.0141,0.0,0.0,0.0,0.0,0.0,1193.986323,0.0,12000.0,2694.0004230000004
7259,2762.98969072165,2076.36430927835,0.0,0.0,0.0,0.0,9.635820205891e-14,0.0,13711.962373,2762.98969072165
7260,1791.8316,0.0,0.0,0.0,0.0,0.0,826.023348,0.0,13711.962373,2617.854948
7261,2084.5227,0.0,0.0,0.0,0.0,0.0,477.912981,0.0,13711.962373,2562.435681
7262,176.87631,0.0,0.0,0.0,0.0,0.0,2299.8299793,0.0,13711.962373,2476.7062893
7263,2349.4653,0.0,0.0,0.0,0.0,0.0,183.318659,0.0,13711.962373,2532.783959
7264,0.0,0.0,0.0,0.0,0.0,0.0,2444.0,0.0,13711.962373,2444.0
7265,0.0,0.0,0.0,0.0,0.0,0.0,2483.3,0.0,13711.962373,2483.3
7266,0.0,0.0,0.0,0.0,0.0,0.0,2528.0,0.0,13711.962373,2528.0
7267,0.0,0.0,0.0,0.0,0.0,0.0,2546.1,0.0,13711.962373,2546.1
7268,0.0,0.0,0.0,0.0,0.0,0.0,2482.1,0.0,13711.962373,2482.1
7269,0.0,0.0,0.0,0.0,0.0,0.0,2524.5,0.0,13711.962373,2524.5
7270,0.0,0.0,0.0,0.0,0.0,0.0,2565.4,0.0,13711.962373,2565.4
7271,0.0,0.0,0.0,0.0,0.0,0.0,2581.8,0.0,13711.962373,2581.8
7272,0.0,0.0,0.0,0.0,0.0,0.0,2666.0,0.0,13711.962373,2666.0
7273,0.0,0.0,0.0,0.0,0.0,0.0,2631.4,0.0,13711.962373,2631.4
7274,0.0,0.0,0.0,0.0,0.0,0.0,2563.9,0.0,13711.962373,2563.9
7275,0.0,0.0,0.0,0.0,0.0,0.0,2520.6,0.0,13711.962373,2520.6
7276,0.0,0.0,0.0,0.0,0.0,0.0,2438.9,0.0,13711.962373,2438.9
7277,0.0,0.0,0.0,0.0,0.0,0.0,2481.0,0.0,13711.962373,2481.0
7278,0.0,0.0,0.0,0.0,0.0,0.0,2380.7,0.0,13711.962373,2380.7
7279,0.0,0.0,0.0,0.0,0.0,0.0,2381.3,0.0,13711.962373,2381.3
7280,77.63886,0.0,0.0,0.0,0.0,0.0,2449.4903058,0.0,13711.962373,2527.1291658
7281,1395.4902,0.0,0.0,0.0,0.0,0.0,1203.074506,0.0,13711.962373,2598.564706
7282,2624.12371134021,3245.80528865979,0.0,0.0,0.0,0.0,1.19942910128584e-13,0.0,16388.1288335,2624.12371134021
7283,2671.75257731959,1838.24642268041,0.0,0.0,0.0,0.0,6.20948424408742e-14,0.0,17903.763009,2671.75257731959
7284,2581.75257731959,1715.61842268041,0.0,0.0,0.0,0.0,-1.08559759120308e-13,0.0,19318.2903985,2581.75257731959
7285,1417.3224,0.0,0.0,0.0,1179.74897683666,0.0,65.6764152215935,0.0,17966.9170000617,2662.7477920582533
7286,860.7729,0.0,0.0,0.0,1917.12518556701,0.0,-8.8726800385661e-15,0.0,15770.8973144179,2777.89808556701
7287,15.892578,0.0,0.0,0.0,2861.72302329897,0.0,1.27865226004252e-13,0.0,12492.8640689437,2877.61560129897
7288,0.0,0.0,0.0,0.0,2782.24513172967,0.0,1.77291506154606e-13,0.0,9305.87079090285,2782.24513172967
7289,0.0,0.0,0.0,0.0,2886.02520045819,0.0,-1.12652953276079e-13,0.0,6000.0,2886.02520045819
7290,0.0,0.0,0.0,0.0,0.0,0.0,2508.3,0.0,6000.0,2508.3
7291,0.0,0.0,0.0,0.0,0.0,0.0,2356.1,0.0,6000.0,2356.1
7292,0.0,0.0,0.0,0.0,0.0,0.0,2628.6,0.0,6000.0,2628.6
7293,0.0,0.0,0.0,0.0,0.0,0.0,2642.9,0.0,6000.0,2642.9
7294,0.0,0.0,0.0,0.0,0.0,0.0,2560.6,0.0,6000.0,2560.6
7295,0.0,0.0,0.0,0.0,0.0,0.0,2599.9,0.0,6000.0,2599.9
7296,0.0,0.0,0.0,0.0,0.0,0.0,2665.2,0.0,12000.0,2665.2
7297,0.0,0.0,0.0,0.0,0.0,0.0,2611.7,0.0,12000.0,2611.7
7298,0.0,0.0,0.0,0.0,0.0,0.0,2598.1,0.0,12000.0,2598.1
7299,0.0,0.0,0.0,0.0,0.0,0.0,2566.4,0.0,12000.0,2566.4
7300,0.0,0.0,0.0,0.0,0.0,0.0,2550.0,0.0,12000.0,2550.0
7301,0.0,0.0,0.0,0.0,0.0,0.0,2386.1,0.0,12000.0,2386.1
7302,0.0,0.0,0.0,0.0,0.0,0.0,2535.1,0.0,12000.0,2535.1
7303,0.0,0.0,0.0,0.0,0.0,0.0,2592.7,0.0,12000.0,2592.7
7304,100.62039,0.0,0.0,0.0,0.0,0.0,2403.6982217,0.0,12000.0,2504.3186117
7305,2598.76288659794,677.404813402063,0.0,0.0,0.0,0.0,2.05669158679756e-13,0.0,12558.52026865,2598.76288659794
7306,2611.9587628866,2323.6862371134,0.0,0.0,0.0,0.0,-7.71048746042352e-15,0.0,14474.39957115,2611.9587628866
7307,2635.77319587629,3387.19180412371,0.0,0.0,0.0,0.0,1.9756036440225e-13,0.0,17267.13921365,2635.77319587629
7308,2626.39175257732,3300.47724742268,0.0,0.0,0.0,0.0,6.9981134289527e-14,0.0,19988.38270415,2626.39175257732
7309,13.13208,0.0,0.0,0.0,0.0,0.0,2581.5618824,0.0,19988.38270415,2594.6939624
7310,790.9512,0.0,0.0,0.0,0.0,0.0,1860.077336,0.0,19988.38270415,2651.028536
7311,23.79195,0.0,0.0,0.0,0.0,0.0,2650.3218085,0.0,19988.38270415,2674.1137585
7312,0.0,0.0,0.0,0.0,0.0,0.0,2711.2,0.0,19988.38270415,2711.2
7313,0.0,0.0,0.0,0.0,0.0,0.0,2666.3,0.0,19988.38270415,2666.3
7314,0.0,0.0,0.0,0.0,0.0,0.0,2692.1,0.0,19988.38270415,2692.1
7315,0.0,0.0,0.0,0.0,0.0,0.0,2665.2,0.0,19988.38270415,2665.2
7316,0.0,0.0,0.0,0.0,0.0,0.0,2707.1,0.0,19988.38270415,2707.1
7317,0.0,0.0,0.0,0.0,0.0,0.0,2692.1,0.0,19988.38270415,2692.1
7318,0.0,0.0,0.0,0.0,0.0,0.0,2677.7,0.0,19988.38270415,2677.7
7319,0.0,0.0,0.0,0.0,0.0,0.0,2557.0,0.0,19988.38270415,2557.0
7320,0.0,0.0,0.0,0.0,0.0,0.0,2313.9,0.0,19988.38270415,2313.9
7321,0.0,0.0,0.0,0.0,0.0,0.0,2122.1,0.0,19988.38270415,2122.1
7322,0.0,0.0,0.0,0.0,0.0,0.0,2259.9,0.0,19988.38270415,2259.9
7323,0.0,0.0,0.0,0.0,0.0,0.0,2217.0,0.0,19988.38270415,2217.0
7324,0.0,0.0,0.0,0.0,0.0,0.0,2224.7,0.0,19988.38270415,2224.7
7325,0.0,0.0,0.0,0.0,0.0,0.0,1987.0,0.0,19988.38270415,1987.0
7326,0.0,0.0,0.0,0.0,0.0,0.0,1845.6,0.0,19988.38270415,1845.6
7327,0.0,0.0,0.0,0.0,0.0,0.0,1879.0,0.0,19988.38270415,1879.0
7328,199.41831,0.0,0.0,0.0,0.0,0.0,1573.4642393,0.0,19988.38270415,1772.8825493
7329,0.0,0.0,0.0,0.0,0.0,0.0,1870.3,0.0,19988.38270415,1870.3
7330,101.70576,0.0,0.0,0.0,2150.45293562428,0.0,-5.8480415291441e-14,0.0,17525.0918271462,2252.15869562428
7331,1222.9464,0.0,0.0,0.0,823.873988545246,0.0,3.30684350809656e-14,0.0,16581.364463406,2046.820388545246
7332,1460.6163,0.0,0.0,0.0,604.813504009164,0.0,4.10921314824172e-14,0.0,15888.5654897414,2065.429804009164
7333,97.46607,0.0,0.0,0.0,2498.0044812142,0.0,1.35404584400359e-13,0.0,13027.1628766667,2595.4705512142
7334,857.2824,0.0,0.0,0.0,1938.18564948454,0.0,-8.568757143925771e-14,0.0,10807.0189482767,2795.46804948454
7335,101.70771,0.0,0.0,0.0,2735.2159465063,0.0,-1.39296190677196e-13,0.0,7673.89644368753,2836.9236565063
7336,0.0,0.0,0.0,0.0,1461.31159533922,0.0,1208.57497726886,0.0,6000.0,2669.8865726080803
7337,0.0,0.0,0.0,0.0,0.0,0.0,2557.4,0.0,6000.0,2557.4
7338,0.0,0.0,0.0,0.0,0.0,0.0,2667.0,0.0,6000.0,2667.0
7339,0.0,0.0,0.0,0.0,0.0,0.0,2609.0,0.0,6000.0,2609.0
7340,0.0,0.0,0.0,0.0,0.0,0.0,2724.2,0.0,6000.0,2724.2
7341,0.0,0.0,0.0,0.0,0.0,0.0,2723.5,0.0,6000.0,2723.5
7342,0.0,0.0,0.0,0.0,0.0,0.0,2646.2,0.0,6000.0,2646.2
7343,0.0,0.0,0.0,0.0,0.0,0.0,2696.6,0.0,6000.0,2696.6
7344,0.0,0.0,0.0,0.0,0.0,0.0,2821.7,0.0,12000.0,2821.7
7345,0.0,0.0,0.0,0.0,0.0,0.0,2684.5,0.0,12000.0,2684.5
7346,0.0,0.0,0.0,0.0,0.0,0.0,2659.2,0.0,12000.0,2659.2
7347,0.0,0.0,0.0,0.0,0.0,0.0,2602.4,0.0,12000.0,2602.4
7348,0.0,0.0,0.0,0.0,0.0,0.0,2668.7,0.0,12000.0,2668.7
7349,0.0,0.0,0.0,0.0,0.0,0.0,2511.4,0.0,12000.0,2511.4
7350,0.0,0.0,0.0,0.0,0.0,0.0,2619.1,0.0,12000.0,2619.1
7351,0.0,0.0,0.0,0.0,0.0,0.0,2583.8,0.0,12000.0,2583.8
7352,363.61338,0.0,0.0,0.0,0.0,0.0,2310.1950214,0.0,12000.0,2673.8084014
7353,1086.0564,0.0,0.0,0.0,0.0,0.0,1601.725292,0.0,12000.0,2687.781692
7354,2732.47422680412,1759.23377319588,0.0,0.0,0.0,0.0,1.36472368343131e-13,0.0,13450.488246,2732.47422680412
7355,2687.01030927835,2693.46869072165,0.0,0.0,0.0,0.0,3.52165490354666e-14,0.0,15671.2531815,2687.01030927835
7356,2646.80412371134,1772.05187628866,0.0,0.0,0.0,0.0,1.15999764204258e-13,0.0,17132.3099535,2646.80412371134
7357,2666.49484536082,835.112354639175,0.0,0.0,0.0,0.0,-9.26593509823939e-14,0.0,17820.8600899,2666.49484536082
7358,1213.7073,0.0,0.0,0.0,0.0,0.0,1326.103919,0.0,17820.8600899,2539.811219
7359,206.87784,0.0,0.0,0.0,0.0,0.0,2398.2284952,0.0,17820.8600899,2605.1063352
7360,0.0,0.0,0.0,0.0,0.0,0.0,2490.2,0.0,17820.8600899,2490.2
7361,0.0,0.0,0.0,0.0,0.0,0.0,2596.4,0.0,17820.8600899,2596.4
7362,0.0,0.0,0.0,0.0,0.0,0.0,2499.6,0.0,17820.8600899,2499.6
7363,0.0,0.0,0.0,0.0,0.0,0.0,2511.5,0.0,17820.8600899,2511.5
7364,0.0,0.0,0.0,0.0,0.0,0.0,2527.5,0.0,17820.8600899,2527.5
7365,0.0,0.0,0.0,0.0,0.0,0.0,2600.3,0.0,17820.8600899,2600.3
7366,0.0,0.0,0.0,0.0,0.0,0.0,2547.1,0.0,17820.8600899,2547.1
7367,0.0,0.0,0.0,0.0,0.0,0.0,2658.5,0.0,17820.8600899,2658.5
7368,0.0,0.0,0.0,0.0,0.0,0.0,2706.0,0.0,17820.8600899,2706.0
7369,0.0,0.0,0.0,0.0,0.0,0.0,2663.4,0.0,17820.8600899,2663.4
7370,0.0,0.0,0.0,0.0,0.0,0.0,2545.3,0.0,17820.8600899,2545.3
7371,0.0,0.0,0.0,0.0,0.0,0.0,2693.9,0.0,17820.8600899,2693.9
7372,0.0,0.0,0.0,0.0,0.0,0.0,2720.6,0.0,17820.8600899,2720.6
7373,0.0,0.0,0.0,0.0,0.0,0.0,2625.0,0.0,17820.8600899,2625.0
7374,0.0,0.0,0.0,0.0,0.0,0.0,2706.6,0.0,17820.8600899,2706.6
7375,0.0,0.0,0.0,0.0,0.0,0.0,2707.2,0.0,17820.8600899,2707.2
7376,246.88248,0.0,0.0,0.0,2237.9625490898,0.0,404.282689044602,0.0,15257.3291058338,2889.127718134402
7377,67.24887,0.0,0.0,0.0,0.0,0.0,2506.4685961,0.0,15257.3291058338,2573.7174661
7378,213.12759,0.0,0.0,0.0,2682.55010045819,0.0,4.0235459587126905e-14,0.0,12184.534030853,2895.67769045819
7379,379.62132,0.0,0.0,0.0,2576.59486781214,0.0,-1.4821815798204998e-13,0.0,9233.10806543249,2956.21618781214
7380,125.93256,0.0,0.0,0.0,2822.50334112257,0.0,5.36717396590848e-14,0.0,6000.0,2948.43590112257
7381,416.9217,0.0,0.0,0.0,0.0,0.0,2178.685951,0.0,6000.0,2595.607651
7382,37.953357,0.0,0.0,0.0,0.0,0.0,2530.28524371,0.0,6000.0,2568.23860071
7383,94.68381,0.0,0.0,0.0,0.0,0.0,2575.5567043,0.0,6000.0,2670.2405143
7384,0.0,0.0,0.0,0.0,0.0,0.0,2674.0,0.0,6000.0,2674.0
7385,0.0,0.0,0.0,0.0,0.0,0.0,2715.1,0.0,6000.0,2715.1
7386,0.0,0.0,0.0,0.0,0.0,0.0,2594.6,0.0,6000.0,2594.6
7387,0.0,0.0,0.0,0.0,0.0,0.0,2607.5,0.0,6000.0,2607.5
7388,0.0,0.0,0.0,0.0,0.0,0.0,2633.4,0.0,6000.0,2633.4
7389,0.0,0.0,0.0,0.0,0.0,0.0,2645.8,0.0,6000.0,2645.8
7390,0.0,0.0,0.0,0.0,0.0,0.0,2602.3,0.0,6000.0,2602.3
7391,0.0,0.0,0.0,0.0,0.0,0.0,2612.1,0.0,6000.0,2612.1
7392,0.0,0.0,0.0,0.0,0.0,0.0,2552.7,0.0,12000.0,2552.7
7393,0.0,0.0,0.0,0.0,0.0,0.0,2504.5,0.0,12000.0,2504.5
7394,0.0,0.0,0.0,0.0,0.0,0.0,2463.2,0.0,12000.0,2463.2
7395,0.0,0.0,0.0,0.0,0.0,0.0,2532.3,0.0,12000.0,2532.3
7396,0.0,0.0,0.0,0.0,0.0,0.0,2531.0,0.0,12000.0,2531.0
7397,0.0,0.0,0.0,0.0,0.0,0.0,2476.2,0.0,12000.0,2476.2
7398,0.0,0.0,0.0,0.0,0.0,0.0,2553.2,0.0,12000.0,2553.2
7399,0.0,0.0,0.0,0.0,0.0,0.0,2533.8,0.0,12000.0,2533.8
7400,216.5865,0.0,0.0,0.0,2735.69216723941,0.0,62.5518329999989,0.0,8866.33199628934,3014.830500239409
7401,538.6446,0.0,0.0,0.0,2502.3078327606,0.0,9.4484967108529e-14,0.0,6000.0,3040.9524327606
7402,2673.81443298969,4231.56456701031,0.0,0.0,-2.0488695837071e-13,0.0,-2.3581927182044398e-30,0.0,9488.9249855,2673.81443298969
7403,120.79509,0.0,0.0,0.0,2837.48999163803,0.0,-3.7705856229951704e-14,0.0,6238.65008098908,2958.28508163803
7404,120.0693,0.0,0.0,0.0,208.341520703471,0.0,2285.95063142587,0.0,6000.0,2614.361452129341
7405,77.1966,0.0,0.0,0.0,0.0,0.0,2580.119298,0.0,6000.0,2657.3158980000003
7406,33.552519,0.0,0.0,0.0,0.0,0.0,2542.45405657,0.0,6000.0,2576.00657557
7407,0.0,0.0,0.0,0.0,0.0,0.0,2499.0,0.0,6000.0,2499.0
7408,0.0,0.0,0.0,0.0,0.0,0.0,2502.6,0.0,6000.0,2502.6
7409,0.0,0.0,0.0,0.0,0.0,0.0,2445.8,0.0,6000.0,2445.8
7410,0.0,0.0,0.0,0.0,0.0,0.0,2500.2,0.0,6000.0,2500.2
7411,0.0,0.0,0.0,0.0,0.0,0.0,2570.4,0.0,6000.0,2570.4
7412,0.0,0.0,0.0,0.0,0.0,0.0,2542.9,0.0,6000.0,2542.9
7413,0.0,0.0,0.0,0.0,0.0,0.0,2609.0,0.0,6000.0,2609.0
7414,0.0,0.0,0.0,0.0,0.0,0.0,2596.5,0.0,6000.0,2596.5
7415,0.0,0.0,0.0,0.0,0.0,0.0,2532.3,0.0,6000.0,2532.3
7416,0.0,0.0,0.0,0.0,0.0,0.0,2614.8,0.0,6000.0,2614.8
7417,0.0,0.0,0.0,0.0,0.0,0.0,2617.8,0.0,6000.0,2617.8
7418,0.0,0.0,0.0,0.0,0.0,0.0,2574.9,0.0,6000.0,2574.9
7419,0.0,0.0,0.0,0.0,0.0,0.0,2734.2,0.0,6000.0,2734.2
7420,0.0,0.0,0.0,0.0,0.0,0.0,2620.2,0.0,6000.0,2620.2
7421,0.0,0.0,0.0,0.0,0.0,0.0,2492.6,0.0,6000.0,2492.6
7422,0.0,0.0,0.0,0.0,0.0,0.0,2542.2,0.0,6000.0,2542.2
7423,0.0,0.0,0.0,0.0,0.0,0.0,2515.7,0.0,6000.0,2515.7
7424,75.95796,0.0,0.0,0.0,0.0,0.0,2336.4207788,0.0,6000.0,2412.3787388
7425,38.763894,0.0,0.0,0.0,0.0,0.0,2389.19902282,0.0,6000.0,2427.9629168200004
7426,101.50374,0.0,0.0,0.0,0.0,0.0,2350.6413722,0.0,6000.0,2452.1451122000003
7427,121.47915,0.0,0.0,0.0,0.0,0.0,2341.0652245,0.0,6000.0,2462.5443745
7428,120.12,0.0,0.0,0.0,0.0,0.0,2281.6836,0.0,6000.0,2401.8036
7429,2511.85567010309,5334.12532989691,0.0,0.0,0.0,0.0,-1.05874713349247e-13,0.0,10397.9863345,2511.85567010309
7430,400.9512,0.0,0.0,0.0,0.0,0.0,1999.777336,0.0,10397.9863345,2400.728536
7431,103.40967,0.0,0.0,0.0,0.0,0.0,2337.4926201,0.0,10397.9863345,2440.9022901
7432,0.0,0.0,0.0,0.0,1011.72156600934,0.0,1621.86707287385,0.0,9239.08419703226,2633.58863888319
7433,0.0,0.0,0.0,0.0,2827.72050400916,0.0,1.7373430783608699e-13,0.0,6000.0,2827.72050400916
7434,0.0,0.0,0.0,0.0,0.0,0.0,2450.8,0.0,6000.0,2450.8
7435,0.0,0.0,0.0,0.0,0.0,0.0,2534.2,0.0,6000.0,2534.2
7436,0.0,0.0,0.0,0.0,0.0,0.0,2604.8,0.0,6000.0,2604.8
7437,0.0,0.0,0.0,0.0,0.0,0.0,2483.8,0.0,6000.0,2483.8
7438,0.0,0.0,0.0,0.0,0.0,0.0,2477.2,0.0,6000.0,2477.2
7439,0.0,0.0,0.0,0.0,0.0,0.0,2497.0,0.0,6000.0,2497.0
7440,0.0,0.0,0.0,0.0,0.0,0.0,2502.3,0.0,12000.0,2502.3
7441,0.0,0.0,0.0,0.0,0.0,0.0,2528.2,0.0,12000.0,2528.2
7442,0.0,0.0,0.0,0.0,0.0,0.0,2386.5,0.0,12000.0,2386.5
7443,0.0,0.0,0.0,0.0,0.0,0.0,2415.9,0.0,12000.0,2415.9
7444,0.0,0.0,0.0,0.0,0.0,0.0,2378.6,0.0,12000.0,2378.6
7445,0.0,0.0,0.0,0.0,0.0,0.0,2350.3,0.0,12000.0,2350.3
7446,0.0,0.0,0.0,0.0,0.0,0.0,2298.7,0.0,12000.0,2298.7
7447,0.0,0.0,0.0,0.0,0.0,0.0,2277.9,0.0,12000.0,2277.9
7448,195.56784,0.0,0.0,0.0,0.0,0.0,2131.9991952,0.0,12000.0,2327.5670352
7449,455.1768,0.0,0.0,0.0,0.0,0.0,2004.878504,0.0,12000.0,2460.055304
7450,122.01774,0.0,0.0,0.0,0.0,0.0,2351.5427922,0.0,12000.0,2473.5605322
7451,141.39099,0.0,0.0,0.0,0.0,0.0,2371.3507397,0.0,12000.0,2512.7417297
7452,181.88586,0.0,0.0,0.0,0.0,0.0,2276.4707158,0.0,12000.0,2458.3565758
7453,159.42225,0.0,0.0,0.0,0.0,0.0,2279.7604175,0.0,12000.0,2439.1826675
7454,276.82824,0.0,0.0,0.0,0.0,0.0,2221.8766072,0.0,12000.0,2498.7048472
7455,108.02181,0.0,0.0,0.0,0.0,0.0,2329.1188443,0.0,12000.0,2437.1406543000003
7456,0.0,0.0,0.0,0.0,0.0,0.0,2422.9,0.0,12000.0,2422.9
7457,0.0,0.0,0.0,0.0,0.0,0.0,2395.9,0.0,12000.0,2395.9
7458,0.0,0.0,0.0,0.0,0.0,0.0,2470.9,0.0,12000.0,2470.9
7459,0.0,0.0,0.0,0.0,0.0,0.0,2089.5,0.0,12000.0,2089.5
7460,0.0,0.0,0.0,0.0,0.0,0.0,2189.1,0.0,12000.0,2189.1
7461,0.0,0.0,0.0,0.0,0.0,0.0,2182.3,0.0,12000.0,2182.3
7462,0.0,0.0,0.0,0.0,0.0,0.0,2220.6,0.0,12000.0,2220.6
7463,0.0,0.0,0.0,0.0,0.0,0.0,2196.5,0.0,12000.0,2196.5
7464,0.0,0.0,0.0,0.0,0.0,0.0,2193.8,0.0,12000.0,2193.8
7465,0.0,0.0,0.0,0.0,0.0,0.0,2247.0,0.0,12000.0,2247.0
7466,0.0,0.0,0.0,0.0,0.0,0.0,2213.7,0.0,12000.0,2213.7
7467,0.0,0.0,0.0,0.0,0.0,0.0,2182.2,0.0,12000.0,2182.2
7468,0.0,0.0,0.0,0.0,0.0,0.0,2164.1,0.0,12000.0,2164.1
7469,0.0,0.0,0.0,0.0,0.0,0.0,2077.1,0.0,12000.0,2077.1
7470,0.0,0.0,0.0,0.0,0.0,0.0,2176.0,0.0,12000.0,2176.0
7471,0.0,0.0,0.0,0.0,0.0,0.0,2154.5,0.0,12000.0,2154.5
7472,175.22505,0.0,0.0,0.0,0.0,0.0,2031.3317015,0.0,12000.0,2206.5567515
7473,476.3733,0.0,0.0,0.0,0.0,0.0,1882.317899,0.0,12000.0,2358.691199
7474,102.8352,0.0,0.0,0.0,0.0,0.0,2224.249856,0.0,12000.0,2327.085056
7475,165.08388,0.0,0.0,0.0,0.0,0.0,2170.7686364,0.0,12000.0,2335.8525164
7476,185.56083,0.0,0.0,0.0,0.0,0.0,2119.5059949,0.0,12000.0,2305.0668249
7477,100.91211,0.0,0.0,0.0,0.0,0.0,2317.6152533,0.0,12000.0,2418.5273633
7478,15.741804,0.0,0.0,0.0,0.0,0.0,2526.43045012,0.0,12000.0,2542.17225412
7479,29.902275,0.0,0.0,0.0,0.0,0.0,2711.49479325,0.0,12000.0,2741.39706825
7480,0.0,0.0,0.0,0.0,0.0,0.0,2681.4,0.0,12000.0,2681.4
7481,0.0,0.0,0.0,0.0,2968.95761741123,0.0,-1.24612185149942e-14,0.0,8599.13216791383,2968.95761741123
7482,0.0,0.0,0.0,0.0,2269.04238258877,0.0,577.626,0.0,6000.0,2846.6683825887703
7483,0.0,0.0,0.0,0.0,0.0,0.0,2568.5,0.0,6000.0,2568.5
7484,0.0,0.0,0.0,0.0,0.0,0.0,2628.3,0.0,6000.0,2628.3
7485,0.0,0.0,0.0,0.0,0.0,0.0,2669.4,0.0,6000.0,2669.4
7486,0.0,0.0,0.0,0.0,0.0,0.0,2720.2,0.0,6000.0,2720.2
7487,0.0,0.0,0.0,0.0,0.0,0.0,2761.9,0.0,6000.0,2761.9
7488,0.0,0.0,0.0,0.0,0.0,0.0,2691.6,0.0,12000.0,2691.6
7489,0.0,0.0,0.0,0.0,0.0,0.0,2699.2,0.0,12000.0,2699.2
7490,0.0,0.0,0.0,0.0,0.0,0.0,2679.8,0.0,12000.0,2679.8
7491,0.0,0.0,0.0,0.0,0.0,0.0,2647.1,0.0,12000.0,2647.1
7492,0.0,0.0,0.0,0.0,0.0,0.0,2613.6,0.0,12000.0,2613.6
7493,0.0,0.0,0.0,0.0,0.0,0.0,2553.8,0.0,12000.0,2553.8
7494,0.0,0.0,0.0,0.0,0.0,0.0,2589.9,0.0,12000.0,2589.9
7495,0.0,0.0,0.0,0.0,0.0,0.0,2540.4,0.0,12000.0,2540.4
7496,114.74931,0.0,0.0,0.0,0.0,0.0,2442.6931693,0.0,12000.0,2557.4424793000003
7497,40.5327,0.0,0.0,0.0,0.0,0.0,2463.683281,0.0,12000.0,2504.2159810000003
7498,82.50216,0.0,0.0,0.0,0.0,0.0,2462.3729048,0.0,12000.0,2544.8750648
7499,102.85392,0.0,0.0,0.0,0.0,0.0,2461.1316976,0.0,12000.0,2563.9856176
7500,395.8344,0.0,0.0,0.0,0.0,0.0,2207.940632,0.0,12000.0,2603.775032
7501,18.198336,0.0,0.0,0.0,0.0,0.0,2557.64761408,0.0,12000.0,2575.84595008
7502,0.0,0.0,0.0,0.0,0.0,0.0,2499.5,0.0,12000.0,2499.5
7503,0.0,0.0,0.0,0.0,0.0,0.0,2701.5,0.0,12000.0,2701.5
7504,0.0,0.0,0.0,0.0,0.0,0.0,2620.6,0.0,12000.0,2620.6
7505,0.0,0.0,0.0,0.0,0.0,0.0,2536.1,0.0,12000.0,2536.1
7506,0.0,0.0,0.0,0.0,0.0,0.0,2605.5,0.0,12000.0,2605.5
7507,0.0,0.0,0.0,0.0,0.0,0.0,2505.2,0.0,12000.0,2505.2
7508,0.0,0.0,0.0,0.0,0.0,0.0,2337.9,0.0,12000.0,2337.9
7509,0.0,0.0,0.0,0.0,0.0,0.0,2367.1,0.0,12000.0,2367.1
7510,0.0,0.0,0.0,0.0,0.0,0.0,2361.0,0.0,12000.0,2361.0
7511,0.0,0.0,0.0,0.0,0.0,0.0,2480.0,0.0,12000.0,2480.0
7512,0.0,0.0,0.0,0.0,0.0,0.0,2422.9,0.0,12000.0,2422.9
7513,0.0,0.0,0.0,0.0,0.0,0.0,2409.5,0.0,12000.0,2409.5
7514,0.0,0.0,0.0,0.0,0.0,0.0,2629.2,0.0,12000.0,2629.2
7515,0.0,0.0,0.0,0.0,0.0,0.0,2666.8,0.0,12000.0,2666.8
7516,0.0,0.0,0.0,0.0,0.0,0.0,2594.5,0.0,12000.0,2594.5
7517,0.0,0.0,0.0,0.0,0.0,0.0,2545.6,0.0,12000.0,2545.6
7518,0.0,0.0,0.0,0.0,0.0,0.0,2581.0,0.0,12000.0,2581.0
7519,0.0,0.0,0.0,0.0,0.0,0.0,2615.2,0.0,12000.0,2615.2
7520,0.0,0.0,0.0,0.0,0.0,0.0,2601.9,0.0,12000.0,2601.9
7521,204.64431,0.0,0.0,0.0,0.0,0.0,2484.8950193,0.0,12000.0,2689.5393293
7522,122.68815,0.0,0.0,0.0,0.0,0.0,2624.9924945,0.0,12000.0,2747.6806445
7523,101.48736,0.0,0.0,0.0,0.0,0.0,2654.1572608,0.0,12000.0,2755.6446208
7524,17.289558,0.0,0.0,0.0,0.0,0.0,2710.02912874,0.0,12000.0,2727.31868674
7525,0.0,0.0,0.0,0.0,0.0,0.0,2759.0,0.0,12000.0,2759.0
7526,0.0,0.0,0.0,0.0,0.0,0.0,2671.5,0.0,12000.0,2671.5
7527,28.900287,0.0,0.0,0.0,3083.35248752577,0.0,3.63999541397777e-14,0.0,8468.0956614825,3112.25277452577
7528,0.0,0.0,0.0,0.0,2154.64751247423,0.0,752.19272161,0.0,6000.0,2906.8402340842304
7529,0.0,0.0,0.0,0.0,0.0,0.0,2752.2,0.0,6000.0,2752.2
7530,0.0,0.0,0.0,0.0,0.0,0.0,2611.9,0.0,6000.0,2611.9
7531,0.0,0.0,0.0,0.0,0.0,0.0,2567.3,0.0,6000.0,2567.3
7532,0.0,0.0,0.0,0.0,0.0,0.0,2588.9,0.0,6000.0,2588.9
7533,0.0,0.0,0.0,0.0,0.0,0.0,2666.7,0.0,6000.0,2666.7
7534,0.0,0.0,0.0,0.0,0.0,0.0,2620.4,0.0,6000.0,2620.4
7535,0.0,0.0,0.0,0.0,0.0,0.0,2574.1,0.0,6000.0,2574.1
7536,0.0,0.0,0.0,0.0,0.0,0.0,2668.6,0.0,12000.0,2668.6
7537,0.0,0.0,0.0,0.0,0.0,0.0,2692.4,0.0,12000.0,2692.4
7538,0.0,0.0,0.0,0.0,0.0,0.0,2709.0,0.0,12000.0,2709.0
7539,0.0,0.0,0.0,0.0,0.0,0.0,2593.5,0.0,12000.0,2593.5
7540,0.0,0.0,0.0,0.0,0.0,0.0,2596.1,0.0,12000.0,2596.1
7541,0.0,0.0,0.0,0.0,0.0,0.0,2534.9,0.0,12000.0,2534.9
7542,0.0,0.0,0.0,0.0,0.0,0.0,2691.5,0.0,12000.0,2691.5
7543,0.0,0.0,0.0,0.0,0.0,0.0,2643.9,0.0,12000.0,2643.9
7544,128.11344,0.0,0.0,0.0,0.0,0.0,2377.6299632,0.0,12000.0,2505.7434032
7545,349.43181,0.0,0.0,0.0,0.0,0.0,2112.0511443,0.0,12000.0,2461.4829543
7546,81.432,0.0,0.0,0.0,0.0,0.0,2481.01096,0.0,12000.0,2562.44296
7547,102.69675,0.0,0.0,0.0,0.0,0.0,2493.2841525,0.0,12000.0,2595.9809025
7548,103.07076,0.0,0.0,0.0,0.0,0.0,2503.6213628,0.0,12000.0,2606.6921228
7549,60.56544,0.0,0.0,0.0,0.0,0.0,2444.8515232,0.0,12000.0,2505.4169632
7550,257.93586,0.0,0.0,0.0,0.0,0.0,2011.0022158,0.0,12000.0,2268.9380758
7551,0.0,0.0,0.0,0.0,0.0,0.0,2276.8,0.0,12000.0,2276.8
7552,0.0,0.0,0.0,0.0,0.0,0.0,2533.4,0.0,12000.0,2533.4
7553,0.0,0.0,0.0,0.0,0.0,0.0,2596.3,0.0,12000.0,2596.3
7554,0.0,0.0,0.0,0.0,0.0,0.0,2663.0,0.0,12000.0,2663.0
7555,0.0,0.0,0.0,0.0,0.0,0.0,2665.4,0.0,12000.0,2665.4
7556,0.0,0.0,0.0,0.0,0.0,0.0,2625.9,0.0,12000.0,2625.9
7557,0.0,0.0,0.0,0.0,0.0,0.0,2652.5,0.0,12000.0,2652.5
7558,0.0,0.0,0.0,0.0,0.0,0.0,2586.1,0.0,12000.0,2586.1
7559,0.0,0.0,0.0,0.0,0.0,0.0,2661.6,0.0,12000.0,2661.6
7560,0.0,0.0,0.0,0.0,0.0,0.0,2586.0,0.0,12000.0,2586.0
7561,0.0,0.0,0.0,0.0,0.0,0.0,2571.6,0.0,12000.0,2571.6
7562,0.0,0.0,0.0,0.0,0.0,0.0,2597.1,0.0,12000.0,2597.1
7563,0.0,0.0,0.0,0.0,0.0,0.0,2530.6,0.0,12000.0,2530.6
7564,0.0,0.0,0.0,0.0,0.0,0.0,2530.6,0.0,12000.0,2530.6
7565,0.0,0.0,0.0,0.0,0.0,0.0,2490.0,0.0,12000.0,2490.0
7566,0.0,0.0,0.0,0.0,0.0,0.0,2719.9,0.0,12000.0,2719.9
7567,0.0,0.0,0.0,0.0,0.0,0.0,2639.5,0.0,12000.0,2639.5
7568,0.0,0.0,0.0,0.0,0.0,0.0,2696.1,0.0,12000.0,2696.1
7569,367.98411,0.0,0.0,0.0,0.0,0.0,2275.3554133,0.0,12000.0,2643.3395233
7570,78.88959,0.0,0.0,0.0,0.0,0.0,2566.4770977,0.0,12000.0,2645.3666877
7571,98.88918,0.0,0.0,0.0,0.0,0.0,2550.9774954,0.0,12000.0,2649.8666754
7572,97.69578,0.0,0.0,0.0,0.0,0.0,2507.8350934,0.0,12000.0,2605.5308734
7573,0.0,0.0,0.0,0.0,3032.53150057274,0.0,-1.50136735931432e-13,0.0,8526.30985043214,3032.53150057274
7574,0.0,0.0,0.0,0.0,0.0,0.0,2607.0,0.0,8526.30985043214,2607.0
7575,0.0,0.0,0.0,0.0,2205.46849942726,0.0,730.526,0.0,6000.0,2935.99449942726
7576,0.0,0.0,0.0,0.0,0.0,0.0,2549.5,0.0,6000.0,2549.5
7577,0.0,0.0,0.0,0.0,0.0,0.0,2564.7,0.0,6000.0,2564.7
7578,0.0,0.0,0.0,0.0,0.0,0.0,2531.8,0.0,6000.0,2531.8
7579,0.0,0.0,0.0,0.0,0.0,0.0,2617.3,0.0,6000.0,2617.3
7580,0.0,0.0,0.0,0.0,0.0,0.0,2553.1,0.0,6000.0,2553.1
7581,0.0,0.0,0.0,0.0,0.0,0.0,2554.7,0.0,6000.0,2554.7
7582,0.0,0.0,0.0,0.0,0.0,0.0,2755.3,0.0,6000.0,2755.3
7583,0.0,0.0,0.0,0.0,0.0,0.0,2708.0,0.0,6000.0,2708.0
7584,0.0,0.0,0.0,0.0,0.0,0.0,2695.0,0.0,12000.0,2695.0
7585,0.0,0.0,0.0,0.0,0.0,0.0,2622.0,0.0,12000.0,2622.0
7586,0.0,0.0,0.0,0.0,0.0,0.0,2692.6,0.0,12000.0,2692.6
7587,0.0,0.0,0.0,0.0,0.0,0.0,2589.8,0.0,12000.0,2589.8
7588,0.0,0.0,0.0,0.0,0.0,0.0,2627.5,0.0,12000.0,2627.5
7589,0.0,0.0,0.0,0.0,0.0,0.0,2368.8,0.0,12000.0,2368.8
7590,0.0,0.0,0.0,0.0,0.0,0.0,2514.9,0.0,12000.0,2514.9
7591,0.0,0.0,0.0,0.0,0.0,0.0,2528.2,0.0,12000.0,2528.2
7592,0.0,0.0,0.0,0.0,0.0,0.0,2487.3,0.0,12000.0,2487.3
7593,0.0,0.0,0.0,0.0,0.0,0.0,2545.8,0.0,12000.0,2545.8
7594,648.726,0.0,0.0,0.0,396.517810971379,0.0,1614.87573102199,0.0,11545.7986128621,2660.119541993369
7595,875.2497,0.0,0.0,0.0,1976.5266792669,0.0,-5.51513915793811e-14,0.0,9281.73597910851,2851.7763792669
7596,2642.26804123711,93.2465587628867,0.0,0.0,2.3170778391269e-13,0.0,-2.26422048381409e-30,0.0,9358.61776680851,2642.2680412371105
7597,60.19962,0.0,0.0,0.0,0.0,0.0,2341.5063686,0.0,9358.61776680851,2401.7059886
7598,134.82456,0.0,0.0,0.0,0.0,0.0,2441.5201768,0.0,9358.61776680851,2576.3447368
7599,0.0,0.0,0.0,0.0,0.0,0.0,2609.0,0.0,9358.61776680851,2609.0
7600,0.0,0.0,0.0,0.0,0.0,0.0,2565.3,0.0,9358.61776680851,2565.3
7601,0.0,0.0,0.0,0.0,2932.07331042383,0.0,2.20340604613935e-14,0.0,6000.0,2932.07331042383
7602,0.0,0.0,0.0,0.0,0.0,0.0,2611.1,0.0,6000.0,2611.1
7603,0.0,0.0,0.0,0.0,0.0,0.0,2562.1,0.0,6000.0,2562.1
7604,0.0,0.0,0.0,0.0,0.0,0.0,2517.7,0.0,6000.0,2517.7
7605,0.0,0.0,0.0,0.0,0.0,0.0,2540.0,0.0,6000.0,2540.0
7606,0.0,0.0,0.0,0.0,0.0,0.0,2560.3,0.0,6000.0,2560.3
7607,0.0,0.0,0.0,0.0,0.0,0.0,2633.1,0.0,6000.0,2633.1
7608,0.0,0.0,0.0,0.0,0.0,0.0,2667.1,0.0,6000.0,2667.1
7609,0.0,0.0,0.0,0.0,0.0,0.0,2638.9,0.0,6000.0,2638.9
7610,0.0,0.0,0.0,0.0,0.0,0.0,2609.7,0.0,6000.0,2609.7
7611,0.0,0.0,0.0,0.0,0.0,0.0,2587.4,0.0,6000.0,2587.4
7612,0.0,0.0,0.0,0.0,0.0,0.0,2429.7,0.0,6000.0,2429.7
7613,0.0,0.0,0.0,0.0,0.0,0.0,2522.3,0.0,6000.0,2522.3
7614,0.0,0.0,0.0,0.0,0.0,0.0,2367.1,0.0,6000.0,2367.1
7615,0.0,0.0,0.0,0.0,0.0,0.0,2422.3,0.0,6000.0,2422.3
7616,264.95001,0.0,0.0,0.0,0.0,0.0,2311.8984903,0.0,6000.0,2576.8485003
7617,122.87652,0.0,0.0,0.0,0.0,0.0,2472.3097756,0.0,6000.0,2595.1862956
7618,61.84269,0.0,0.0,0.0,0.0,0.0,2564.6125907,0.0,6000.0,2626.4552807
7619,627.6387,0.0,0.0,0.0,0.0,0.0,2056.590461,0.0,6000.0,2684.229161
7620,1855.0311,0.0,0.0,0.0,0.0,0.0,796.519833,0.0,6000.0,2651.550933
7621,516.4575,0.0,0.0,0.0,0.0,0.0,2056.636225,0.0,6000.0,2573.093725
7622,94.3644,0.0,0.0,0.0,0.0,0.0,2473.066532,0.0,6000.0,2567.430932
7623,17.830059,0.0,0.0,0.0,0.0,0.0,2376.70484277,0.0,6000.0,2394.53490177
7624,0.0,0.0,0.0,0.0,0.0,0.0,2584.1,0.0,6000.0,2584.1
7625,0.0,0.0,0.0,0.0,0.0,0.0,2617.5,0.0,6000.0,2617.5
7626,0.0,0.0,0.0,0.0,0.0,0.0,2683.2,0.0,6000.0,2683.2
7627,0.0,0.0,0.0,0.0,0.0,0.0,2553.0,0.0,6000.0,2553.0
7628,0.0,0.0,0.0,0.0,0.0,0.0,2723.1,0.0,6000.0,2723.1
7629,0.0,0.0,0.0,0.0,0.0,0.0,2671.5,0.0,6000.0,2671.5
7630,0.0,0.0,0.0,0.0,0.0,0.0,2671.5,0.0,6000.0,2671.5
7631,0.0,0.0,0.0,0.0,0.0,0.0,2674.5,0.0,6000.0,2674.5
7632,0.0,0.0,0.0,0.0,0.0,0.0,2820.9,0.0,12000.0,2820.9
7633,0.0,0.0,0.0,0.0,0.0,0.0,2716.1,0.0,12000.0,2716.1
7634,0.0,0.0,0.0,0.0,0.0,0.0,2652.1,0.0,12000.0,2652.1
7635,0.0,0.0,0.0,0.0,0.0,0.0,2627.2,0.0,12000.0,2627.2
7636,0.0,0.0,0.0,0.0,0.0,0.0,2721.4,0.0,12000.0,2721.4
7637,0.0,0.0,0.0,0.0,0.0,0.0,2649.2,0.0,12000.0,2649.2
7638,0.0,0.0,0.0,0.0,0.0,0.0,2694.7,0.0,12000.0,2694.7
7639,0.0,0.0,0.0,0.0,0.0,0.0,2676.8,0.0,12000.0,2676.8
7640,26.81133,0.0,0.0,0.0,0.0,0.0,2777.9930099,0.0,12000.0,2804.8043399
7641,20.928648,0.0,0.0,0.0,0.0,0.0,2499.59921144,0.0,12000.0,2520.52785944
7642,63.05754,0.0,0.0,0.0,2184.94554502237,0.0,539.376725395473,0.0,9497.19868840508,2787.3798104178427
7643,104.48724,0.0,0.0,0.0,2766.8354836197,0.0,6.279129187482551e-15,0.0,6327.85678276968,2871.3227236197
7644,2579.17525773196,6953.55574226804,0.0,0.0,7.872054311141011e-14,0.0,-1.07185457526222e-30,0.0,12061.0634922697,2579.17525773196
7645,60.50772,0.0,0.0,0.0,2715.70161695304,0.0,-1.47516307405921e-13,0.0,8950.29417159037,2776.20933695304
7646,133.08789,0.0,0.0,0.0,2575.6068117984,0.0,-4.7266001225313e-14,0.0,6000.0,2708.6947017984
7647,0.0,0.0,0.0,0.0,0.0,0.0,2444.2,0.0,6000.0,2444.2
7648,0.0,0.0,0.0,0.0,0.0,0.0,2437.9,0.0,6000.0,2437.9
7649,0.0,0.0,0.0,0.0,0.0,0.0,2594.9,0.0,6000.0,2594.9
7650,0.0,0.0,0.0,0.0,0.0,0.0,2779.2,0.0,6000.0,2779.2
7651,0.0,0.0,0.0,0.0,0.0,0.0,2774.3,0.0,6000.0,2774.3
7652,0.0,0.0,0.0,0.0,0.0,0.0,2566.5,0.0,6000.0,2566.5
7653,0.0,0.0,0.0,0.0,0.0,0.0,2448.2,0.0,6000.0,2448.2
7654,0.0,0.0,0.0,0.0,0.0,0.0,2497.1,0.0,6000.0,2497.1
7655,0.0,0.0,0.0,0.0,0.0,0.0,2762.2,0.0,6000.0,2762.2
7656,0.0,0.0,0.0,0.0,0.0,0.0,2689.4,0.0,6000.0,2689.4
7657,0.0,0.0,0.0,0.0,0.0,0.0,2477.5,0.0,6000.0,2477.5
7658,0.0,0.0,0.0,0.0,0.0,0.0,2660.8,0.0,6000.0,2660.8
7659,0.0,0.0,0.0,0.0,0.0,0.0,2700.0,0.0,6000.0,2700.0
7660,0.0,0.0,0.0,0.0,0.0,0.0,2809.9,0.0,6000.0,2809.9
7661,0.0,0.0,0.0,0.0,0.0,0.0,2727.0,0.0,6000.0,2727.0
7662,0.0,0.0,0.0,0.0,0.0,0.0,2819.3,0.0,6000.0,2819.3
7663,0.0,0.0,0.0,0.0,0.0,0.0,2754.5,0.0,6000.0,2754.5
7664,39.87048,0.0,0.0,0.0,0.0,0.0,2697.9256344,0.0,6000.0,2737.7961144
7665,165.14004,0.0,0.0,0.0,0.0,0.0,2579.3141612,0.0,6000.0,2744.4542012
7666,1094.5389,0.0,0.0,0.0,0.0,0.0,1687.797267,0.0,6000.0,2782.336167
7667,2788.55670103093,39.434698969073,0.0,0.0,0.0,0.0,1.8798891424059099e-13,0.0,6032.5139093,2788.55670103093
7668,2473.2435,0.0,0.0,0.0,0.0,0.0,288.453805,0.0,6032.5139093,2761.697305
7669,1315.8171,0.0,0.0,0.0,0.0,0.0,1479.157413,0.0,6032.5139093,2794.974513
7670,208.57239,0.0,0.0,0.0,0.0,0.0,2433.1847817,0.0,6032.5139093,2641.7571717
7671,0.0,0.0,0.0,0.0,0.0,0.0,2711.3,0.0,6032.5139093,2711.3
7672,0.0,0.0,0.0,0.0,0.0,0.0,2612.6,0.0,6032.5139093,2612.6
7673,0.0,0.0,0.0,0.0,0.0,0.0,2659.9,0.0,6032.5139093,2659.9
7674,0.0,0.0,0.0,0.0,28.3846428189006,0.0,2640.0202068191,0.0,6000.0,2668.4048496380005
7675,0.0,0.0,0.0,0.0,0.0,0.0,2611.1,0.0,6000.0,2611.1
7676,0.0,0.0,0.0,0.0,0.0,0.0,2624.2,0.0,6000.0,2624.2
7677,0.0,0.0,0.0,0.0,0.0,0.0,2660.8,0.0,6000.0,2660.8
7678,0.0,0.0,0.0,0.0,0.0,0.0,2543.8,0.0,6000.0,2543.8
7679,0.0,0.0,0.0,0.0,0.0,0.0,2552.5,0.0,6000.0,2552.5
7680,0.0,0.0,0.0,0.0,0.0,0.0,2638.2,0.0,12000.0,2638.2
7681,0.0,0.0,0.0,0.0,0.0,0.0,2553.0,0.0,12000.0,2553.0
7682,0.0,0.0,0.0,0.0,0.0,0.0,2598.1,0.0,12000.0,2598.1
7683,0.0,0.0,0.0,0.0,0.0,0.0,2512.0,0.0,12000.0,2512.0
7684,0.0,0.0,0.0,0.0,0.0,0.0,2471.4,0.0,12000.0,2471.4
7685,0.0,0.0,0.0,0.0,0.0,0.0,2377.4,0.0,12000.0,2377.4
7686,0.0,0.0,0.0,0.0,0.0,0.0,2498.6,0.0,12000.0,2498.6
7687,0.0,0.0,0.0,0.0,0.0,0.0,2527.3,0.0,12000.0,2527.3
7688,20.185854,0.0,0.0,0.0,0.0,0.0,2674.91972162,0.0,12000.0,2695.10557562
7689,0.0,0.0,0.0,0.0,0.0,0.0,2819.0,0.0,12000.0,2819.0
7690,24.24123,0.0,0.0,0.0,0.0,0.0,2755.5860069,0.0,12000.0,2779.8272369
7691,24.3087,0.0,0.0,0.0,0.0,0.0,2788.820561,0.0,12000.0,2813.129261
7692,0.0,0.0,0.0,0.0,0.0,0.0,2724.5,0.0,12000.0,2724.5
7693,0.0,0.0,0.0,0.0,0.0,0.0,2648.5,0.0,12000.0,2648.5
7694,115.13307,0.0,0.0,0.0,0.0,0.0,2455.6209221,0.0,12000.0,2570.7539921
7695,0.0,0.0,0.0,0.0,0.0,0.0,2774.6,0.0,12000.0,2774.6
7696,0.0,0.0,0.0,0.0,2140.8636884307,0.0,873.626,0.0,9547.69336949519,3014.4896884307
7697,0.0,0.0,0.0,0.0,0.0,0.0,2674.3,0.0,9547.69336949519,2674.3
7698,0.0,0.0,0.0,0.0,3097.1363115693,0.0,-1.06820976399346e-13,0.0,6000.0,3097.1363115693
7699,0.0,0.0,0.0,0.0,0.0,0.0,2696.3,0.0,6000.0,2696.3
7700,0.0,0.0,0.0,0.0,0.0,0.0,2715.9,0.0,6000.0,2715.9
7701,0.0,0.0,0.0,0.0,0.0,0.0,2709.6,0.0,6000.0,2709.6
7702,0.0,0.0,0.0,0.0,0.0,0.0,2512.8,0.0,6000.0,2512.8
7703,0.0,0.0,0.0,0.0,0.0,0.0,2704.4,0.0,6000.0,2704.4
7704,0.0,0.0,0.0,0.0,0.0,0.0,2626.3,0.0,6000.0,2626.3
7705,0.0,0.0,0.0,0.0,0.0,0.0,2532.9,0.0,6000.0,2532.9
7706,0.0,0.0,0.0,0.0,0.0,0.0,2548.9,0.0,6000.0,2548.9
7707,0.0,0.0,0.0,0.0,0.0,0.0,2625.5,0.0,6000.0,2625.5
7708,0.0,0.0,0.0,0.0,0.0,0.0,2540.8,0.0,6000.0,2540.8
7709,0.0,0.0,0.0,0.0,0.0,0.0,2468.4,0.0,6000.0,2468.4
7710,0.0,0.0,0.0,0.0,0.0,0.0,2494.0,0.0,6000.0,2494.0
7711,0.0,0.0,0.0,0.0,0.0,0.0,2668.5,0.0,6000.0,2668.5
7712,1515.4503,0.0,0.0,0.0,0.0,0.0,1185.513209,0.0,6000.0,2700.963509
7713,186.35409,0.0,0.0,0.0,0.0,0.0,2442.8365327,0.0,6000.0,2629.1906227
7714,64.76535,0.0,0.0,0.0,0.0,0.0,2621.9776105,0.0,6000.0,2686.7429605
7715,85.89867,0.0,0.0,0.0,0.0,0.0,2577.4782901,0.0,6000.0,2663.3769601
7716,85.40571,0.0,0.0,0.0,0.0,0.0,2547.4564613,0.0,6000.0,2632.8621713
7717,63.17727,0.0,0.0,0.0,0.0,0.0,2539.7180481,0.0,6000.0,2602.8953181
7718,73.95102,0.0,0.0,0.0,0.0,0.0,2605.8675106,0.0,6000.0,2679.8185306
7719,0.0,0.0,0.0,0.0,0.0,0.0,2801.2,0.0,6000.0,2801.2
7720,0.0,0.0,0.0,0.0,0.0,0.0,2815.5,0.0,6000.0,2815.5
7721,0.0,0.0,0.0,0.0,0.0,0.0,2783.7,0.0,6000.0,2783.7
7722,0.0,0.0,0.0,0.0,0.0,0.0,2690.1,0.0,6000.0,2690.1
7723,0.0,0.0,0.0,0.0,0.0,0.0,2727.1,0.0,6000.0,2727.1
7724,0.0,0.0,0.0,0.0,0.0,0.0,2741.8,0.0,6000.0,2741.8
7725,0.0,0.0,0.0,0.0,0.0,0.0,2709.3,0.0,6000.0,2709.3
7726,0.0,0.0,0.0,0.0,0.0,0.0,2496.7,0.0,6000.0,2496.7
7727,0.0,0.0,0.0,0.0,0.0,0.0,2651.2,0.0,6000.0,2651.2
7728,0.0,0.0,0.0,0.0,0.0,0.0,2632.8,0.0,12000.0,2632.8
7729,0.0,0.0,0.0,0.0,0.0,0.0,2622.7,0.0,12000.0,2622.7
7730,0.0,0.0,0.0,0.0,0.0,0.0,2633.8,0.0,12000.0,2633.8
7731,0.0,0.0,0.0,0.0,0.0,0.0,2579.5,0.0,12000.0,2579.5
7732,0.0,0.0,0.0,0.0,0.0,0.0,2499.8,0.0,12000.0,2499.8
7733,0.0,0.0,0.0,0.0,0.0,0.0,2403.1,0.0,12000.0,2403.1
7734,0.0,0.0,0.0,0.0,0.0,0.0,2520.2,0.0,12000.0,2520.2
7735,0.0,0.0,0.0,0.0,0.0,0.0,2645.2,0.0,12000.0,2645.2
7736,48.36195,0.0,0.0,0.0,0.0,0.0,2617.1889085,0.0,12000.0,2665.5508585
7737,229.23498,0.0,0.0,0.0,0.0,0.0,2415.9420694,0.0,12000.0,2645.1770494
7738,67.20129,0.0,0.0,0.0,0.0,0.0,2443.5147487,0.0,12000.0,2510.7160387
7739,213.55737,0.0,0.0,0.0,0.0,0.0,2341.0493511,0.0,12000.0,2554.6067211
7740,233.72154,0.0,0.0,0.0,0.0,0.0,2457.2901062,0.0,12000.0,2691.0116462
7741,45.00522,0.0,0.0,0.0,0.0,0.0,2689.5449366,0.0,12000.0,2734.5501566
7742,93.9549,0.0,0.0,0.0,0.0,0.0,2641.563747,0.0,12000.0,2735.5186470000003
7743,0.0,0.0,0.0,0.0,0.0,0.0,2665.3,0.0,12000.0,2665.3
7744,0.0,0.0,0.0,0.0,0.0,0.0,2622.1,0.0,12000.0,2622.1
7745,0.0,0.0,0.0,0.0,0.0,0.0,2612.7,0.0,12000.0,2612.7
7746,0.0,0.0,0.0,0.0,0.0,0.0,2558.6,0.0,12000.0,2558.6
7747,0.0,0.0,0.0,0.0,0.0,0.0,2590.3,0.0,12000.0,2590.3
7748,0.0,0.0,0.0,0.0,0.0,0.0,2686.9,0.0,12000.0,2686.9
7749,0.0,0.0,0.0,0.0,0.0,0.0,2680.0,0.0,12000.0,2680.0
7750,0.0,0.0,0.0,0.0,0.0,0.0,2709.1,0.0,12000.0,2709.1
7751,0.0,0.0,0.0,0.0,0.0,0.0,2648.8,0.0,12000.0,2648.8
7752,0.0,0.0,0.0,0.0,0.0,0.0,2663.5,0.0,12000.0,2663.5
7753,0.0,0.0,0.0,0.0,0.0,0.0,2590.6,0.0,12000.0,2590.6
7754,0.0,0.0,0.0,0.0,0.0,0.0,2595.8,0.0,12000.0,2595.8
7755,0.0,0.0,0.0,0.0,0.0,0.0,2557.9,0.0,12000.0,2557.9
7756,0.0,0.0,0.0,0.0,0.0,0.0,2584.6,0.0,12000.0,2584.6
7757,0.0,0.0,0.0,0.0,0.0,0.0,2535.9,0.0,12000.0,2535.9
7758,0.0,0.0,0.0,0.0,0.0,0.0,2594.2,0.0,12000.0,2594.2
7759,0.0,0.0,0.0,0.0,0.0,0.0,2630.0,0.0,12000.0,2630.0
7760,1217.5878,0.0,0.0,0.0,0.0,0.0,1485.539834,0.0,12000.0,2703.127634
7761,188.99205,0.0,0.0,0.0,0.0,0.0,2394.5777115,0.0,12000.0,2583.5697615
7762,68.57058,0.0,0.0,0.0,0.0,0.0,2541.7865374,0.0,12000.0,2610.3571174
7763,89.58846,0.0,0.0,0.0,0.0,0.0,2488.2991938,0.0,12000.0,2577.8876538
7764,256.01355,0.0,0.0,0.0,0.0,0.0,2390.2668565,0.0,12000.0,2646.2804065
7765,46.58433,0.0,0.0,0.0,0.0,0.0,2556.5131999,0.0,12000.0,2603.0975299
7766,149.36025,0.0,0.0,0.0,0.0,0.0,2505.1205575,0.0,12000.0,2654.4808075
7767,120.48621,0.0,0.0,0.0,0.0,0.0,2536.4283763,0.0,12000.0,2656.9145863
7768,0.0,0.0,0.0,0.0,3000.68728522337,0.0,-1.00171094023652e-13,0.0,8562.78661486441,3000.68728522337
7769,0.0,0.0,0.0,0.0,0.0,0.0,2540.8,0.0,8562.78661486441,2540.8
7770,0.0,0.0,0.0,0.0,2237.31271477663,0.0,622.926,0.0,6000.0,2860.23871477663
7771,0.0,0.0,0.0,0.0,0.0,0.0,2593.2,0.0,6000.0,2593.2
7772,0.0,0.0,0.0,0.0,0.0,0.0,2690.8,0.0,6000.0,2690.8
7773,0.0,0.0,0.0,0.0,0.0,0.0,2635.2,0.0,6000.0,2635.2
7774,0.0,0.0,0.0,0.0,0.0,0.0,2678.9,0.0,6000.0,2678.9
7775,0.0,0.0,0.0,0.0,0.0,0.0,2639.5,0.0,6000.0,2639.5
7776,0.0,0.0,0.0,0.0,0.0,0.0,2669.3,0.0,12000.0,2669.3
7777,0.0,0.0,0.0,0.0,0.0,0.0,2594.7,0.0,12000.0,2594.7
7778,0.0,0.0,0.0,0.0,0.0,0.0,2615.3,0.0,12000.0,2615.3
7779,0.0,0.0,0.0,0.0,0.0,0.0,2586.2,0.0,12000.0,2586.2
7780,0.0,0.0,0.0,0.0,0.0,0.0,2454.9,0.0,12000.0,2454.9
7781,0.0,0.0,0.0,0.0,0.0,0.0,2597.0,0.0,12000.0,2597.0
7782,0.0,0.0,0.0,0.0,0.0,0.0,2529.5,0.0,12000.0,2529.5
7783,0.0,0.0,0.0,0.0,0.0,0.0,2489.5,0.0,12000.0,2489.5
7784,23.697765,0.0,0.0,0.0,0.0,0.0,2562.91316795,0.0,12000.0,2586.61093295
7785,127.38297,0.0,0.0,0.0,0.0,0.0,2429.1385191,0.0,12000.0,2556.5214891
7786,47.35185,0.0,0.0,0.0,0.0,0.0,2478.0687055,0.0,12000.0,2525.4205555
7787,109.62081,0.0,0.0,0.0,0.0,0.0,2389.6678143,0.0,12000.0,2499.2886243
7788,67.44309,0.0,0.0,0.0,0.0,0.0,2405.9802027,0.0,12000.0,2473.4232927000003
7789,45.51261,0.0,0.0,0.0,0.0,0.0,2398.3527683,0.0,12000.0,2443.8653783000004
7790,71.71515,0.0,0.0,0.0,0.0,0.0,2353.3363045,0.0,12000.0,2425.0514545
7791,0.0,0.0,0.0,0.0,0.0,0.0,2443.1,0.0,12000.0,2443.1
7792,0.0,0.0,0.0,0.0,0.0,0.0,2549.3,0.0,12000.0,2549.3
7793,0.0,0.0,0.0,0.0,0.0,0.0,2554.1,0.0,12000.0,2554.1
7794,0.0,0.0,0.0,0.0,0.0,0.0,2643.5,0.0,12000.0,2643.5
7795,0.0,0.0,0.0,0.0,0.0,0.0,2539.2,0.0,12000.0,2539.2
7796,0.0,0.0,0.0,0.0,0.0,0.0,2529.0,0.0,12000.0,2529.0
7797,0.0,0.0,0.0,0.0,0.0,0.0,2631.6,0.0,12000.0,2631.6
7798,0.0,0.0,0.0,0.0,0.0,0.0,2618.4,0.0,12000.0,2618.4
7799,0.0,0.0,0.0,0.0,0.0,0.0,2710.1,0.0,12000.0,2710.1
7800,0.0,0.0,0.0,0.0,0.0,0.0,2718.5,0.0,12000.0,2718.5
7801,0.0,0.0,0.0,0.0,0.0,0.0,2591.6,0.0,12000.0,2591.6
7802,0.0,0.0,0.0,0.0,0.0,0.0,2491.2,0.0,12000.0,2491.2
7803,0.0,0.0,0.0,0.0,0.0,0.0,2532.5,0.0,12000.0,2532.5
7804,0.0,0.0,0.0,0.0,0.0,0.0,2411.3,0.0,12000.0,2411.3
7805,0.0,0.0,0.0,0.0,0.0,0.0,2406.5,0.0,12000.0,2406.5
7806,0.0,0.0,0.0,0.0,3007.44558991982,0.0,-1.82468359373331e-13,0.0,8555.04514327627,3007.44558991982
7807,0.0,0.0,0.0,0.0,0.0,0.0,2613.2,0.0,8555.04514327627,2613.2
7808,0.0,0.0,0.0,0.0,0.0,0.0,2678.1,0.0,8555.04514327627,2678.1
7809,88.25973,0.0,0.0,0.0,0.0,0.0,2573.5880619,0.0,8555.04514327627,2661.8477919
7810,49.30146,0.0,0.0,0.0,0.0,0.0,2662.6775838,0.0,8555.04514327627,2711.9790438
7811,70.29633,0.0,0.0,0.0,0.0,0.0,2808.3125599,0.0,8555.04514327627,2878.6088899
7812,70.19025,0.0,0.0,0.0,2230.55441008018,0.0,734.3414575,0.0,6000.0,3035.08611758018
7813,48.37131,0.0,0.0,0.0,0.0,0.0,2674.2798293,0.0,6000.0,2722.6511393
7814,89.99679,0.0,0.0,0.0,0.0,0.0,2596.6031137,0.0,6000.0,2686.5999037
7815,0.0,0.0,0.0,0.0,0.0,0.0,2799.3,0.0,6000.0,2799.3
7816,0.0,0.0,0.0,0.0,0.0,0.0,2688.8,0.0,6000.0,2688.8
7817,0.0,0.0,0.0,0.0,0.0,0.0,2764.8,0.0,6000.0,2764.8
7818,0.0,0.0,0.0,0.0,0.0,0.0,2755.8,0.0,6000.0,2755.8
7819,0.0,0.0,0.0,0.0,0.0,0.0,2803.6,0.0,6000.0,2803.6
7820,0.0,0.0,0.0,0.0,0.0,0.0,2740.9,0.0,6000.0,2740.9
7821,0.0,0.0,0.0,0.0,0.0,0.0,2754.9,0.0,6000.0,2754.9
7822,0.0,0.0,0.0,0.0,0.0,0.0,2647.7,0.0,6000.0,2647.7
7823,0.0,0.0,0.0,0.0,0.0,0.0,2731.8,0.0,6000.0,2731.8
7824,0.0,0.0,0.0,0.0,0.0,0.0,2746.9,0.0,12000.0,2746.9
7825,0.0,0.0,0.0,0.0,0.0,0.0,2643.8,0.0,12000.0,2643.8
7826,0.0,0.0,0.0,0.0,0.0,0.0,2718.2,0.0,12000.0,2718.2
7827,0.0,0.0,0.0,0.0,0.0,0.0,2743.2,0.0,12000.0,2743.2
7828,0.0,0.0,0.0,0.0,0.0,0.0,2730.4,0.0,12000.0,2730.4
7829,0.0,0.0,0.0,0.0,0.0,0.0,2542.1,0.0,12000.0,2542.1
7830,0.0,0.0,0.0,0.0,0.0,0.0,2390.4,0.0,12000.0,2390.4
7831,0.0,0.0,0.0,0.0,0.0,0.0,2459.3,0.0,12000.0,2459.3
7832,0.0,0.0,0.0,0.0,2831.04238258877,0.0,1.13713558360808e-13,0.0,8757.11067286509,2831.04238258877
7833,110.45307,0.0,0.0,0.0,2406.95761741123,0.0,217.586522099999,0.0,6000.0,2734.997209511229
7834,51.48117,0.0,0.0,0.0,0.0,0.0,2419.0632651,0.0,6000.0,2470.5444351
7835,72.25179,0.0,0.0,0.0,0.0,0.0,2375.1157637,0.0,6000.0,2447.3675537
7836,71.67849,0.0,0.0,0.0,0.0,0.0,2345.6718647,0.0,6000.0,2417.3503547
7837,110.79198,0.0,0.0,0.0,0.0,0.0,2351.2317794,0.0,6000.0,2462.0237594
7838,87.0675,0.0,0.0,0.0,0.0,0.0,2406.744525,0.0,6000.0,2493.812025
7839,0.0,0.0,0.0,0.0,0.0,0.0,2577.5,0.0,6000.0,2577.5
7840,0.0,0.0,0.0,0.0,0.0,0.0,2744.7,0.0,6000.0,2744.7
7841,0.0,0.0,0.0,0.0,0.0,0.0,2603.5,0.0,6000.0,2603.5
7842,0.0,0.0,0.0,0.0,0.0,0.0,2377.5,0.0,6000.0,2377.5
7843,0.0,0.0,0.0,0.0,0.0,0.0,2459.6,0.0,6000.0,2459.6
7844,0.0,0.0,0.0,0.0,0.0,0.0,2658.7,0.0,6000.0,2658.7
7845,0.0,0.0,0.0,0.0,0.0,0.0,2746.1,0.0,6000.0,2746.1
7846,0.0,0.0,0.0,0.0,0.0,0.0,2540.0,0.0,6000.0,2540.0
7847,0.0,0.0,0.0,0.0,0.0,0.0,2767.1,0.0,6000.0,2767.1
7848,0.0,0.0,0.0,0.0,0.0,0.0,2678.2,0.0,6000.0,2678.2
7849,0.0,0.0,0.0,0.0,0.0,0.0,2677.4,0.0,6000.0,2677.4
7850,0.0,0.0,0.0,0.0,0.0,0.0,2714.0,0.0,6000.0,2714.0
7851,0.0,0.0,0.0,0.0,0.0,0.0,2784.0,0.0,6000.0,2784.0
7852,0.0,0.0,0.0,0.0,0.0,0.0,2689.1,0.0,6000.0,2689.1
7853,0.0,0.0,0.0,0.0,0.0,0.0,2641.2,0.0,6000.0,2641.2
7854,0.0,0.0,0.0,0.0,0.0,0.0,2718.0,0.0,6000.0,2718.0
7855,0.0,0.0,0.0,0.0,0.0,0.0,2655.6,0.0,6000.0,2655.6
7856,0.0,0.0,0.0,0.0,0.0,0.0,2621.9,0.0,6000.0,2621.9
7857,231.22671,0.0,0.0,0.0,0.0,0.0,2439.2100913,0.0,6000.0,2670.4368013
7858,10.573407,0.0,0.0,0.0,0.0,0.0,2724.54379521,0.0,6000.0,2735.11720221
7859,73.26774,0.0,0.0,0.0,0.0,0.0,2670.4302922,0.0,6000.0,2743.6980322
7860,31.497102,0.0,0.0,0.0,0.0,0.0,2523.14781106,0.0,6000.0,2554.64491306
7861,9.992541,0.0,0.0,0.0,0.0,0.0,2436.90723523,0.0,6000.0,2446.89977623
7862,169.68354,0.0,0.0,0.0,0.0,0.0,2514.5069662,0.0,6000.0,2684.1905062
7863,0.0,0.0,0.0,0.0,0.0,0.0,2801.4,0.0,6000.0,2801.4
7864,0.0,0.0,0.0,0.0,0.0,0.0,2806.1,0.0,6000.0,2806.1
7865,0.0,0.0,0.0,0.0,0.0,0.0,2893.4,0.0,6000.0,2893.4
7866,0.0,0.0,0.0,0.0,0.0,0.0,2810.0,0.0,6000.0,2810.0
7867,0.0,0.0,0.0,0.0,0.0,0.0,2739.2,0.0,6000.0,2739.2
7868,0.0,0.0,0.0,0.0,0.0,0.0,2649.5,0.0,6000.0,2649.5
7869,0.0,0.0,0.0,0.0,0.0,0.0,2729.8,0.0,6000.0,2729.8
7870,0.0,0.0,0.0,0.0,0.0,0.0,2608.1,0.0,6000.0,2608.1
7871,0.0,0.0,0.0,0.0,0.0,0.0,2715.8,0.0,6000.0,2715.8
7872,0.0,0.0,0.0,0.0,0.0,0.0,2649.6,0.0,12000.0,2649.6
7873,0.0,0.0,0.0,0.0,0.0,0.0,2689.5,0.0,12000.0,2689.5
7874,0.0,0.0,0.0,0.0,0.0,0.0,2777.6,0.0,12000.0,2777.6
7875,0.0,0.0,0.0,0.0,0.0,0.0,2701.4,0.0,12000.0,2701.4
7876,0.0,0.0,0.0,0.0,0.0,0.0,2683.7,0.0,12000.0,2683.7
7877,0.0,0.0,0.0,0.0,0.0,0.0,2640.9,0.0,12000.0,2640.9
7878,0.0,0.0,0.0,0.0,0.0,0.0,2790.7,0.0,12000.0,2790.7
7879,0.0,0.0,0.0,0.0,0.0,0.0,2720.0,0.0,12000.0,2720.0
7880,0.0,0.0,0.0,0.0,0.0,0.0,2639.7,0.0,12000.0,2639.7
7881,69.07797,0.0,0.0,0.0,0.0,0.0,2482.6943691,0.0,12000.0,2551.7723391
7882,113.96346,0.0,0.0,0.0,0.0,0.0,2533.3554438,0.0,12000.0,2647.3189038
7883,156.70161,0.0,0.0,0.0,0.0,0.0,2569.5994383,0.0,12000.0,2726.3010483000003
7884,135.20403,0.0,0.0,0.0,0.0,0.0,2578.8520909,0.0,12000.0,2714.0561209
7885,91.31772,0.0,0.0,0.0,0.0,0.0,2649.4218116,0.0,12000.0,2740.7395316
7886,79.75266,0.0,0.0,0.0,0.0,0.0,2604.4399198,0.0,12000.0,2684.1925798
7887,0.0,0.0,0.0,0.0,0.0,0.0,2816.7,0.0,12000.0,2816.7
7888,0.0,0.0,0.0,0.0,0.0,0.0,2764.2,0.0,12000.0,2764.2
7889,0.0,0.0,0.0,0.0,0.0,0.0,2762.0,0.0,12000.0,2762.0
7890,0.0,0.0,0.0,0.0,0.0,0.0,2735.7,0.0,12000.0,2735.7
7891,0.0,0.0,0.0,0.0,0.0,0.0,2730.9,0.0,12000.0,2730.9
7892,0.0,0.0,0.0,0.0,0.0,0.0,2830.7,0.0,12000.0,2830.7
7893,0.0,0.0,0.0,0.0,0.0,0.0,2786.7,0.0,12000.0,2786.7
7894,0.0,0.0,0.0,0.0,0.0,0.0,2703.4,0.0,12000.0,2703.4
7895,0.0,0.0,0.0,0.0,0.0,0.0,2829.6,0.0,12000.0,2829.6
7896,0.0,0.0,0.0,0.0,0.0,0.0,2821.3,0.0,12000.0,2821.3
7897,0.0,0.0,0.0,0.0,0.0,0.0,2721.6,0.0,12000.0,2721.6
7898,0.0,0.0,0.0,0.0,0.0,0.0,2670.6,0.0,12000.0,2670.6
7899,0.0,0.0,0.0,0.0,0.0,0.0,2373.5,0.0,12000.0,2373.5
7900,0.0,0.0,0.0,0.0,0.0,0.0,2535.7,0.0,12000.0,2535.7
7901,0.0,0.0,0.0,0.0,0.0,0.0,2545.3,0.0,12000.0,2545.3
7902,0.0,0.0,0.0,0.0,0.0,0.0,2835.0,0.0,12000.0,2835.0
7903,0.0,0.0,0.0,0.0,0.0,0.0,2788.5,0.0,12000.0,2788.5
7904,0.0,0.0,0.0,0.0,0.0,0.0,2827.3,0.0,12000.0,2827.3
7905,873.2607,0.0,0.0,0.0,2080.798534937,0.0,-3.57971690523407e-15,0.0,9616.49652355441,2954.059234937
7906,1350.2541,0.0,0.0,0.0,1414.26520389462,0.0,4.33122907120985e-15,0.0,7996.49056262129,2764.51930389462
7907,2517.21649484536,47.1427051546393,0.0,0.0,1.65382784311276e-13,0.0,-7.45599069286083e-30,0.0,8035.35972302129,2517.21649484536
7908,2782.16494845361,7092.20605154639,0.0,0.0,-1.7032581433733e-13,0.0,2.0198470797461297e-30,0.0,13882.8836125213,2782.16494845361
7909,923.0208,0.0,0.0,0.0,2151.51182588774,0.0,9.97735437840101e-14,0.0,11418.3798027988,3074.5326258877403
7910,579.2982,0.0,0.0,0.0,0.0,0.0,2331.680746,0.0,11418.3798027988,2910.978946
7911,0.0,0.0,0.0,0.0,0.0,0.0,2936.5,0.0,11418.3798027988,2936.5
7912,0.0,0.0,0.0,0.0,0.0,0.0,2795.9,0.0,11418.3798027988,2795.9
7913,0.0,0.0,0.0,0.0,0.0,0.0,2727.5,0.0,11418.3798027988,2727.5
7914,0.0,0.0,0.0,0.0,0.0,0.0,2745.3,0.0,11418.3798027988,2745.3
7915,0.0,0.0,0.0,0.0,0.0,0.0,2670.0,0.0,11418.3798027988,2670.0
7916,0.0,0.0,0.0,0.0,0.0,0.0,2670.0,0.0,11418.3798027988,2670.0
7917,0.0,0.0,0.0,0.0,1573.54453691551,0.0,1376.49561927276,0.0,9615.92328857713,2950.04015618827
7918,0.0,0.0,0.0,0.0,0.0,0.0,2832.9,0.0,9615.92328857713,2832.9
7919,0.0,0.0,0.0,0.0,3156.70103092783,0.0,-7.897557979865181e-14,0.0,6000.0,3156.70103092783
7920,0.0,0.0,0.0,0.0,0.0,0.0,2748.9,0.0,12000.0,2748.9
7921,0.0,0.0,0.0,0.0,0.0,0.0,2669.2,0.0,12000.0,2669.2
7922,0.0,0.0,0.0,0.0,0.0,0.0,2610.0,0.0,12000.0,2610.0
7923,0.0,0.0,0.0,0.0,0.0,0.0,2615.6,0.0,12000.0,2615.6
7924,0.0,0.0,0.0,0.0,0.0,0.0,2638.7,0.0,12000.0,2638.7
7925,0.0,0.0,0.0,0.0,0.0,0.0,2498.0,0.0,12000.0,2498.0
7926,0.0,0.0,0.0,0.0,0.0,0.0,2573.2,0.0,12000.0,2573.2
7927,0.0,0.0,0.0,0.0,0.0,0.0,2601.9,0.0,12000.0,2601.9
7928,0.0,0.0,0.0,0.0,0.0,0.0,2544.4,0.0,12000.0,2544.4
7929,913.5126,0.0,0.0,0.0,0.0,0.0,1658.592778,0.0,12000.0,2572.105378
7930,1363.44,0.0,0.0,0.0,0.0,0.0,1407.0632,0.0,12000.0,2770.5032
7931,2595.0912,0.0,0.0,0.0,0.0,0.0,326.661536,0.0,12000.0,2921.752736
7932,1969.6755,0.0,0.0,0.0,0.0,0.0,913.714765,0.0,12000.0,2883.390265
7933,960.18,0.0,0.0,0.0,0.0,0.0,1839.8254,0.0,12000.0,2800.0054
7934,667.6917,0.0,0.0,0.0,0.0,0.0,2113.039051,0.0,12000.0,2780.730751
7935,0.0,0.0,0.0,0.0,0.0,0.0,2631.9,0.0,12000.0,2631.9
7936,0.0,0.0,0.0,0.0,0.0,0.0,2716.0,0.0,12000.0,2716.0
7937,0.0,0.0,0.0,0.0,0.0,0.0,2697.5,0.0,12000.0,2697.5
7938,0.0,0.0,0.0,0.0,0.0,0.0,2675.7,0.0,12000.0,2675.7
7939,0.0,0.0,0.0,0.0,0.0,0.0,2650.5,0.0,12000.0,2650.5
7940,0.0,0.0,0.0,0.0,0.0,0.0,2717.8,0.0,12000.0,2717.8
7941,0.0,0.0,0.0,0.0,0.0,0.0,2545.5,0.0,12000.0,2545.5
7942,0.0,0.0,0.0,0.0,0.0,0.0,2608.3,0.0,12000.0,2608.3
7943,0.0,0.0,0.0,0.0,2198.71019473081,0.0,654.826000000001,0.0,9481.431621156,2853.536194730811
7944,0.0,0.0,0.0,0.0,3039.28980526919,0.0,-1.7468108771852999e-13,0.0,6000.0,3039.28980526919
7945,0.0,0.0,0.0,0.0,0.0,0.0,2593.5,0.0,6000.0,2593.5
7946,0.0,0.0,0.0,0.0,0.0,0.0,2426.6,0.0,6000.0,2426.6
7947,0.0,0.0,0.0,0.0,0.0,0.0,2556.6,0.0,6000.0,2556.6
7948,0.0,0.0,0.0,0.0,0.0,0.0,2614.2,0.0,6000.0,2614.2
7949,0.0,0.0,0.0,0.0,0.0,0.0,2668.3,0.0,6000.0,2668.3
7950,0.0,0.0,0.0,0.0,0.0,0.0,2563.3,0.0,6000.0,2563.3
7951,0.0,0.0,0.0,0.0,0.0,0.0,2625.5,0.0,6000.0,2625.5
7952,0.0,0.0,0.0,0.0,0.0,0.0,2557.7,0.0,6000.0,2557.7
7953,619.3395,0.0,0.0,0.0,0.0,0.0,2008.040685,0.0,6000.0,2627.380185
7954,1122.4473,0.0,0.0,0.0,0.0,0.0,1531.026119,0.0,6000.0,2653.473419
7955,2162.9244,0.0,0.0,0.0,0.0,0.0,435.263332,0.0,6000.0,2598.187732
7956,2633.40206185567,6998.42793814433,0.0,0.0,1.42883858600683e-13,0.0,5.4792273556491996e-30,0.0,11770.203835,2633.40206185567
7957,759.7863,0.0,0.0,0.0,1978.16687120815,0.0,121.867610435285,0.0,9504.26240177188,2859.8207816434347
7958,424.8465,0.0,0.0,0.0,0.0,0.0,2246.398895,0.0,9504.26240177188,2671.245395
7959,0.0,0.0,0.0,0.0,0.0,0.0,2500.9,0.0,9504.26240177188,2500.9
7960,0.0,0.0,0.0,0.0,0.0,0.0,2580.8,0.0,9504.26240177188,2580.8
7961,0.0,0.0,0.0,0.0,0.0,0.0,2577.7,0.0,9504.26240177188,2577.7
7962,0.0,0.0,0.0,0.0,0.0,0.0,2619.5,0.0,9504.26240177188,2619.5
7963,0.0,0.0,0.0,0.0,0.0,0.0,2542.7,0.0,9504.26240177188,2542.7
7964,0.0,0.0,0.0,0.0,0.0,0.0,2565.1,0.0,9504.26240177188,2565.1
7965,0.0,0.0,0.0,0.0,0.0,0.0,2673.6,0.0,9504.26240177188,2673.6
7966,0.0,0.0,0.0,0.0,3059.22107674685,0.0,-1.955640608089e-13,0.0,6000.0,3059.22107674685
7967,0.0,0.0,0.0,0.0,0.0,0.0,2665.5,0.0,6000.0,2665.5
7968,0.0,0.0,0.0,0.0,0.0,0.0,2656.8,0.0,12000.0,2656.8
7969,0.0,0.0,0.0,0.0,0.0,0.0,2666.0,0.0,12000.0,2666.0
7970,0.0,0.0,0.0,0.0,0.0,0.0,2586.6,0.0,12000.0,2586.6
7971,0.0,0.0,0.0,0.0,0.0,0.0,2572.8,0.0,12000.0,2572.8
7972,0.0,0.0,0.0,0.0,0.0,0.0,2639.8,0.0,12000.0,2639.8
7973,0.0,0.0,0.0,0.0,0.0,0.0,2539.6,0.0,12000.0,2539.6
7974,0.0,0.0,0.0,0.0,0.0,0.0,2569.6,0.0,12000.0,2569.6
7975,0.0,0.0,0.0,0.0,0.0,0.0,2672.1,0.0,12000.0,2672.1
7976,0.0,0.0,0.0,0.0,0.0,0.0,2639.2,0.0,12000.0,2639.2
7977,389.63379,0.0,0.0,0.0,0.0,0.0,2347.0552237,0.0,12000.0,2736.6890137
7978,280.43106,0.0,0.0,0.0,0.0,0.0,2457.2818718,0.0,12000.0,2737.7129318
7979,72.40896,0.0,0.0,0.0,0.0,0.0,2709.0633088,0.0,12000.0,2781.4722688
7980,51.1407,0.0,0.0,0.0,0.0,0.0,2715.593521,0.0,12000.0,2766.734221
7981,28.729038,0.0,0.0,0.0,0.0,0.0,2836.93283314,0.0,12000.0,2865.66187114
7982,172.7973,0.0,0.0,0.0,0.0,0.0,2718.786619,0.0,12000.0,2891.583919
7983,0.0,0.0,0.0,0.0,0.0,0.0,2925.6,0.0,12000.0,2925.6
7984,0.0,0.0,0.0,0.0,0.0,0.0,2950.1,0.0,12000.0,2950.1
7985,0.0,0.0,0.0,0.0,0.0,0.0,2850.6,0.0,12000.0,2850.6
7986,0.0,0.0,0.0,0.0,0.0,0.0,2816.3,0.0,12000.0,2816.3
7987,0.0,0.0,0.0,0.0,1910.73768613975,0.0,1066.626,0.0,9811.29703764061,2977.36368613975
7988,0.0,0.0,0.0,0.0,3327.26231386025,0.0,1.89628334925836e-13,0.0,6000.0,3327.26231386025
7989,0.0,0.0,0.0,0.0,0.0,0.0,2825.7,0.0,6000.0,2825.7
7990,0.0,0.0,0.0,0.0,0.0,0.0,2692.5,0.0,6000.0,2692.5
7991,0.0,0.0,0.0,0.0,0.0,0.0,2715.3,0.0,6000.0,2715.3
7992,0.0,0.0,0.0,0.0,0.0,0.0,2807.4,0.0,6000.0,2807.4
7993,0.0,0.0,0.0,0.0,0.0,0.0,2688.9,0.0,6000.0,2688.9
7994,0.0,0.0,0.0,0.0,0.0,0.0,2692.4,0.0,6000.0,2692.4
7995,0.0,0.0,0.0,0.0,0.0,0.0,2561.8,0.0,6000.0,2561.8
7996,0.0,0.0,0.0,0.0,0.0,0.0,2698.7,0.0,6000.0,2698.7
7997,0.0,0.0,0.0,0.0,0.0,0.0,2627.7,0.0,6000.0,2627.7
7998,0.0,0.0,0.0,0.0,0.0,0.0,2353.5,0.0,6000.0,2353.5
7999,0.0,0.0,0.0,0.0,0.0,0.0,2291.0,0.0,6000.0,2291.0
8000,0.0,0.0,0.0,0.0,0.0,0.0,2343.6,0.0,6000.0,2343.6
8001,46.75164,0.0,0.0,0.0,0.0,0.0,2319.7509092,0.0,6000.0,2366.5025492
8002,51.16059,0.0,0.0,0.0,0.0,0.0,2336.3742277,0.0,6000.0,2387.5348177
8003,52.22373,0.0,0.0,0.0,0.0,0.0,2278.1429819,0.0,6000.0,2330.3667119
8004,52.21905,0.0,0.0,0.0,0.0,0.0,2344.3475215,0.0,6000.0,2396.5665715
8005,50.43363,0.0,0.0,0.0,0.0,0.0,2356.1793789,0.0,6000.0,2406.6130089
8006,0.0,0.0,0.0,0.0,0.0,0.0,2122.8,0.0,6000.0,2122.8
8007,0.0,0.0,0.0,0.0,0.0,0.0,2143.7,0.0,6000.0,2143.7
8008,0.0,0.0,0.0,0.0,0.0,0.0,2421.6,0.0,6000.0,2421.6
8009,0.0,0.0,0.0,0.0,0.0,0.0,2443.1,0.0,6000.0,2443.1
8010,0.0,0.0,0.0,0.0,0.0,0.0,2482.8,0.0,6000.0,2482.8
8011,0.0,0.0,0.0,0.0,0.0,0.0,2456.7,0.0,6000.0,2456.7
8012,0.0,0.0,0.0,0.0,0.0,0.0,2673.2,0.0,6000.0,2673.2
8013,0.0,0.0,0.0,0.0,0.0,0.0,2476.1,0.0,6000.0,2476.1
8014,0.0,0.0,0.0,0.0,0.0,0.0,2633.8,0.0,6000.0,2633.8
8015,0.0,0.0,0.0,0.0,0.0,0.0,2717.1,0.0,6000.0,2717.1
8016,0.0,0.0,0.0,0.0,0.0,0.0,2748.9,0.0,12000.0,2748.9
8017,0.0,0.0,0.0,0.0,0.0,0.0,2545.2,0.0,12000.0,2545.2
8018,0.0,0.0,0.0,0.0,0.0,0.0,2441.4,0.0,12000.0,2441.4
8019,0.0,0.0,0.0,0.0,0.0,0.0,2396.6,0.0,12000.0,2396.6
8020,0.0,0.0,0.0,0.0,0.0,0.0,2403.9,0.0,12000.0,2403.9
8021,0.0,0.0,0.0,0.0,0.0,0.0,2339.7,0.0,12000.0,2339.7
8022,0.0,0.0,0.0,0.0,0.0,0.0,2432.2,0.0,12000.0,2432.2
8023,0.0,0.0,0.0,0.0,0.0,0.0,2444.9,0.0,12000.0,2444.9
8024,0.0,0.0,0.0,0.0,0.0,0.0,2502.4,0.0,12000.0,2502.4
8025,8.183097,0.0,0.0,0.0,0.0,0.0,2469.66239591,0.0,12000.0,2477.8454929100003
8026,10.486476,0.0,0.0,0.0,0.0,0.0,2479.02811828,0.0,12000.0,2489.51459428
8027,113.89716,0.0,0.0,0.0,0.0,0.0,2673.6197548,0.0,12000.0,2787.5169148
8028,424.1952,0.0,0.0,0.0,0.0,0.0,2369.430656,0.0,12000.0,2793.625856
8029,9.076431,0.0,0.0,0.0,0.0,0.0,2821.39586193,0.0,12000.0,2830.47229293
8030,27.304563,0.0,0.0,0.0,0.0,0.0,2772.51457389,0.0,12000.0,2799.81913689
8031,0.0,0.0,0.0,0.0,0.0,0.0,2856.0,0.0,12000.0,2856.0
8032,0.0,0.0,0.0,0.0,0.0,0.0,2895.4,0.0,12000.0,2895.4
8033,0.0,0.0,0.0,0.0,0.0,0.0,2855.1,0.0,12000.0,2855.1
8034,0.0,0.0,0.0,0.0,0.0,0.0,2919.1,0.0,12000.0,2919.1
8035,0.0,0.0,0.0,0.0,0.0,0.0,2943.6,0.0,12000.0,2943.6
8036,0.0,0.0,0.0,0.0,0.0,0.0,2902.4,0.0,12000.0,2902.4
8037,0.0,0.0,0.0,0.0,0.0,0.0,2875.4,0.0,12000.0,2875.4
8038,0.0,0.0,0.0,0.0,0.0,0.0,2903.0,0.0,12000.0,2903.0
8039,0.0,0.0,0.0,0.0,0.0,0.0,3038.4,0.0,12000.0,3038.4
8040,0.0,0.0,0.0,0.0,0.0,0.0,2948.0,0.0,12000.0,2948.0
8041,0.0,0.0,0.0,0.0,0.0,0.0,2836.0,0.0,12000.0,2836.0
8042,0.0,0.0,0.0,0.0,0.0,0.0,2840.3,0.0,12000.0,2840.3
8043,0.0,0.0,0.0,0.0,0.0,0.0,2730.5,0.0,12000.0,2730.5
8044,0.0,0.0,0.0,0.0,0.0,0.0,2791.0,0.0,12000.0,2791.0
8045,0.0,0.0,0.0,0.0,0.0,0.0,2694.2,0.0,12000.0,2694.2
8046,0.0,0.0,0.0,0.0,0.0,0.0,2771.1,0.0,12000.0,2771.1
8047,0.0,0.0,0.0,0.0,0.0,0.0,2740.6,0.0,12000.0,2740.6
8048,0.0,0.0,0.0,0.0,0.0,0.0,2694.5,0.0,12000.0,2694.5
8049,163.70874,0.0,0.0,0.0,0.0,0.0,2345.0025222,0.0,12000.0,2508.7112622
8050,464.8683,0.0,0.0,0.0,0.0,0.0,2168.177749,0.0,12000.0,2633.046049
8051,1308.4149,0.0,0.0,0.0,0.0,0.0,1408.637547,0.0,12000.0,2717.052447
8052,1078.2174,0.0,0.0,0.0,0.0,0.0,1632.929122,0.0,12000.0,2711.146522
8053,28.389777,0.0,0.0,0.0,0.0,0.0,2704.46191631,0.0,12000.0,2732.85169331
8054,13.552812,0.0,0.0,0.0,0.0,0.0,2795.55377236,0.0,12000.0,2809.10658436
8055,0.0,0.0,0.0,0.0,0.0,0.0,2941.2,0.0,12000.0,2941.2
8056,0.0,0.0,0.0,0.0,0.0,0.0,2819.1,0.0,12000.0,2819.1
8057,0.0,0.0,0.0,0.0,0.0,0.0,2743.6,0.0,12000.0,2743.6
8058,0.0,0.0,0.0,0.0,0.0,0.0,2714.2,0.0,12000.0,2714.2
8059,0.0,0.0,0.0,0.0,0.0,0.0,2687.7,0.0,12000.0,2687.7
8060,0.0,0.0,0.0,0.0,2122.30698739977,0.0,881.926,0.0,9568.94961351687,3004.23298739977
8061,0.0,0.0,0.0,0.0,3115.69301260023,0.0,1.4104929315657e-13,0.0,6000.0,3115.69301260023
8062,0.0,0.0,0.0,0.0,0.0,0.0,2582.1,0.0,6000.0,2582.1
8063,0.0,0.0,0.0,0.0,0.0,0.0,2666.1,0.0,6000.0,2666.1
8064,0.0,0.0,0.0,0.0,0.0,0.0,2662.3,0.0,12000.0,2662.3
8065,0.0,0.0,0.0,0.0,0.0,0.0,2596.3,0.0,12000.0,2596.3
8066,0.0,0.0,0.0,0.0,0.0,0.0,2748.9,0.0,12000.0,2748.9
8067,0.0,0.0,0.0,0.0,0.0,0.0,2786.9,0.0,12000.0,2786.9
8068,0.0,0.0,0.0,0.0,0.0,0.0,2754.8,0.0,12000.0,2754.8
8069,0.0,0.0,0.0,0.0,0.0,0.0,2627.2,0.0,12000.0,2627.2
8070,0.0,0.0,0.0,0.0,0.0,0.0,2766.7,0.0,12000.0,2766.7
8071,0.0,0.0,0.0,0.0,0.0,0.0,2797.8,0.0,12000.0,2797.8
8072,0.0,0.0,0.0,0.0,2596.01826345934,0.0,492.776055999999,0.0,9026.32501321955,3088.794319459339
8073,144.1752,0.0,0.0,0.0,2641.98173654066,0.0,1.31567613224598e-13,0.0,6000.0,2786.1569365406604
8074,1214.0622,0.0,0.0,0.0,0.0,0.0,1519.859666,0.0,6000.0,2733.921866
8075,1199.7219,0.0,0.0,0.0,0.0,0.0,1571.669757,0.0,6000.0,2771.391657
8076,972.2076,0.0,0.0,0.0,0.0,0.0,1777.758628,0.0,6000.0,2749.966228
8077,2488.9332,0.0,0.0,0.0,0.0,0.0,426.134796,0.0,6000.0,2915.067996
8078,159.03498,0.0,0.0,0.0,0.0,0.0,2686.9360694,0.0,6000.0,2845.9710494
8079,0.0,0.0,0.0,0.0,0.0,0.0,2836.1,0.0,6000.0,2836.1
8080,0.0,0.0,0.0,0.0,0.0,0.0,2748.8,0.0,6000.0,2748.8
8081,0.0,0.0,0.0,0.0,0.0,0.0,2818.0,0.0,6000.0,2818.0
8082,0.0,0.0,0.0,0.0,0.0,0.0,2759.0,0.0,6000.0,2759.0
8083,0.0,0.0,0.0,0.0,0.0,0.0,2793.0,0.0,6000.0,2793.0
8084,0.0,0.0,0.0,0.0,0.0,0.0,2728.1,0.0,6000.0,2728.1
8085,0.0,0.0,0.0,0.0,0.0,0.0,2708.8,0.0,6000.0,2708.8
8086,0.0,0.0,0.0,0.0,0.0,0.0,2669.9,0.0,6000.0,2669.9
8087,0.0,0.0,0.0,0.0,0.0,0.0,2643.0,0.0,6000.0,2643.0
8088,0.0,0.0,0.0,0.0,0.0,0.0,2715.8,0.0,6000.0,2715.8
8089,0.0,0.0,0.0,0.0,0.0,0.0,2672.0,0.0,6000.0,2672.0
8090,0.0,0.0,0.0,0.0,0.0,0.0,2566.1,0.0,6000.0,2566.1
8091,0.0,0.0,0.0,0.0,0.0,0.0,2546.8,0.0,6000.0,2546.8
8092,0.0,0.0,0.0,0.0,0.0,0.0,2707.0,0.0,6000.0,2707.0
8093,0.0,0.0,0.0,0.0,0.0,0.0,2688.9,0.0,6000.0,2688.9
8094,0.0,0.0,0.0,0.0,0.0,0.0,2731.9,0.0,6000.0,2731.9
8095,0.0,0.0,0.0,0.0,0.0,0.0,2668.3,0.0,6000.0,2668.3
8096,0.0,0.0,0.0,0.0,0.0,0.0,2669.4,0.0,6000.0,2669.4
8097,121.85082,0.0,0.0,0.0,0.0,0.0,2567.6047046,0.0,6000.0,2689.4555246
8098,30.619212,0.0,0.0,0.0,0.0,0.0,2643.19936436,0.0,6000.0,2673.81857636
8099,403.3146,0.0,0.0,0.0,0.0,0.0,2316.584838,0.0,6000.0,2719.8994380000004
8100,422.2452,0.0,0.0,0.0,0.0,0.0,2303.322156,0.0,6000.0,2725.567356
8101,27.699906,0.0,0.0,0.0,0.0,0.0,2655.03109118,0.0,6000.0,2682.73099718
8102,0.0,0.0,0.0,0.0,0.0,0.0,2616.7,0.0,6000.0,2616.7
8103,0.0,0.0,0.0,0.0,0.0,0.0,2698.0,0.0,6000.0,2698.0
8104,0.0,0.0,0.0,0.0,0.0,0.0,2668.8,0.0,6000.0,2668.8
8105,0.0,0.0,0.0,0.0,0.0,0.0,2564.9,0.0,6000.0,2564.9
8106,0.0,0.0,0.0,0.0,0.0,0.0,2557.4,0.0,6000.0,2557.4
8107,0.0,0.0,0.0,0.0,0.0,0.0,2687.1,0.0,6000.0,2687.1
8108,0.0,0.0,0.0,0.0,0.0,0.0,2655.8,0.0,6000.0,2655.8
8109,0.0,0.0,0.0,0.0,0.0,0.0,2560.9,0.0,6000.0,2560.9
8110,0.0,0.0,0.0,0.0,0.0,0.0,2606.2,0.0,6000.0,2606.2
8111,0.0,0.0,0.0,0.0,0.0,0.0,2618.6,0.0,6000.0,2618.6
8112,0.0,0.0,0.0,0.0,0.0,0.0,2673.1,0.0,12000.0,2673.1
8113,0.0,0.0,0.0,0.0,0.0,0.0,2825.4,0.0,12000.0,2825.4
8114,0.0,0.0,0.0,0.0,0.0,0.0,2742.0,0.0,12000.0,2742.0
8115,0.0,0.0,0.0,0.0,0.0,0.0,2733.0,0.0,12000.0,2733.0
8116,0.0,0.0,0.0,0.0,0.0,0.0,2625.3,0.0,12000.0,2625.3
8117,0.0,0.0,0.0,0.0,0.0,0.0,2658.5,0.0,12000.0,2658.5
8118,0.0,0.0,0.0,0.0,0.0,0.0,2715.1,0.0,12000.0,2715.1
8119,0.0,0.0,0.0,0.0,0.0,0.0,2712.6,0.0,12000.0,2712.6
8120,0.0,0.0,0.0,0.0,0.0,0.0,2756.3,0.0,12000.0,2756.3
8121,39.13572,0.0,0.0,0.0,0.0,0.0,2660.2383516,0.0,12000.0,2699.3740716
8122,0.0,0.0,0.0,0.0,0.0,0.0,2756.7,0.0,12000.0,2756.7
8123,0.0,0.0,0.0,0.0,0.0,0.0,2717.7,0.0,12000.0,2717.7
8124,87.73479,0.0,0.0,0.0,0.0,0.0,2473.6972537,0.0,12000.0,2561.4320437
8125,529.9203,0.0,0.0,0.0,0.0,0.0,2083.077309,0.0,12000.0,2612.997609
8126,9.724221,0.0,0.0,0.0,0.0,0.0,2596.36750563,0.0,12000.0,2606.09172663
8127,0.0,0.0,0.0,0.0,0.0,0.0,2667.3,0.0,12000.0,2667.3
8128,0.0,0.0,0.0,0.0,0.0,0.0,2681.1,0.0,12000.0,2681.1
8129,0.0,0.0,0.0,0.0,0.0,0.0,2646.8,0.0,12000.0,2646.8
8130,0.0,0.0,0.0,0.0,0.0,0.0,2703.6,0.0,12000.0,2703.6
8131,0.0,0.0,0.0,0.0,0.0,0.0,2477.4,0.0,12000.0,2477.4
8132,0.0,0.0,0.0,0.0,0.0,0.0,2673.4,0.0,12000.0,2673.4
8133,0.0,0.0,0.0,0.0,0.0,0.0,2732.5,0.0,12000.0,2732.5
8134,0.0,0.0,0.0,0.0,0.0,0.0,2632.1,0.0,12000.0,2632.1
8135,0.0,0.0,0.0,0.0,0.0,0.0,2674.8,0.0,12000.0,2674.8
8136,0.0,0.0,0.0,0.0,0.0,0.0,2730.7,0.0,12000.0,2730.7
8137,0.0,0.0,0.0,0.0,0.0,0.0,2691.4,0.0,12000.0,2691.4
8138,0.0,0.0,0.0,0.0,0.0,0.0,2631.7,0.0,12000.0,2631.7
8139,0.0,0.0,0.0,0.0,0.0,0.0,2640.7,0.0,12000.0,2640.7
8140,0.0,0.0,0.0,0.0,0.0,0.0,2574.3,0.0,12000.0,2574.3
8141,0.0,0.0,0.0,0.0,0.0,0.0,2542.6,0.0,12000.0,2542.6
8142,0.0,0.0,0.0,0.0,0.0,0.0,2667.8,0.0,12000.0,2667.8
8143,0.0,0.0,0.0,0.0,0.0,0.0,2602.0,0.0,12000.0,2602.0
8144,0.0,0.0,0.0,0.0,0.0,0.0,2629.5,0.0,12000.0,2629.5
8145,157.03155,0.0,0.0,0.0,0.0,0.0,2456.8793965,0.0,12000.0,2613.9109465
8146,194.94696,0.0,0.0,0.0,0.0,0.0,2424.3014488,0.0,12000.0,2619.2484088
8147,425.6967,0.0,0.0,0.0,2643.9567021764,0.0,1.59765457223273e-13,0.0,8971.41271228362,3069.6534021764
8148,1314.8226,0.0,0.0,0.0,1792.57969988545,0.0,7.0496136925965206e-15,0.0,6918.05681321666,3107.40229988545
8149,412.9164,0.0,0.0,0.0,801.463597938145,0.0,1628.493371,0.0,6000.0,2842.873368938145
8150,67.71882,0.0,0.0,0.0,0.0,0.0,2665.5127446,0.0,6000.0,2733.2315646
8151,0.0,0.0,0.0,0.0,0.0,0.0,2980.2,0.0,6000.0,2980.2
8152,0.0,0.0,0.0,0.0,0.0,0.0,2902.7,0.0,6000.0,2902.7
8153,0.0,0.0,0.0,0.0,0.0,0.0,2952.9,0.0,6000.0,2952.9
8154,0.0,0.0,0.0,0.0,0.0,0.0,2911.9,0.0,6000.0,2911.9
8155,0.0,0.0,0.0,0.0,0.0,0.0,3000.5,0.0,6000.0,3000.5
8156,0.0,0.0,0.0,0.0,0.0,0.0,2890.8,0.0,6000.0,2890.8
8157,0.0,0.0,0.0,0.0,0.0,0.0,2894.5,0.0,6000.0,2894.5
8158,0.0,0.0,0.0,0.0,0.0,0.0,2751.7,0.0,6000.0,2751.7
8159,0.0,0.0,0.0,0.0,0.0,0.0,2909.0,0.0,6000.0,2909.0
8160,0.0,0.0,0.0,0.0,2677.19410206186,0.0,519.909548899999,0.0,8933.34008927622,3197.103650961859
8161,0.0,0.0,0.0,0.0,0.0,0.0,2817.5,0.0,8933.34008927622,2817.5
8162,0.0,0.0,0.0,0.0,0.0,0.0,2769.4,0.0,8933.34008927622,2769.4
8163,0.0,0.0,0.0,0.0,0.0,0.0,2762.0,0.0,8933.34008927622,2762.0
8164,0.0,0.0,0.0,0.0,0.0,0.0,2584.8,0.0,8933.34008927622,2584.8
8165,0.0,0.0,0.0,0.0,0.0,0.0,2389.7,0.0,8933.34008927622,2389.7
8166,0.0,0.0,0.0,0.0,0.0,0.0,2284.9,0.0,8933.34008927622,2284.9
8167,0.0,0.0,0.0,0.0,0.0,0.0,2285.1,0.0,8933.34008927622,2285.1
8168,0.0,0.0,0.0,0.0,0.0,0.0,2290.2,0.0,8933.34008927622,2290.2
8169,78.77025,0.0,0.0,0.0,0.0,0.0,2169.4928575,0.0,8933.34008927622,2248.2631075
8170,151.87263,0.0,0.0,0.0,2560.80589793814,0.0,-4.09258300174675e-14,0.0,6000.0,2712.67852793814
8171,297.64722,0.0,0.0,0.0,0.0,0.0,2160.8821966,0.0,6000.0,2458.5294166
8172,8.487102,0.0,0.0,0.0,0.0,0.0,2649.46751106,0.0,6000.0,2657.95461306
8173,6.711159,0.0,0.0,0.0,0.0,0.0,2735.09017577,0.0,6000.0,2741.80133477
8174,11.933103,0.0,0.0,0.0,0.0,0.0,2694.02489009,0.0,6000.0,2705.95799309
8175,0.0,0.0,0.0,0.0,0.0,0.0,2795.1,0.0,6000.0,2795.1
8176,0.0,0.0,0.0,0.0,0.0,0.0,2708.2,0.0,6000.0,2708.2
8177,0.0,0.0,0.0,0.0,0.0,0.0,2851.6,0.0,6000.0,2851.6
8178,0.0,0.0,0.0,0.0,0.0,0.0,2833.2,0.0,6000.0,2833.2
8179,0.0,0.0,0.0,0.0,0.0,0.0,2788.4,0.0,6000.0,2788.4
8180,0.0,0.0,0.0,0.0,0.0,0.0,2854.1,0.0,6000.0,2854.1
8181,0.0,0.0,0.0,0.0,0.0,0.0,2887.4,0.0,6000.0,2887.4
8182,0.0,0.0,0.0,0.0,0.0,0.0,2783.4,0.0,6000.0,2783.4
8183,0.0,0.0,0.0,0.0,0.0,0.0,2882.1,0.0,6000.0,2882.1
8184,0.0,0.0,0.0,0.0,0.0,0.0,2879.9,0.0,6000.0,2879.9
8185,0.0,0.0,0.0,0.0,0.0,0.0,2827.1,0.0,6000.0,2827.1
8186,0.0,0.0,0.0,0.0,0.0,0.0,2844.1,0.0,6000.0,2844.1
8187,0.0,0.0,0.0,0.0,0.0,0.0,2800.6,0.0,6000.0,2800.6
8188,0.0,0.0,0.0,0.0,0.0,0.0,2709.5,0.0,6000.0,2709.5
8189,0.0,0.0,0.0,0.0,0.0,0.0,2634.7,0.0,6000.0,2634.7
8190,0.0,0.0,0.0,0.0,0.0,0.0,2807.7,0.0,6000.0,2807.7
8191,0.0,0.0,0.0,0.0,0.0,0.0,2853.5,0.0,6000.0,2853.5
8192,0.0,0.0,0.0,0.0,0.0,0.0,2788.2,0.0,6000.0,2788.2
8193,2890.30927835052,320.693321649485,0.0,0.0,0.0,0.0,1.04298150871887e-13,0.0,6264.4116437,2890.30927835052
8194,701.6178,0.0,0.0,0.0,0.0,0.0,2052.830734,0.0,6264.4116437,2754.448534
8195,2898.65979381443,5152.50020618557,0.0,0.0,0.0,0.0,1.31805494353928e-13,0.0,10512.6480637,2898.65979381443
8196,488.2995,0.0,0.0,0.0,0.0,0.0,2238.149485,0.0,10512.6480637,2726.448985
8197,2948.96907216495,2851.92992783505,0.0,0.0,0.0,0.0,-2.1468096487221802e-14,0.0,12864.0642892,2948.96907216495
8198,1599.7683,0.0,0.0,0.0,0.0,0.0,1244.224749,0.0,12864.0642892,2843.993049
8199,0.0,0.0,0.0,0.0,0.0,0.0,2890.1,0.0,12864.0642892,2890.1
8200,0.0,0.0,0.0,0.0,0.0,0.0,2882.2,0.0,12864.0642892,2882.2
8201,0.0,0.0,0.0,0.0,2713.74851393323,0.0,539.397547336293,0.0,9755.53219992941,3253.1460612695228
8202,0.0,0.0,0.0,0.0,3278.57961053837,0.0,-4.82910074407912e-14,0.0,6000.0,3278.57961053837
8203,0.0,0.0,0.0,0.0,0.0,0.0,2822.4,0.0,6000.0,2822.4
8204,0.0,0.0,0.0,0.0,0.0,0.0,2855.2,0.0,6000.0,2855.2
8205,0.0,0.0,0.0,0.0,0.0,0.0,2889.8,0.0,6000.0,2889.8
8206,0.0,0.0,0.0,0.0,0.0,0.0,2798.5,0.0,6000.0,2798.5
8207,0.0,0.0,0.0,0.0,0.0,0.0,2790.2,0.0,6000.0,2790.2
8208,0.0,0.0,0.0,0.0,0.0,0.0,2720.6,0.0,12000.0,2720.6
8209,0.0,0.0,0.0,0.0,0.0,0.0,2704.8,0.0,12000.0,2704.8
8210,0.0,0.0,0.0,0.0,0.0,0.0,2710.8,0.0,12000.0,2710.8
8211,0.0,0.0,0.0,0.0,0.0,0.0,2665.8,0.0,12000.0,2665.8
8212,0.0,0.0,0.0,0.0,0.0,0.0,2757.9,0.0,12000.0,2757.9
8213,0.0,0.0,0.0,0.0,0.0,0.0,2652.8,0.0,12000.0,2652.8
8214,0.0,0.0,0.0,0.0,0.0,0.0,2774.1,0.0,12000.0,2774.1
8215,0.0,0.0,0.0,0.0,0.0,0.0,2726.9,0.0,12000.0,2726.9
8216,0.0,0.0,0.0,0.0,0.0,0.0,2885.6,0.0,12000.0,2885.6
8217,63.37617,0.0,0.0,0.0,0.0,0.0,2705.6251151,0.0,12000.0,2769.0012851
8218,283.40871,0.0,0.0,0.0,0.0,0.0,2485.9935513,0.0,12000.0,2769.4022613
8219,722.2059,0.0,0.0,0.0,0.0,0.0,2161.760277,0.0,12000.0,2883.966177
8220,430.2129,0.0,0.0,0.0,0.0,0.0,2389.193487,0.0,12000.0,2819.406387
8221,377.75049,0.0,0.0,0.0,0.0,0.0,2440.2820247,0.0,12000.0,2818.0325147
8222,182.68263,0.0,0.0,0.0,0.0,0.0,2618.4978489,0.0,12000.0,2801.1804789
8223,0.0,0.0,0.0,0.0,0.0,0.0,2812.9,0.0,12000.0,2812.9
8224,0.0,0.0,0.0,0.0,0.0,0.0,2809.1,0.0,12000.0,2809.1
8225,0.0,0.0,0.0,0.0,0.0,0.0,2814.0,0.0,12000.0,2814.0
8226,0.0,0.0,0.0,0.0,0.0,0.0,2817.6,0.0,12000.0,2817.6
8227,0.0,0.0,0.0,0.0,0.0,0.0,2739.9,0.0,12000.0,2739.9
8228,0.0,0.0,0.0,0.0,0.0,0.0,2778.1,0.0,12000.0,2778.1
8229,0.0,0.0,0.0,0.0,0.0,0.0,2671.9,0.0,12000.0,2671.9
8230,0.0,0.0,0.0,0.0,0.0,0.0,2536.2,0.0,12000.0,2536.2
8231,0.0,0.0,0.0,0.0,0.0,0.0,2709.2,0.0,12000.0,2709.2
8232,0.0,0.0,0.0,0.0,0.0,0.0,2664.2,0.0,12000.0,2664.2
8233,0.0,0.0,0.0,0.0,0.0,0.0,2487.5,0.0,12000.0,2487.5
8234,0.0,0.0,0.0,0.0,0.0,0.0,2560.9,0.0,12000.0,2560.9
8235,0.0,0.0,0.0,0.0,0.0,0.0,2536.1,0.0,12000.0,2536.1
8236,0.0,0.0,0.0,0.0,0.0,0.0,2593.6,0.0,12000.0,2593.6
8237,0.0,0.0,0.0,0.0,0.0,0.0,2420.8,0.0,12000.0,2420.8
8238,0.0,0.0,0.0,0.0,0.0,0.0,2729.2,0.0,12000.0,2729.2
8239,0.0,0.0,0.0,0.0,0.0,0.0,2661.1,0.0,12000.0,2661.1
8240,0.0,0.0,0.0,0.0,0.0,0.0,2652.5,0.0,12000.0,2652.5
8241,138.45936,0.0,0.0,0.0,0.0,0.0,2523.8944208,0.0,12000.0,2662.3537808
8242,125.60769,0.0,0.0,0.0,0.0,0.0,2515.9605407,0.0,12000.0,2641.5682307
8243,0.0,0.0,0.0,0.0,0.0,0.0,2692.4,0.0,12000.0,2692.4
8244,1074.1224,0.0,0.0,0.0,0.0,0.0,1562.601272,0.0,12000.0,2636.723672
8245,322.53507,0.0,0.0,0.0,0.0,0.0,2459.7409821,0.0,12000.0,2782.2760521
8246,0.0,0.0,0.0,0.0,0.0,0.0,2737.4,0.0,12000.0,2737.4
8247,0.0,0.0,0.0,0.0,0.0,0.0,2730.2,0.0,12000.0,2730.2
8248,0.0,0.0,0.0,0.0,0.0,0.0,2682.5,0.0,12000.0,2682.5
8249,0.0,0.0,0.0,0.0,2254.03665521191,0.0,617.026,0.0,9418.0565232395,2871.0626552119097
8250,0.0,0.0,0.0,0.0,2983.96334478809,0.0,1.0443550618928299e-13,0.0,6000.0,2983.96334478809
8251,0.0,0.0,0.0,0.0,0.0,0.0,2711.6,0.0,6000.0,2711.6
8252,0.0,0.0,0.0,0.0,0.0,0.0,2675.3,0.0,6000.0,2675.3
8253,0.0,0.0,0.0,0.0,0.0,0.0,2774.3,0.0,6000.0,2774.3
8254,0.0,0.0,0.0,0.0,0.0,0.0,2738.8,0.0,6000.0,2738.8
8255,0.0,0.0,0.0,0.0,0.0,0.0,2763.2,0.0,6000.0,2763.2
8256,0.0,0.0,0.0,0.0,0.0,0.0,2808.0,0.0,12000.0,2808.0
8257,0.0,0.0,0.0,0.0,0.0,0.0,2784.1,0.0,12000.0,2784.1
8258,0.0,0.0,0.0,0.0,0.0,0.0,2807.1,0.0,12000.0,2807.1
8259,0.0,0.0,0.0,0.0,0.0,0.0,2736.7,0.0,12000.0,2736.7
8260,0.0,0.0,0.0,0.0,0.0,0.0,2628.0,0.0,12000.0,2628.0
8261,0.0,0.0,0.0,0.0,0.0,0.0,2714.8,0.0,12000.0,2714.8
8262,0.0,0.0,0.0,0.0,0.0,0.0,2755.7,0.0,12000.0,2755.7
8263,0.0,0.0,0.0,0.0,0.0,0.0,2830.6,0.0,12000.0,2830.6
8264,0.0,0.0,0.0,0.0,0.0,0.0,2648.9,0.0,12000.0,2648.9
8265,0.0,0.0,0.0,0.0,0.0,0.0,2745.8,0.0,12000.0,2745.8
8266,165.84243,0.0,0.0,0.0,0.0,0.0,2466.7328429,0.0,12000.0,2632.5752729
8267,0.0,0.0,0.0,0.0,3003.55097365407,0.0,1.36302615369839e-13,0.0,8559.50633029317,3003.55097365407
8268,0.0,0.0,0.0,0.0,2234.44902634593,0.0,645.925999999999,0.0,6000.0,2880.375026345929
8269,82.9959,0.0,0.0,0.0,0.0,0.0,2521.493977,0.0,6000.0,2604.489877
8270,62.04393,0.0,0.0,0.0,0.0,0.0,2598.2173879,0.0,6000.0,2660.2613179
8271,0.0,0.0,0.0,0.0,0.0,0.0,2666.6,0.0,6000.0,2666.6
8272,0.0,0.0,0.0,0.0,0.0,0.0,2625.1,0.0,6000.0,2625.1
8273,0.0,0.0,0.0,0.0,0.0,0.0,2668.8,0.0,6000.0,2668.8
8274,0.0,0.0,0.0,0.0,0.0,0.0,2692.0,0.0,6000.0,2692.0
8275,0.0,0.0,0.0,0.0,0.0,0.0,2748.3,0.0,6000.0,2748.3
8276,0.0,0.0,0.0,0.0,0.0,0.0,2796.3,0.0,6000.0,2796.3
8277,0.0,0.0,0.0,0.0,0.0,0.0,2708.7,0.0,6000.0,2708.7
8278,0.0,0.0,0.0,0.0,0.0,0.0,2768.4,0.0,6000.0,2768.4
8279,0.0,0.0,0.0,0.0,0.0,0.0,2792.4,0.0,6000.0,2792.4
8280,0.0,0.0,0.0,0.0,0.0,0.0,2789.4,0.0,6000.0,2789.4
8281,0.0,0.0,0.0,0.0,0.0,0.0,2856.4,0.0,6000.0,2856.4
8282,0.0,0.0,0.0,0.0,0.0,0.0,2752.9,0.0,6000.0,2752.9
8283,0.0,0.0,0.0,0.0,0.0,0.0,2711.3,0.0,6000.0,2711.3
8284,0.0,0.0,0.0,0.0,0.0,0.0,2778.2,0.0,6000.0,2778.2
8285,0.0,0.0,0.0,0.0,0.0,0.0,2799.3,0.0,6000.0,2799.3
8286,0.0,0.0,0.0,0.0,0.0,0.0,2672.0,0.0,6000.0,2672.0
8287,0.0,0.0,0.0,0.0,0.0,0.0,2675.9,0.0,6000.0,2675.9
8288,0.0,0.0,0.0,0.0,0.0,0.0,2687.9,0.0,6000.0,2687.9
8289,140.81418,0.0,0.0,0.0,0.0,0.0,2563.7102454,0.0,6000.0,2704.5244254
8290,276.02172,0.0,0.0,0.0,0.0,0.0,2467.3589316,0.0,6000.0,2743.3806516
8291,683.0655,0.0,0.0,0.0,0.0,0.0,2029.726465,0.0,6000.0,2712.791965
8292,702.0624,0.0,0.0,0.0,0.0,0.0,2015.899472,0.0,6000.0,2717.961872
8293,290.60694,0.0,0.0,0.0,0.0,0.0,2475.4112682,0.0,6000.0,2766.0182082
8294,96.22509,0.0,0.0,0.0,0.0,0.0,2625.9616627,0.0,6000.0,2722.1867527
8295,0.0,0.0,0.0,0.0,0.0,0.0,2735.0,0.0,6000.0,2735.0
8296,0.0,0.0,0.0,0.0,0.0,0.0,2694.8,0.0,6000.0,2694.8
8297,0.0,0.0,0.0,0.0,0.0,0.0,2621.5,0.0,6000.0,2621.5
8298,0.0,0.0,0.0,0.0,0.0,0.0,2631.8,0.0,6000.0,2631.8
8299,0.0,0.0,0.0,0.0,0.0,0.0,2545.7,0.0,6000.0,2545.7
8300,0.0,0.0,0.0,0.0,0.0,0.0,2712.0,0.0,6000.0,2712.0
8301,0.0,0.0,0.0,0.0,0.0,0.0,2712.6,0.0,6000.0,2712.6
8302,0.0,0.0,0.0,0.0,0.0,0.0,2663.7,0.0,6000.0,2663.7
8303,0.0,0.0,0.0,0.0,0.0,0.0,2794.1,0.0,6000.0,2794.1
8304,0.0,0.0,0.0,0.0,0.0,0.0,2908.8,0.0,12000.0,2908.8
8305,0.0,0.0,0.0,0.0,0.0,0.0,2784.0,0.0,12000.0,2784.0
8306,0.0,0.0,0.0,0.0,0.0,0.0,2813.6,0.0,12000.0,2813.6
8307,0.0,0.0,0.0,0.0,0.0,0.0,2786.9,0.0,12000.0,2786.9
8308,0.0,0.0,0.0,0.0,0.0,0.0,2791.3,0.0,12000.0,2791.3
8309,0.0,0.0,0.0,0.0,0.0,0.0,2694.0,0.0,12000.0,2694.0
8310,0.0,0.0,0.0,0.0,0.0,0.0,2860.5,0.0,12000.0,2860.5
8311,0.0,0.0,0.0,0.0,0.0,0.0,2853.7,0.0,12000.0,2853.7
8312,0.0,0.0,0.0,0.0,0.0,0.0,2941.3,0.0,12000.0,2941.3
8313,100.16643,0.0,0.0,0.0,3226.27555887743,0.0,-4.8383918100687403e-14,0.0,8304.38080311863,3326.44198887743
8314,89.87394,0.0,0.0,0.0,2011.72444112257,0.0,1048.6868411,0.0,6000.0,3150.28522222257
8315,194.32335,0.0,0.0,0.0,0.0,0.0,2657.6063505,0.0,6000.0,2851.9297005000003
8316,9.026121,0.0,0.0,0.0,0.0,0.0,2833.04466263,0.0,6000.0,2842.07078363
8317,326.75487,0.0,0.0,0.0,0.0,0.0,2426.4477761,0.0,6000.0,2753.2026461
8318,26.104845,0.0,0.0,0.0,0.0,0.0,2691.67830035,0.0,6000.0,2717.78314535
8319,0.0,0.0,0.0,0.0,0.0,0.0,2951.3,0.0,6000.0,2951.3
8320,0.0,0.0,0.0,0.0,0.0,0.0,3080.2,0.0,6000.0,3080.2
8321,0.0,0.0,0.0,0.0,0.0,0.0,2973.5,0.0,6000.0,2973.5
8322,0.0,0.0,0.0,0.0,0.0,0.0,2973.5,0.0,6000.0,2973.5
8323,0.0,0.0,0.0,0.0,0.0,0.0,2859.4,0.0,6000.0,2859.4
8324,0.0,0.0,0.0,0.0,0.0,0.0,2856.4,0.0,6000.0,2856.4
8325,0.0,0.0,0.0,0.0,0.0,0.0,2839.3,0.0,6000.0,2839.3
8326,0.0,0.0,0.0,0.0,0.0,0.0,2737.6,0.0,6000.0,2737.6
8327,0.0,0.0,0.0,0.0,0.0,0.0,2924.1,0.0,6000.0,2924.1
8328,0.0,0.0,0.0,0.0,0.0,0.0,2878.5,0.0,6000.0,2878.5
8329,0.0,0.0,0.0,0.0,0.0,0.0,2779.8,0.0,6000.0,2779.8
8330,0.0,0.0,0.0,0.0,0.0,0.0,2833.5,0.0,6000.0,2833.5
8331,0.0,0.0,0.0,0.0,0.0,0.0,2773.7,0.0,6000.0,2773.7
8332,0.0,0.0,0.0,0.0,0.0,0.0,2748.0,0.0,6000.0,2748.0
8333,0.0,0.0,0.0,0.0,0.0,0.0,2483.2,0.0,6000.0,2483.2
8334,0.0,0.0,0.0,0.0,0.0,0.0,2280.2,0.0,6000.0,2280.2
8335,0.0,0.0,0.0,0.0,0.0,0.0,2340.5,0.0,6000.0,2340.5
8336,0.0,0.0,0.0,0.0,0.0,0.0,2319.4,0.0,6000.0,2319.4
8337,98.09397,0.0,0.0,0.0,0.0,0.0,2120.9488491,0.0,6000.0,2219.0428191
8338,191.94981,0.0,0.0,0.0,0.0,0.0,2062.0086843,0.0,6000.0,2253.9584943
8339,548.2191,0.0,0.0,0.0,0.0,0.0,1785.427473,0.0,6000.0,2333.646573
8340,316.56027,0.0,0.0,0.0,0.0,0.0,2026.3365381,0.0,6000.0,2342.8968081000003
8341,227.06385,0.0,0.0,0.0,0.0,0.0,2167.2480655,0.0,6000.0,2394.3119155
8342,79.52529,0.0,0.0,0.0,0.0,0.0,2408.8604687,0.0,6000.0,2488.3857587
8343,0.0,0.0,0.0,0.0,0.0,0.0,2600.8,0.0,6000.0,2600.8
8344,0.0,0.0,0.0,0.0,0.0,0.0,2489.1,0.0,6000.0,2489.1
8345,0.0,0.0,0.0,0.0,0.0,0.0,2461.3,0.0,6000.0,2461.3
8346,0.0,0.0,0.0,0.0,0.0,0.0,2437.7,0.0,6000.0,2437.7
8347,0.0,0.0,0.0,0.0,0.0,0.0,2383.7,0.0,6000.0,2383.7
8348,0.0,0.0,0.0,0.0,0.0,0.0,2438.4,0.0,6000.0,2438.4
8349,0.0,0.0,0.0,0.0,0.0,0.0,2579.8,0.0,6000.0,2579.8
8350,0.0,0.0,0.0,0.0,0.0,0.0,2567.9,0.0,6000.0,2567.9
8351,0.0,0.0,0.0,0.0,0.0,0.0,2766.8,0.0,6000.0,2766.8
8352,0.0,0.0,0.0,0.0,0.0,0.0,2717.0,0.0,12000.0,2717.0
8353,0.0,0.0,0.0,0.0,0.0,0.0,2721.0,0.0,12000.0,2721.0
8354,0.0,0.0,0.0,0.0,0.0,0.0,2743.9,0.0,12000.0,2743.9
8355,0.0,0.0,0.0,0.0,0.0,0.0,2667.6,0.0,12000.0,2667.6
8356,0.0,0.0,0.0,0.0,0.0,0.0,2537.5,0.0,12000.0,2537.5
8357,0.0,0.0,0.0,0.0,0.0,0.0,2593.8,0.0,12000.0,2593.8
8358,0.0,0.0,0.0,0.0,3052.57731958763,0.0,-1.33275475420924e-13,0.0,8503.34785843342,3052.57731958763
8359,0.0,0.0,0.0,0.0,2185.42268041237,0.0,732.926,0.0,6000.0,2918.34868041237
8360,0.0,0.0,0.0,0.0,0.0,0.0,2601.0,0.0,6000.0,2601.0
8361,96.66267,0.0,0.0,0.0,0.0,0.0,2605.2372101,0.0,6000.0,2701.8998801
8362,192.95484,0.0,0.0,0.0,0.0,0.0,2572.4338052,0.0,6000.0,2765.3886452
8363,550.3173,0.0,0.0,0.0,0.0,0.0,2154.692219,0.0,6000.0,2705.009519
8364,400.9863,0.0,0.0,0.0,0.0,0.0,2297.343289,0.0,6000.0,2698.329589
8365,248.03883,0.0,0.0,0.0,0.0,0.0,2504.9023349,0.0,6000.0,2752.9411649
8366,81.57084,0.0,0.0,0.0,0.0,0.0,2526.6762852,0.0,6000.0,2608.2471252
8367,0.0,0.0,0.0,0.0,0.0,0.0,2766.1,0.0,6000.0,2766.1
8368,0.0,0.0,0.0,0.0,0.0,0.0,2713.7,0.0,6000.0,2713.7
8369,0.0,0.0,0.0,0.0,0.0,0.0,2851.7,0.0,6000.0,2851.7
8370,0.0,0.0,0.0,0.0,0.0,0.0,2824.7,0.0,6000.0,2824.7
8371,0.0,0.0,0.0,0.0,0.0,0.0,2914.8,0.0,6000.0,2914.8
8372,0.0,0.0,0.0,0.0,0.0,0.0,2864.8,0.0,6000.0,2864.8
8373,0.0,0.0,0.0,0.0,0.0,0.0,2828.0,0.0,6000.0,2828.0
8374,0.0,0.0,0.0,0.0,0.0,0.0,2725.2,0.0,6000.0,2725.2
8375,0.0,0.0,0.0,0.0,0.0,0.0,2820.6,0.0,6000.0,2820.6
8376,0.0,0.0,0.0,0.0,0.0,0.0,2805.9,0.0,6000.0,2805.9
8377,0.0,0.0,0.0,0.0,0.0,0.0,2766.5,0.0,6000.0,2766.5
8378,0.0,0.0,0.0,0.0,0.0,0.0,2869.6,0.0,6000.0,2869.6
8379,0.0,0.0,0.0,0.0,0.0,0.0,2835.1,0.0,6000.0,2835.1
8380,0.0,0.0,0.0,0.0,0.0,0.0,2842.0,0.0,6000.0,2842.0
8381,0.0,0.0,0.0,0.0,0.0,0.0,2766.5,0.0,6000.0,2766.5
8382,0.0,0.0,0.0,0.0,0.0,0.0,2858.6,0.0,6000.0,2858.6
8383,0.0,0.0,0.0,0.0,0.0,0.0,2848.7,0.0,6000.0,2848.7
8384,0.0,0.0,0.0,0.0,0.0,0.0,2971.1,0.0,6000.0,2971.1
8385,92.11995,0.0,0.0,0.0,0.0,0.0,2798.5436485,0.0,6000.0,2890.6635985
8386,191.89053,0.0,0.0,0.0,0.0,0.0,2573.3661859,0.0,6000.0,2765.2567159
8387,31.099146,0.0,0.0,0.0,0.0,0.0,2759.63382838,0.0,6000.0,2790.73297438
8388,51.36339,0.0,0.0,0.0,0.0,0.0,2722.4775117,0.0,6000.0,2773.8409017
8389,267.88281,0.0,0.0,0.0,0.0,0.0,2520.9536743,0.0,6000.0,2788.8364843
8390,68.0745,0.0,0.0,0.0,0.0,0.0,2730.167735,0.0,6000.0,2798.242235
8391,0.0,0.0,0.0,0.0,0.0,0.0,2805.2,0.0,6000.0,2805.2
8392,0.0,0.0,0.0,0.0,0.0,0.0,2789.9,0.0,6000.0,2789.9
8393,0.0,0.0,0.0,0.0,0.0,0.0,2854.3,0.0,6000.0,2854.3
8394,0.0,0.0,0.0,0.0,0.0,0.0,2747.9,0.0,6000.0,2747.9
8395,0.0,0.0,0.0,0.0,0.0,0.0,2733.0,0.0,6000.0,2733.0
8396,0.0,0.0,0.0,0.0,0.0,0.0,2784.0,0.0,6000.0,2784.0
8397,0.0,0.0,0.0,0.0,0.0,0.0,2849.8,0.0,6000.0,2849.8
8398,0.0,0.0,0.0,0.0,0.0,0.0,2702.7,0.0,6000.0,2702.7
8399,0.0,0.0,0.0,0.0,0.0,0.0,2769.0,0.0,6000.0,2769.0
8400,0.0,0.0,0.0,0.0,0.0,0.0,2668.4,0.0,12000.0,2668.4
8401,0.0,0.0,0.0,0.0,0.0,0.0,2643.4,0.0,12000.0,2643.4
8402,0.0,0.0,0.0,0.0,0.0,0.0,2681.9,0.0,12000.0,2681.9
8403,0.0,0.0,0.0,0.0,0.0,0.0,2646.4,0.0,12000.0,2646.4
8404,0.0,0.0,0.0,0.0,0.0,0.0,2638.9,0.0,12000.0,2638.9
8405,0.0,0.0,0.0,0.0,0.0,0.0,2541.1,0.0,12000.0,2541.1
8406,0.0,0.0,0.0,0.0,0.0,0.0,2686.7,0.0,12000.0,2686.7
8407,0.0,0.0,0.0,0.0,0.0,0.0,2754.0,0.0,12000.0,2754.0
8408,0.0,0.0,0.0,0.0,0.0,0.0,2765.0,0.0,12000.0,2765.0
8409,184.08585,0.0,0.0,0.0,0.0,0.0,2602.5367255,0.0,12000.0,2786.6225755
8410,314.70738,0.0,0.0,0.0,0.0,0.0,2541.9338414,0.0,12000.0,2856.6412214
8411,31.688319,0.0,0.0,0.0,0.0,0.0,2724.66233057,0.0,12000.0,2756.35064957
8412,30.889521,0.0,0.0,0.0,0.0,0.0,2686.53716463,0.0,12000.0,2717.42668563
8413,327.2334,0.0,0.0,0.0,2920.59977319588,0.0,9.73550089113196e-15,0.0,8654.52488751904,3247.83317319588
8414,80.02917,0.0,0.0,0.0,2317.40022680412,0.0,717.6813071,0.0,6000.0,3115.11070390412
8415,0.0,0.0,0.0,0.0,0.0,0.0,2851.3,0.0,6000.0,2851.3
8416,0.0,0.0,0.0,0.0,0.0,0.0,2747.6,0.0,6000.0,2747.6
8417,0.0,0.0,0.0,0.0,0.0,0.0,2698.9,0.0,6000.0,2698.9
8418,0.0,0.0,0.0,0.0,0.0,0.0,2705.2,0.0,6000.0,2705.2
8419,0.0,0.0,0.0,0.0,0.0,0.0,2760.4,0.0,6000.0,2760.4
8420,0.0,0.0,0.0,0.0,0.0,0.0,2708.0,0.0,6000.0,2708.0
8421,0.0,0.0,0.0,0.0,0.0,0.0,2813.8,0.0,6000.0,2813.8
8422,0.0,0.0,0.0,0.0,0.0,0.0,2755.7,0.0,6000.0,2755.7
8423,0.0,0.0,0.0,0.0,0.0,0.0,2739.4,0.0,6000.0,2739.4
8424,0.0,0.0,0.0,0.0,0.0,0.0,2761.7,0.0,6000.0,2761.7
8425,0.0,0.0,0.0,0.0,0.0,0.0,2681.7,0.0,6000.0,2681.7
8426,0.0,0.0,0.0,0.0,0.0,0.0,2675.5,0.0,6000.0,2675.5
8427,0.0,0.0,0.0,0.0,0.0,0.0,2643.9,0.0,6000.0,2643.9
8428,0.0,0.0,0.0,0.0,0.0,0.0,2539.1,0.0,6000.0,2539.1
8429,0.0,0.0,0.0,0.0,0.0,0.0,2584.3,0.0,6000.0,2584.3
8430,0.0,0.0,0.0,0.0,0.0,0.0,2615.8,0.0,6000.0,2615.8
8431,0.0,0.0,0.0,0.0,0.0,0.0,2644.2,0.0,6000.0,2644.2
8432,0.0,0.0,0.0,0.0,0.0,0.0,2690.8,0.0,6000.0,2690.8
8433,53.33991,0.0,0.0,0.0,0.0,0.0,2384.3602873,0.0,6000.0,2437.7001973
8434,209.63592,0.0,0.0,0.0,0.0,0.0,2115.5531576,0.0,6000.0,2325.1890776
8435,49.32993,0.0,0.0,0.0,0.0,0.0,2252.1499679,0.0,6000.0,2301.4798979
8436,49.10763,0.0,0.0,0.0,0.0,0.0,2255.5655989,0.0,6000.0,2304.6732289
8437,265.82517,0.0,0.0,0.0,0.0,0.0,1868.4495851,0.0,6000.0,2134.2747551
8438,177.00072,0.0,0.0,0.0,0.0,0.0,2005.4093016,0.0,6000.0,2182.4100216
8439,0.0,0.0,0.0,0.0,0.0,0.0,2239.0,0.0,6000.0,2239.0
8440,0.0,0.0,0.0,0.0,0.0,0.0,2346.4,0.0,6000.0,2346.4
8441,0.0,0.0,0.0,0.0,0.0,0.0,2393.2,0.0,6000.0,2393.2
8442,0.0,0.0,0.0,0.0,0.0,0.0,2368.7,0.0,6000.0,2368.7
8443,0.0,0.0,0.0,0.0,0.0,0.0,2464.8,0.0,6000.0,2464.8
8444,0.0,0.0,0.0,0.0,0.0,0.0,2688.8,0.0,6000.0,2688.8
8445,0.0,0.0,0.0,0.0,0.0,0.0,2631.4,0.0,6000.0,2631.4
8446,0.0,0.0,0.0,0.0,0.0,0.0,2557.5,0.0,6000.0,2557.5
8447,0.0,0.0,0.0,0.0,0.0,0.0,2733.6,0.0,6000.0,2733.6
8448,0.0,0.0,0.0,0.0,0.0,0.0,2695.9,0.0,12000.0,2695.9
8449,0.0,0.0,0.0,0.0,0.0,0.0,2704.0,0.0,12000.0,2704.0
8450,0.0,0.0,0.0,0.0,0.0,0.0,2561.6,0.0,12000.0,2561.6
8451,0.0,0.0,0.0,0.0,0.0,0.0,2612.2,0.0,12000.0,2612.2
8452,0.0,0.0,0.0,0.0,0.0,0.0,2597.3,0.0,12000.0,2597.3
8453,0.0,0.0,0.0,0.0,0.0,0.0,2531.3,0.0,12000.0,2531.3
8454,0.0,0.0,0.0,0.0,0.0,0.0,2422.0,0.0,12000.0,2422.0
8455,0.0,0.0,0.0,0.0,0.0,0.0,2471.0,0.0,12000.0,2471.0
8456,0.0,0.0,0.0,0.0,0.0,0.0,2570.7,0.0,12000.0,2570.7
8457,0.0,0.0,0.0,0.0,0.0,0.0,2502.4,0.0,12000.0,2502.4
8458,66.9942,0.0,0.0,0.0,0.0,0.0,2535.515626,0.0,12000.0,2602.509826
8459,376.545,0.0,0.0,0.0,0.0,0.0,2255.45135,0.0,12000.0,2631.99635
8460,334.45347,0.0,0.0,0.0,0.0,0.0,2246.8801341,0.0,12000.0,2581.3336041
8461,204.12639,0.0,0.0,0.0,0.0,0.0,2328.4974017,0.0,12000.0,2532.6237917
8462,142.2291,0.0,0.0,0.0,0.0,0.0,2332.737773,0.0,12000.0,2474.966873
8463,0.0,0.0,0.0,0.0,0.0,0.0,2543.6,0.0,12000.0,2543.6
8464,0.0,0.0,0.0,0.0,0.0,0.0,2541.1,0.0,12000.0,2541.1
8465,0.0,0.0,0.0,0.0,0.0,0.0,2557.8,0.0,12000.0,2557.8
8466,0.0,0.0,0.0,0.0,0.0,0.0,2693.3,0.0,12000.0,2693.3
8467,0.0,0.0,0.0,0.0,0.0,0.0,2575.0,0.0,12000.0,2575.0
8468,0.0,0.0,0.0,0.0,0.0,0.0,2752.9,0.0,12000.0,2752.9
8469,0.0,0.0,0.0,0.0,0.0,0.0,2832.2,0.0,12000.0,2832.2
8470,0.0,0.0,0.0,0.0,0.0,0.0,2777.2,0.0,12000.0,2777.2
8471,0.0,0.0,0.0,0.0,0.0,0.0,2819.4,0.0,12000.0,2819.4
8472,0.0,0.0,0.0,0.0,0.0,0.0,2800.6,0.0,12000.0,2800.6
8473,0.0,0.0,0.0,0.0,0.0,0.0,2755.8,0.0,12000.0,2755.8
8474,0.0,0.0,0.0,0.0,0.0,0.0,2638.9,0.0,12000.0,2638.9
8475,0.0,0.0,0.0,0.0,0.0,0.0,2617.4,0.0,12000.0,2617.4
8476,0.0,0.0,0.0,0.0,0.0,0.0,2602.0,0.0,12000.0,2602.0
8477,0.0,0.0,0.0,0.0,0.0,0.0,2515.6,0.0,12000.0,2515.6
8478,0.0,0.0,0.0,0.0,0.0,0.0,2660.1,0.0,12000.0,2660.1
8479,0.0,0.0,0.0,0.0,0.0,0.0,2744.4,0.0,12000.0,2744.4
8480,0.0,0.0,0.0,0.0,0.0,0.0,2737.9,0.0,12000.0,2737.9
8481,33.15429,0.0,0.0,0.0,0.0,0.0,2778.4403387,0.0,12000.0,2811.5946287
8482,268.74978,0.0,0.0,0.0,0.0,0.0,2482.9127134,0.0,12000.0,2751.6624934
8483,27.553344,0.0,0.0,0.0,0.0,0.0,2792.07325632,0.0,12000.0,2819.62660032
8484,27.554709,0.0,0.0,0.0,0.0,0.0,2688.67193227,0.0,12000.0,2716.22664127
8485,324.84075,0.0,0.0,0.0,0.0,0.0,2427.5044725,0.0,12000.0,2752.3452225
8486,77.90874,0.0,0.0,0.0,0.0,0.0,2573.2285222,0.0,12000.0,2651.1372622
8487,0.0,0.0,0.0,0.0,0.0,0.0,2780.2,0.0,12000.0,2780.2
8488,0.0,0.0,0.0,0.0,0.0,0.0,2773.2,0.0,12000.0,2773.2
8489,0.0,0.0,0.0,0.0,0.0,0.0,2661.7,0.0,12000.0,2661.7
8490,0.0,0.0,0.0,0.0,0.0,0.0,2695.8,0.0,12000.0,2695.8
8491,0.0,0.0,0.0,0.0,0.0,0.0,2694.1,0.0,12000.0,2694.1
8492,0.0,0.0,0.0,0.0,0.0,0.0,2762.9,0.0,12000.0,2762.9
8493,0.0,0.0,0.0,0.0,0.0,0.0,2683.7,0.0,12000.0,2683.7
8494,0.0,0.0,0.0,0.0,2018.98510882016,0.0,933.426,0.0,9687.30228084747,2952.41110882016
8495,0.0,0.0,0.0,0.0,3219.01489117984,0.0,-1.91642231166647e-13,0.0,6000.0,3219.01489117984
8496,0.0,0.0,0.0,0.0,0.0,0.0,2837.8,0.0,12000.0,2837.8
8497,0.0,0.0,0.0,0.0,0.0,0.0,2707.7,0.0,12000.0,2707.7
8498,0.0,0.0,0.0,0.0,0.0,0.0,2711.7,0.0,12000.0,2711.7
8499,0.0,0.0,0.0,0.0,0.0,0.0,2681.5,0.0,12000.0,2681.5
8500,0.0,0.0,0.0,0.0,0.0,0.0,2913.8,0.0,12000.0,2913.8
8501,0.0,0.0,0.0,0.0,0.0,0.0,2622.5,0.0,12000.0,2622.5
8502,0.0,0.0,0.0,0.0,0.0,0.0,2828.6,0.0,12000.0,2828.6
8503,0.0,0.0,0.0,0.0,0.0,0.0,2840.1,0.0,12000.0,2840.1
8504,0.0,0.0,0.0,0.0,0.0,0.0,2815.1,0.0,12000.0,2815.1
8505,147.38334,0.0,0.0,0.0,0.0,0.0,2648.8381602,0.0,12000.0,2796.2215002
8506,189.06693,0.0,0.0,0.0,0.0,0.0,2711.6050779,0.0,12000.0,2900.6720079
8507,29.146806,0.0,0.0,0.0,0.0,0.0,2928.52759818,0.0,12000.0,2957.67440418
8508,29.573934,0.0,0.0,0.0,0.0,0.0,2832.51328402,0.0,12000.0,2862.08721802
8509,267.19641,0.0,0.0,0.0,0.0,0.0,2500.5194823,0.0,12000.0,2767.7158923
8510,106.27227,0.0,0.0,0.0,0.0,0.0,2582.5158981,0.0,12000.0,2688.7881681
8511,0.0,0.0,0.0,0.0,0.0,0.0,2774.5,0.0,12000.0,2774.5
8512,0.0,0.0,0.0,0.0,0.0,0.0,2721.7,0.0,12000.0,2721.7
8513,0.0,0.0,0.0,0.0,3107.67468499427,0.0,1.9060251099211099e-13,0.0,8440.23518328262,3107.67468499427
8514,0.0,0.0,0.0,0.0,2130.32531500573,0.0,918.725999999999,0.0,6000.0,3049.0513150057286
8515,0.0,0.0,0.0,0.0,0.0,0.0,2802.3,0.0,6000.0,2802.3
8516,0.0,0.0,0.0,0.0,0.0,0.0,2851.4,0.0,6000.0,2851.4
8517,0.0,0.0,0.0,0.0,0.0,0.0,2762.0,0.0,6000.0,2762.0
8518,0.0,0.0,0.0,0.0,0.0,0.0,2738.4,0.0,6000.0,2738.4
8519,0.0,0.0,0.0,0.0,0.0,0.0,2825.9,0.0,6000.0,2825.9
8520,0.0,0.0,0.0,0.0,0.0,0.0,2836.3,0.0,6000.0,2836.3
8521,0.0,0.0,0.0,0.0,0.0,0.0,2792.0,0.0,6000.0,2792.0
8522,0.0,0.0,0.0,0.0,0.0,0.0,2790.2,0.0,6000.0,2790.2
8523,0.0,0.0,0.0,0.0,0.0,0.0,2713.6,0.0,6000.0,2713.6
8524,0.0,0.0,0.0,0.0,0.0,0.0,2606.1,0.0,6000.0,2606.1
8525,0.0,0.0,0.0,0.0,0.0,0.0,2493.9,0.0,6000.0,2493.9
8526,0.0,0.0,0.0,0.0,0.0,0.0,2654.4,0.0,6000.0,2654.4
8527,0.0,0.0,0.0,0.0,0.0,0.0,2724.1,0.0,6000.0,2724.1
8528,0.0,0.0,0.0,0.0,0.0,0.0,2630.7,0.0,6000.0,2630.7
8529,0.0,0.0,0.0,0.0,0.0,0.0,2422.2,0.0,6000.0,2422.2
8530,64.78758,0.0,0.0,0.0,0.0,0.0,2621.0560474,0.0,6000.0,2685.8436274
8531,0.0,0.0,0.0,0.0,0.0,0.0,2794.1,0.0,6000.0,2794.1
8532,25.846236,0.0,0.0,0.0,0.0,0.0,2691.12915108,0.0,6000.0,2716.97538708
8533,203.60418,0.0,0.0,0.0,0.0,0.0,2457.2039454,0.0,6000.0,2660.8081254
8534,128.48589,0.0,0.0,0.0,0.0,0.0,2503.6686867,0.0,6000.0,2632.1545767
8535,0.0,0.0,0.0,0.0,0.0,0.0,2651.8,0.0,6000.0,2651.8
8536,0.0,0.0,0.0,0.0,0.0,0.0,2620.8,0.0,6000.0,2620.8
8537,0.0,0.0,0.0,0.0,0.0,0.0,2722.5,0.0,6000.0,2722.5
8538,0.0,0.0,0.0,0.0,0.0,0.0,2638.9,0.0,6000.0,2638.9
8539,0.0,0.0,0.0,0.0,0.0,0.0,2748.3,0.0,6000.0,2748.3
8540,0.0,0.0,0.0,0.0,0.0,0.0,2837.5,0.0,6000.0,2837.5
8541,0.0,0.0,0.0,0.0,0.0,0.0,2740.0,0.0,6000.0,2740.0
8542,0.0,0.0,0.0,0.0,0.0,0.0,2610.2,0.0,6000.0,2610.2
8543,0.0,0.0,0.0,0.0,0.0,0.0,2609.5,0.0,6000.0,2609.5
8544,0.0,0.0,0.0,0.0,0.0,0.0,2529.5,0.0,12000.0,2529.5
8545,0.0,0.0,0.0,0.0,0.0,0.0,2398.8,0.0,12000.0,2398.8
8546,0.0,0.0,0.0,0.0,0.0,0.0,2500.6,0.0,12000.0,2500.6
8547,0.0,0.0,0.0,0.0,0.0,0.0,2451.4,0.0,12000.0,2451.4
8548,0.0,0.0,0.0,0.0,0.0,0.0,2360.3,0.0,12000.0,2360.3
8549,0.0,0.0,0.0,0.0,0.0,0.0,2307.2,0.0,12000.0,2307.2
8550,0.0,0.0,0.0,0.0,0.0,0.0,2221.9,0.0,12000.0,2221.9
8551,0.0,0.0,0.0,0.0,0.0,0.0,2200.5,0.0,12000.0,2200.5
8552,0.0,0.0,0.0,0.0,0.0,0.0,2182.4,0.0,12000.0,2182.4
8553,40.55103,0.0,0.0,0.0,0.0,0.0,2166.6655009,0.0,12000.0,2207.2165309
8554,144.81714,0.0,0.0,0.0,0.0,0.0,2073.6273742,0.0,12000.0,2218.4445142
8555,686.7198,0.0,0.0,0.0,0.0,0.0,1515.181794,0.0,12000.0,2201.901594
8556,250.74894,0.0,0.0,0.0,0.0,0.0,1967.7735282,0.0,12000.0,2218.5224682000003
8557,303.49644,0.0,0.0,0.0,0.0,0.0,1891.0084532,0.0,12000.0,2194.5048932
8558,114.80898,0.0,0.0,0.0,2319.16986185567,0.0,-1.65955835985699e-13,0.0,9343.44803911149,2433.97884185567
8559,0.0,0.0,0.0,0.0,2410.08018327606,0.0,1.34793652121481e-13,0.0,6582.76054394991,2410.08018327606
8560,0.0,0.0,0.0,0.0,0.0,0.0,2003.3,0.0,6582.76054394991,2003.3
8561,0.0,0.0,0.0,0.0,508.74995486827,0.0,1690.3612894,0.0,6000.0,2199.11124426827
8562,0.0,0.0,0.0,0.0,0.0,0.0,2127.8,0.0,6000.0,2127.8
8563,0.0,0.0,0.0,0.0,0.0,0.0,2131.7,0.0,6000.0,2131.7
8564,0.0,0.0,0.0,0.0,0.0,0.0,2158.5,0.0,6000.0,2158.5
8565,0.0,0.0,0.0,0.0,0.0,0.0,2177.8,0.0,6000.0,2177.8
8566,0.0,0.0,0.0,0.0,0.0,0.0,2138.0,0.0,6000.0,2138.0
8567,0.0,0.0,0.0,0.0,0.0,0.0,2148.9,0.0,6000.0,2148.9
8568,0.0,0.0,0.0,0.0,0.0,0.0,2125.3,0.0,6000.0,2125.3
8569,0.0,0.0,0.0,0.0,0.0,0.0,2092.4,0.0,6000.0,2092.4
8570,0.0,0.0,0.0,0.0,0.0,0.0,2077.5,0.0,6000.0,2077.5
8571,0.0,0.0,0.0,0.0,0.0,0.0,2137.2,0.0,6000.0,2137.2
8572,0.0,0.0,0.0,0.0,0.0,0.0,2031.5,0.0,6000.0,2031.5
8573,0.0,0.0,0.0,0.0,0.0,0.0,2043.9,0.0,6000.0,2043.9
8574,0.0,0.0,0.0,0.0,0.0,0.0,2096.2,0.0,6000.0,2096.2
8575,0.0,0.0,0.0,0.0,0.0,0.0,2113.9,0.0,6000.0,2113.9
8576,0.0,0.0,0.0,0.0,0.0,0.0,2104.1,0.0,6000.0,2104.1
8577,79.25385,0.0,0.0,0.0,0.0,0.0,2041.3237655,0.0,6000.0,2120.5776155
8578,244.13844,0.0,0.0,0.0,0.0,0.0,1871.4857132,0.0,6000.0,2115.6241532
8579,413.7549,0.0,0.0,0.0,0.0,0.0,1702.557747,0.0,6000.0,2116.312647
8580,289.74114,0.0,0.0,0.0,0.0,0.0,1807.8510942,0.0,6000.0,2097.5922342
8581,361.72695,0.0,0.0,0.0,0.0,0.0,1795.2248585,0.0,6000.0,2156.9518085
8582,86.32962,0.0,0.0,0.0,0.0,0.0,2009.3602686,0.0,6000.0,2095.6898886
8583,0.0,0.0,0.0,0.0,0.0,0.0,2099.7,0.0,6000.0,2099.7
8584,0.0,0.0,0.0,0.0,0.0,0.0,2106.7,0.0,6000.0,2106.7
8585,0.0,0.0,0.0,0.0,0.0,0.0,2103.2,0.0,6000.0,2103.2
8586,0.0,0.0,0.0,0.0,0.0,0.0,2249.5,0.0,6000.0,2249.5
8587,0.0,0.0,0.0,0.0,0.0,0.0,2334.3,0.0,6000.0,2334.3
8588,0.0,0.0,0.0,0.0,0.0,0.0,2329.7,0.0,6000.0,2329.7
8589,0.0,0.0,0.0,0.0,0.0,0.0,2379.7,0.0,6000.0,2379.7
8590,0.0,0.0,0.0,0.0,0.0,0.0,2362.8,0.0,6000.0,2362.8
8591,0.0,0.0,0.0,0.0,0.0,0.0,2307.8,0.0,6000.0,2307.8
8592,0.0,0.0,0.0,0.0,0.0,0.0,2446.2,0.0,12000.0,2446.2
8593,0.0,0.0,0.0,0.0,0.0,0.0,2459.6,0.0,12000.0,2459.6
8594,0.0,0.0,0.0,0.0,0.0,0.0,2427.4,0.0,12000.0,2427.4
8595,0.0,0.0,0.0,0.0,0.0,0.0,2436.1,0.0,12000.0,2436.1
8596,0.0,0.0,0.0,0.0,0.0,0.0,2406.2,0.0,12000.0,2406.2
8597,0.0,0.0,0.0,0.0,0.0,0.0,2458.1,0.0,12000.0,2458.1
8598,0.0,0.0,0.0,0.0,0.0,0.0,2558.8,0.0,12000.0,2558.8
8599,0.0,0.0,0.0,0.0,0.0,0.0,2618.5,0.0,12000.0,2618.5
8600,0.0,0.0,0.0,0.0,0.0,0.0,2612.1,0.0,12000.0,2612.1
8601,26.015457,0.0,0.0,0.0,0.0,0.0,2617.36500671,0.0,12000.0,2643.38046371
8602,44.05518,0.0,0.0,0.0,0.0,0.0,2636.6664754,0.0,12000.0,2680.7216554
8603,65.5395,0.0,0.0,0.0,0.0,0.0,2595.826685,0.0,12000.0,2661.366185
8604,2367.9591,0.0,0.0,0.0,0.0,0.0,394.279673,0.0,12000.0,2762.238773
8605,402.7842,0.0,0.0,0.0,0.0,0.0,2276.899326,0.0,12000.0,2679.6835260000003
8606,0.0,0.0,0.0,0.0,0.0,0.0,2612.8,0.0,12000.0,2612.8
8607,0.0,0.0,0.0,0.0,0.0,0.0,2628.2,0.0,12000.0,2628.2
8608,0.0,0.0,0.0,0.0,0.0,0.0,2628.6,0.0,12000.0,2628.6
8609,0.0,0.0,0.0,0.0,0.0,0.0,2564.2,0.0,12000.0,2564.2
8610,0.0,0.0,0.0,0.0,0.0,0.0,2555.0,0.0,12000.0,2555.0
8611,0.0,0.0,0.0,0.0,0.0,0.0,2572.3,0.0,12000.0,2572.3
8612,0.0,0.0,0.0,0.0,0.0,0.0,2463.8,0.0,12000.0,2463.8
8613,0.0,0.0,0.0,0.0,0.0,0.0,2399.9,0.0,12000.0,2399.9
8614,0.0,0.0,0.0,0.0,0.0,0.0,2564.6,0.0,12000.0,2564.6
8615,0.0,0.0,0.0,0.0,0.0,0.0,2542.5,0.0,12000.0,2542.5
8616,0.0,0.0,0.0,0.0,0.0,0.0,2596.9,0.0,12000.0,2596.9
8617,0.0,0.0,0.0,0.0,0.0,0.0,2593.3,0.0,12000.0,2593.3
8618,0.0,0.0,0.0,0.0,0.0,0.0,2585.0,0.0,12000.0,2585.0
8619,0.0,0.0,0.0,0.0,0.0,0.0,2584.6,0.0,12000.0,2584.6
8620,0.0,0.0,0.0,0.0,0.0,0.0,2521.8,0.0,12000.0,2521.8
8621,0.0,0.0,0.0,0.0,0.0,0.0,2442.3,0.0,12000.0,2442.3
8622,0.0,0.0,0.0,0.0,0.0,0.0,2345.3,0.0,12000.0,2345.3
8623,0.0,0.0,0.0,0.0,0.0,0.0,2221.4,0.0,12000.0,2221.4
8624,0.0,0.0,0.0,0.0,0.0,0.0,2235.1,0.0,12000.0,2235.1
8625,8.686548,0.0,0.0,0.0,0.0,0.0,2195.57404844,0.0,12000.0,2204.26059644
8626,284.41881,0.0,0.0,0.0,813.497686025201,0.0,1288.2302744,0.0,11068.1584352518,2386.146770425201
8627,600.444,0.0,0.0,0.0,1958.2695532646,0.0,1.2800906207503401e-14,0.0,8825.0088897024,2558.7135532646
8628,43.89567,0.0,0.0,0.0,2466.2327607102,0.0,5.44031180295516e-14,0.0,6000.0,2510.1284307102
8629,322.95822,0.0,0.0,0.0,0.0,0.0,1992.1305266,0.0,6000.0,2315.0887466
8630,0.0,0.0,0.0,0.0,0.0,0.0,2227.9,0.0,6000.0,2227.9
8631,0.0,0.0,0.0,0.0,0.0,0.0,2201.9,0.0,6000.0,2201.9
8632,0.0,0.0,0.0,0.0,0.0,0.0,2308.6,0.0,6000.0,2308.6
8633,0.0,0.0,0.0,0.0,0.0,0.0,2289.4,0.0,6000.0,2289.4
8634,0.0,0.0,0.0,0.0,0.0,0.0,2311.2,0.0,6000.0,2311.2
8635,0.0,0.0,0.0,0.0,0.0,0.0,2243.2,0.0,6000.0,2243.2
8636,0.0,0.0,0.0,0.0,0.0,0.0,2256.7,0.0,6000.0,2256.7
8637,0.0,0.0,0.0,0.0,0.0,0.0,2355.8,0.0,6000.0,2355.8
8638,0.0,0.0,0.0,0.0,0.0,0.0,2294.3,0.0,6000.0,2294.3
8639,0.0,0.0,0.0,0.0,0.0,0.0,2316.7,0.0,6000.0,2316.7
8640,0.0,0.0,0.0,0.0,0.0,0.0,2305.8,0.0,12000.0,2305.8
8641,0.0,0.0,0.0,0.0,0.0,0.0,2281.8,0.0,12000.0,2281.8
8642,0.0,0.0,0.0,0.0,0.0,0.0,2229.2,0.0,12000.0,2229.2
8643,0.0,0.0,0.0,0.0,0.0,0.0,2238.6,0.0,12000.0,2238.6
8644,0.0,0.0,0.0,0.0,0.0,0.0,2310.5,0.0,12000.0,2310.5
8645,0.0,0.0,0.0,0.0,0.0,0.0,2209.3,0.0,12000.0,2209.3
8646,0.0,0.0,0.0,0.0,0.0,0.0,2273.5,0.0,12000.0,2273.5
8647,0.0,0.0,0.0,0.0,0.0,0.0,2335.2,0.0,12000.0,2335.2
8648,0.0,0.0,0.0,0.0,0.0,0.0,2478.6,0.0,12000.0,2478.6
8649,37.831911,0.0,0.0,0.0,0.0,0.0,2328.20304633,0.0,12000.0,2366.03495733
8650,569.5716,0.0,0.0,0.0,0.0,0.0,1781.615548,0.0,12000.0,2351.187148
8651,559.3575,0.0,0.0,0.0,0.0,0.0,1831.923225,0.0,12000.0,2391.280725
8652,249.90459,0.0,0.0,0.0,0.0,0.0,2019.0925477,0.0,12000.0,2268.9971377
8653,1845.9597,0.0,0.0,0.0,0.0,0.0,403.519091000001,0.0,12000.0,2249.4787910000014
8654,299.92794,0.0,0.0,0.0,0.0,0.0,1856.3698982,0.0,12000.0,2156.2978382
8655,0.0,0.0,0.0,0.0,0.0,0.0,2316.1,0.0,12000.0,2316.1
8656,0.0,0.0,0.0,0.0,0.0,0.0,2393.6,0.0,12000.0,2393.6
8657,0.0,0.0,0.0,0.0,0.0,0.0,2368.8,0.0,12000.0,2368.8
8658,0.0,0.0,0.0,0.0,0.0,0.0,2340.7,0.0,12000.0,2340.7
8659,0.0,0.0,0.0,0.0,0.0,0.0,2286.3,0.0,12000.0,2286.3
8660,0.0,0.0,0.0,0.0,0.0,0.0,2363.7,0.0,12000.0,2363.7
8661,0.0,0.0,0.0,0.0,0.0,0.0,2366.3,0.0,12000.0,2366.3
8662,0.0,0.0,0.0,0.0,0.0,0.0,2369.5,0.0,12000.0,2369.5
8663,0.0,0.0,0.0,0.0,0.0,0.0,2430.0,0.0,12000.0,2430.0
8664,0.0,0.0,0.0,0.0,0.0,0.0,2465.6,0.0,12000.0,2465.6
8665,0.0,0.0,0.0,0.0,0.0,0.0,2274.7,0.0,12000.0,2274.7
8666,0.0,0.0,0.0,0.0,0.0,0.0,2657.3,0.0,12000.0,2657.3
8667,0.0,0.0,0.0,0.0,0.0,0.0,2685.6,0.0,12000.0,2685.6
8668,0.0,0.0,0.0,0.0,0.0,0.0,2612.4,0.0,12000.0,2612.4
8669,0.0,0.0,0.0,0.0,0.0,0.0,2576.6,0.0,12000.0,2576.6
8670,0.0,0.0,0.0,0.0,0.0,0.0,2750.6,0.0,12000.0,2750.6
8671,0.0,0.0,0.0,0.0,0.0,0.0,2828.5,0.0,12000.0,2828.5
8672,0.0,0.0,0.0,0.0,0.0,0.0,2674.5,0.0,12000.0,2674.5
8673,74.97633,0.0,0.0,0.0,0.0,0.0,2676.1729599,0.0,12000.0,2751.1492899
8674,232.02543,0.0,0.0,0.0,0.0,0.0,2586.9353329,0.0,12000.0,2818.9607629
8675,676.7358,0.0,0.0,0.0,0.0,0.0,2128.966274,0.0,12000.0,2805.702074
8676,338.30355,0.0,0.0,0.0,0.0,0.0,2445.4455565,0.0,12000.0,2783.7491065
8677,189.68079,0.0,0.0,0.0,0.0,0.0,2623.4096337,0.0,12000.0,2813.0904237
8678,120.74712,0.0,0.0,0.0,0.0,0.0,2656.0752936,0.0,12000.0,2776.8224136
8679,0.0,0.0,0.0,0.0,0.0,0.0,2778.7,0.0,12000.0,2778.7
8680,0.0,0.0,0.0,0.0,0.0,0.0,2823.7,0.0,12000.0,2823.7
8681,0.0,0.0,0.0,0.0,0.0,0.0,2848.4,0.0,12000.0,2848.4
8682,0.0,0.0,0.0,0.0,0.0,0.0,2815.1,0.0,12000.0,2815.1
8683,0.0,0.0,0.0,0.0,3118.90034364261,0.0,-7.2221517044748e-14,0.0,8427.37646776333,3118.90034364261
8684,0.0,0.0,0.0,0.0,0.0,0.0,2734.3,0.0,8427.37646776333,2734.3
8685,0.0,0.0,0.0,0.0,0.0,0.0,2688.4,0.0,8427.37646776333,2688.4
8686,0.0,0.0,0.0,0.0,2119.09965635739,0.0,854.526,0.0,6000.0,2973.6256563573897
8687,0.0,0.0,0.0,0.0,0.0,0.0,2667.0,0.0,6000.0,2667.0
8688,0.0,0.0,0.0,0.0,0.0,0.0,2603.1,0.0,12000.0,2603.1
8689,0.0,0.0,0.0,0.0,0.0,0.0,2629.3,0.0,12000.0,2629.3
8690,0.0,0.0,0.0,0.0,0.0,0.0,2608.9,0.0,12000.0,2608.9
8691,0.0,0.0,0.0,0.0,0.0,0.0,2543.0,0.0,12000.0,2543.0
8692,0.0,0.0,0.0,0.0,0.0,0.0,2512.3,0.0,12000.0,2512.3
8693,0.0,0.0,0.0,0.0,0.0,0.0,2468.3,0.0,12000.0,2468.3
8694,0.0,0.0,0.0,0.0,0.0,0.0,2655.3,0.0,12000.0,2655.3
8695,0.0,0.0,0.0,0.0,0.0,0.0,2692.8,0.0,12000.0,2692.8
8696,0.0,0.0,0.0,0.0,0.0,0.0,2700.9,0.0,12000.0,2700.9
8697,29.80107,0.0,0.0,0.0,0.0,0.0,2629.3929621,0.0,12000.0,2659.1940321
8698,66.66075,0.0,0.0,0.0,0.0,0.0,2695.8390725,0.0,12000.0,2762.4998225
8699,0.0,0.0,0.0,0.0,0.0,0.0,2814.4,0.0,12000.0,2814.4
8700,942.63,0.0,0.0,0.0,0.0,0.0,1778.0489,0.0,12000.0,2720.6789
8701,246.22845,0.0,0.0,0.0,0.0,0.0,2469.0584035,0.0,12000.0,2715.2868535
8702,115.61082,0.0,0.0,0.0,0.0,0.0,2566.7575046,0.0,12000.0,2682.3683246
8703,0.0,0.0,0.0,0.0,0.0,0.0,2796.3,0.0,12000.0,2796.3
8704,0.0,0.0,0.0,0.0,0.0,0.0,2779.5,0.0,12000.0,2779.5
8705,0.0,0.0,0.0,0.0,0.0,0.0,2797.4,0.0,12000.0,2797.4
8706,0.0,0.0,0.0,0.0,3251.20274914089,0.0,1.0263648197852999e-13,0.0,8275.82732057172,3251.20274914089
8707,0.0,0.0,0.0,0.0,1986.79725085911,0.0,1073.426,0.0,6000.0,3060.2232508591096
8708,0.0,0.0,0.0,0.0,0.0,0.0,2878.5,0.0,6000.0,2878.5
8709,0.0,0.0,0.0,0.0,0.0,0.0,2746.4,0.0,6000.0,2746.4
8710,0.0,0.0,0.0,0.0,0.0,0.0,2638.3,0.0,6000.0,2638.3
8711,0.0,0.0,0.0,0.0,0.0,0.0,2658.1,0.0,6000.0,2658.1
8712,0.0,0.0,0.0,0.0,0.0,0.0,2587.6,0.0,6000.0,2587.6
8713,0.0,0.0,0.0,0.0,0.0,0.0,2575.5,0.0,6000.0,2575.5
8714,0.0,0.0,0.0,0.0,0.0,0.0,2598.5,0.0,6000.0,2598.5
8715,0.0,0.0,0.0,0.0,0.0,0.0,2535.9,0.0,6000.0,2535.9
8716,0.0,0.0,0.0,0.0,0.0,0.0,2512.2,0.0,6000.0,2512.2
8717,0.0,0.0,0.0,0.0,0.0,0.0,2487.3,0.0,6000.0,2487.3
8718,0.0,0.0,0.0,0.0,0.0,0.0,2676.4,0.0,6000.0,2676.4
8719,0.0,0.0,0.0,0.0,0.0,0.0,2627.2,0.0,6000.0,2627.2
8720,0.0,0.0,0.0,0.0,0.0,0.0,2691.6,0.0,6000.0,2691.6
8721,43.59654,0.0,0.0,0.0,0.0,0.0,2654.5113562,0.0,6000.0,2698.1078962
8722,146.4255,0.0,0.0,0.0,0.0,0.0,2597.667265,0.0,6000.0,2744.092765
8723,128.91138,0.0,0.0,0.0,0.0,0.0,2622.5559614,0.0,6000.0,2751.4673414
8724,396.0099,0.0,0.0,0.0,0.0,0.0,2336.470397,0.0,6000.0,2732.480297
8725,205.40013,0.0,0.0,0.0,0.0,0.0,2425.3618739,0.0,6000.0,2630.7620039
8726,61.70346,0.0,0.0,0.0,0.0,0.0,2676.8476438,0.0,6000.0,2738.5511038
8727,0.0,0.0,0.0,0.0,0.0,0.0,2724.9,0.0,6000.0,2724.9
8728,0.0,0.0,0.0,0.0,0.0,0.0,2703.0,0.0,6000.0,2703.0
8729,0.0,0.0,0.0,0.0,0.0,0.0,2756.8,0.0,6000.0,2756.8
8730,0.0,0.0,0.0,0.0,0.0,0.0,2675.2,0.0,6000.0,2675.2
8731,0.0,0.0,0.0,0.0,0.0,0.0,2510.7,0.0,6000.0,2510.7
8732,0.0,0.0,0.0,0.0,0.0,0.0,2496.7,0.0,6000.0,2496.7
8733,0.0,0.0,0.0,0.0,0.0,0.0,2575.0,0.0,6000.0,2575.0
8734,0.0,0.0,0.0,0.0,0.0,0.0,2427.5,0.0,6000.0,2427.5
8735,0.0,0.0,0.0,0.0,0.0,0.0,2349.6,0.0,6000.0,2349.6
